X44	X23	X43	X9	X27	X29	X7	X41	X34	X3	X45	X46	X26	X33	X16	X37	X40	X15	X47	X1	X18	X32	X12	X10	X19	X14	X42	X36	X28	X35	X5	X39	X48	X17	X50	X30	X25	X38	X4	X22	X13	X8	X2	X20	X31	X21	X49	X11	X6	X24
1.653687	-1.616521	1.289311	0.932402	-0.588737	0.545889	-0.052120	0.832100	1.161696	0.773048	-1.072820	-0.608554	1.475442	1.175123	-2.290712	-2.027676	-1.110619	1.906022	1.535445	-0.751690	-2.260451	0.565565	0.586356	-0.493070	0.070363	1.671458	-1.259951	-0.279046	1.966087	-1.561601	-1.213464	-1.885720	1.499184	-1.506338	-0.121627	-1.178550	-0.037024	1.282072	-0.158311	-0.366472	-0.376615	1.196509	0.686347	-0.575356	-0.401058	-1.085076	0.627823	1.960301	-0.824448	-0.789479
-1.853062	-1.884965	-1.146818	0.568744	0.215939	-3.738608	0.292348	0.097771	-0.043164	-0.591463	-1.463391	1.076098	-1.650028	0.688395	0.596372	-0.428720	-2.102997	-0.604974	-1.386141	-0.019453	2.263977	-1.186809	-1.238759	-2.566027	-1.311014	-0.675171	-0.452707	0.057283	-0.310983	1.466232	2.993626	1.651409	0.036936	3.465619	1.209038	-0.050666	0.985972	-1.506792	0.418835	1.347985	-1.719865	-0.797614	0.161499	2.039061	1.574262	-1.843116	-0.885206	-1.985863	-1.289891	-0.081057
0.646498	2.118702	2.913962	0.967901	-0.288520	-0.824156	-0.117364	0.266512	-0.818764	3.979873	-1.250784	0.981556	0.712764	0.723246	-2.031355	2.237100	0.956055	0.125777	3.005576	0.310752	-1.403730	0.535565	-0.031578	1.804494	-1.220620	1.371148	-1.832091	4.433877	0.425284	-1.724340	-0.725283	-1.986434	0.768426	0.734312	2.689113	-0.544349	-0.233235	0.845441	1.019655	0.932091	1.743376	1.019145	-2.186501	-1.053811	1.548534	0.343573	0.167485	0.179755	2.686922	-0.361514
0.395462	-0.788280	0.733397	0.571107	-1.407444	-0.801953	-1.824079	-1.983593	0.486232	1.440358	0.138786	1.634452	-3.075164	-0.762477	0.274504	0.904990	-3.001980	-2.533719	0.924084	0.254223	0.319293	0.022017	-2.285367	-2.734842	-0.782509	-0.197653	-0.177572	2.526003	0.556745	-0.811891	0.007803	-0.317078	0.404498	-1.186548	0.093842	-0.367729	1.592753	-0.295751	1.043693	1.974925	1.084276	-2.085919	-2.624074	3.617936	0.572761	0.098631	-1.202341	-0.138392	0.801671	0.939950
0.471891	1.197079	-0.119057	0.639740	-2.037776	-0.987130	-2.805363	-1.043704	-0.125024	1.585762	-1.638257	1.693259	-0.091906	0.391054	-0.895742	3.399051	0.150069	-2.354125	-0.354715	-0.832540	-1.913033	0.580178	-0.070941	3.277772	1.189094	2.692220	1.062729	-4.643860	0.695906	1.315047	-0.037192	0.021028	0.675881	-0.284047	1.260774	0.624734	1.243626	1.234634	1.766999	2.543101	-0.105064	-0.970500	1.971687	0.584355	-2.172654	0.450315	0.450069	-0.518591	-0.330178	-0.659156
-3.424473	1.046609	1.090747	-0.680131	1.702997	0.491984	-0.765925	0.566020	1.153260	0.014534	-0.521269	1.258303	-2.062284	-1.196841	0.793367	0.628854	0.104054	-0.413191	2.905236	0.221235	-1.552556	-0.598957	1.092160	-0.576642	-0.729441	-0.430586	0.101116	-0.431768	-0.877579	-1.552567	-0.518232	-1.973937	1.376958	1.413628	-1.110204	0.325282	2.176512	0.231167	1.216926	4.651028	1.624293	1.964386	-1.144287	1.837528	-1.757537	0.703914	-0.311679	0.582453	3.056094	-1.334811
1.338570	1.173003	-1.759155	-1.564912	1.266200	2.061942	-0.947117	-0.226867	-0.956366	1.580562	-0.453128	-0.701511	0.352706	-0.560514	1.130201	-3.797531	0.201843	-0.946117	-1.319273	0.128825	-1.228926	0.433467	0.806666	-1.108511	1.148477	-0.370248	2.525746	0.611605	1.022017	-0.381206	-0.575444	0.409186	-1.180852	-0.433726	-0.103083	0.068620	-0.725714	0.510682	-0.391959	0.960206	0.342630	2.265139	1.504045	-0.456570	-2.236087	0.601189	0.045565	-0.092817	0.433482	-0.534348
2.164857	1.006229	3.697117	1.690823	1.277644	0.426742	-0.731058	0.364772	1.474886	2.846604	-1.672805	-0.960737	2.010043	-1.043323	2.200726	1.673373	-0.583723	1.100965	3.329053	1.216354	2.364123	-0.623329	-0.213468	1.922458	-2.206674	1.075052	-1.463111	-1.828244	0.926930	-1.370031	-2.169242	-1.109207	1.188052	1.761135	0.685986	0.139772	-1.382794	-1.324718	-1.049226	-0.953132	1.766859	2.731275	-1.354612	-2.837530	2.168205	2.068351	-0.104381	-0.276664	1.591080	-0.069476
0.242363	-3.483066	0.674386	0.652443	0.593785	0.219477	0.419117	-1.076418	0.249136	0.740007	-0.319661	0.684762	-0.090803	1.564767	-0.633179	0.285315	0.076201	-0.154690	-0.643968	0.027154	-1.827563	0.229944	-1.295277	1.641936	-1.133676	0.879480	-1.020126	1.269755	0.417441	0.318102	-1.631143	-0.522548	0.104193	-0.958095	-0.829275	0.749424	1.122002	-0.415629	0.001926	2.105369	-0.530074	-2.796587	-0.024190	-0.212134	-0.353895	-1.302264	-0.071146	-1.324889	-2.386641	2.137561
-0.348041	0.494919	-0.493956	-1.754150	0.939990	0.451121	-3.064104	0.071991	1.426529	-0.314542	0.217145	-1.017025	-1.098500	-0.086385	1.563072	1.344450	0.973103	-2.979154	-1.114267	-0.808832	1.363156	-0.210190	0.048568	-0.624510	-0.125789	-0.357003	-0.842106	0.707705	-0.835625	-0.930064	-2.796684	-0.126209	0.415849	-2.259498	-3.883131	0.119330	-0.890743	-0.052054	0.867549	-0.600676	-1.175553	-1.999723	0.201035	-0.166569	0.613456	0.254982	-1.713425	-1.364208	0.899313	-0.661944
-0.814514	1.643523	-2.666661	0.392235	0.866688	-0.255315	4.140444	1.450363	-0.608202	0.463319	-0.465995	1.126967	1.683286	-0.132448	1.141728	-3.327675	-0.191643	1.822386	-1.521385	-1.246328	0.144312	1.655600	1.341968	2.503205	-0.319229	-1.670317	-0.026594	-0.805296	-0.809002	1.745163	1.557179	1.232317	-1.972970	1.748609	0.289481	-0.681456	2.704752	-0.369812	0.998349	1.773794	-0.287940	1.901442	0.718248	-0.817582	-1.058996	1.186448	0.397193	-0.843469	1.280746	2.972896
0.947658	0.688279	-0.310847	1.092449	1.485136	-2.865240	0.871952	-0.116121	-2.615072	0.803029	0.129703	-0.264518	0.823892	0.274123	0.648751	1.411322	-1.635255	1.741186	-1.354555	0.684274	2.020632	1.099729	-0.607416	4.301499	-0.336043	-1.103186	-1.516200	-0.854777	0.100906	0.460646	0.084194	0.640312	-0.738369	-1.436017	-0.488455	1.377434	1.790222	-0.586609	0.520939	0.123272	0.510510	-1.361613	-0.504674	0.238396	0.700920	0.141347	-0.677120	0.558486	-0.873227	1.206612
1.382542	-1.652362	-1.117472	1.619657	-0.371550	0.697277	-1.433463	0.682850	-0.913771	1.030916	1.802756	-1.016121	0.137835	-0.258021	-1.338666	-0.709603	-1.237870	-0.282604	0.032496	-1.103860	2.398462	2.087716	-0.942872	2.166138	0.064273	-0.657416	-1.837358	0.700916	0.531125	0.412474	0.488093	-1.225297	1.319147	-0.857076	-0.138496	0.444484	0.804436	-0.649308	0.712361	-0.812411	-0.057775	0.043928	-0.118152	-0.875204	2.500834	-1.103751	1.014856	1.139072	0.961846	1.202942
-1.191009	0.248656	-0.179951	-1.143629	-2.280391	0.575043	0.018233	-1.213941	0.080326	0.074310	1.401218	0.755944	-1.550402	-0.448223	0.916965	-0.509872	1.365559	0.369801	-0.306123	1.304648	0.285742	-1.762744	-0.975763	0.261822	-0.209617	-0.267434	0.247155	2.323842	-1.531228	0.052971	1.677145	0.319340	-1.576021	0.643706	1.882207	0.429231	0.847977	0.437902	1.150430	1.093333	-0.398303	0.655953	1.214796	3.632971	0.384987	-0.274921	0.828268	2.582664	-1.820104	0.356387
-0.332825	1.242115	1.504312	-1.141929	0.892106	1.939030	-0.762531	2.567203	0.910191	-0.225010	-2.497710	-0.604187	-0.410215	3.687741	-1.671620	2.016675	0.433747	0.140148	1.595468	1.005747	-0.661208	-0.508070	3.353262	-4.186129	-0.152218	-0.197487	-1.662599	1.752198	0.825099	-0.305231	1.983717	-1.136296	0.535548	-0.070455	2.135755	-0.751836	-0.919670	-0.059157	-1.522510	1.176433	-0.939230	2.096426	-0.348760	0.067979	-4.036011	1.411966	0.322651	-1.183392	1.864250	-0.424523
-0.298013	0.968370	0.105611	-0.819116	1.097652	0.023797	2.090926	0.200933	-0.082972	-0.275632	0.473623	-0.572419	-0.867483	0.679005	-1.865095	0.263203	0.430620	3.303530	1.831925	-0.359633	1.318909	-0.648016	1.287662	1.224893	-1.711314	-0.686644	-0.398925	-1.644267	-0.518493	0.207919	-0.170398	1.377727	-0.281414	0.243562	-0.638895	0.985002	0.608158	-0.732064	-1.743739	0.902793	0.786929	0.960532	0.459923	1.479711	1.184776	1.457744	1.918488	-1.889832	-0.327768	-0.733308
-2.086355	-0.211303	-1.103394	-1.090139	0.180242	0.224282	0.305605	1.137554	0.097580	-3.085461	-1.826177	0.271619	0.062423	1.772699	1.061704	1.660184	0.744970	-1.279618	-0.293364	-1.656533	0.816415	0.747725	0.899170	-0.979673	-0.196893	0.050782	0.097139	2.191615	-0.632853	1.458743	-0.198519	2.070560	0.638225	-0.459615	-0.941074	0.132440	-0.197460	-0.399711	-0.141814	1.539969	0.520897	0.037818	0.170810	0.449316	-2.486900	0.927324	0.753893	-1.192709	2.678168	0.458578
-2.233890	-0.707403	-0.322667	-1.672940	0.792826	1.970990	0.101644	-0.651207	-2.198868	-0.761264	1.454207	2.774890	-0.398865	-0.016084	-1.702299	-0.510603	-0.083487	0.229169	0.459187	-0.901887	1.774295	-0.049320	-0.272991	-0.727504	-0.991082	0.340429	0.444259	2.659512	-2.046064	-1.784717	2.280765	-0.898449	-0.460163	0.737143	-0.186655	-0.964408	1.479027	-0.638715	-1.218042	1.293710	0.761400	0.387296	1.099637	0.647177	1.012020	-1.237588	-1.319206	-0.262631	0.768461	-0.213999
3.852356	0.064148	1.209793	2.400436	0.575075	-1.897824	-0.856841	1.240716	0.261166	2.605362	-1.743912	-1.890832	0.373873	-2.907345	-0.092788	-1.998802	1.317566	-0.959836	2.333874	0.198856	1.341138	0.218171	1.533585	-0.895503	1.237673	1.073041	-0.051223	-0.170387	1.622301	-1.866467	-2.299794	-1.626669	1.762213	-2.635701	-1.488233	1.177661	-2.148136	0.624435	-0.346226	-1.064340	-0.274345	3.044044	0.758834	-1.173362	0.616962	1.955770	0.345303	-0.321986	0.071414	0.033129
-0.203794	-1.330577	-2.232591	1.193553	-0.267531	-0.919142	1.467651	1.680778	-0.246664	0.427317	-1.430487	-0.351440	0.634457	0.090742	0.405670	-0.926032	-1.430378	2.153682	-0.999459	-2.113364	-4.897000	1.344985	1.733640	-4.366754	0.657133	1.054726	0.942339	1.687841	-0.541016	1.454327	0.825354	0.233634	-0.493215	2.033723	0.349043	1.704313	0.925440	0.403688	-0.621255	-0.257635	1.836970	-0.562121	-0.693139	-1.023732	-4.647632	-0.451226	1.381585	0.334459	1.174383	1.060973
-0.415195	1.927796	0.388215	0.883199	0.850150	2.312987	-1.101693	1.708945	0.040827	0.891358	-1.320937	-0.235479	1.322466	-2.580198	0.388449	1.726574	1.642801	-0.981086	1.473453	0.419839	2.172710	-0.300566	0.665137	-1.407121	-0.598489	-1.297847	-0.666429	0.590382	-0.124181	0.565079	0.781069	-0.432413	1.994534	-0.994763	0.654019	-0.327743	-0.786824	0.201919	-2.059268	1.178928	-0.123528	2.478100	1.531184	-2.031169	2.802443	1.851863	-1.710784	-1.442959	1.146731	-0.764615
1.846601	0.167096	1.088786	2.601156	-2.029350	-0.054719	-1.512345	1.604056	0.290818	-0.686236	1.528199	1.109581	-0.221158	-1.267922	-1.144234	-1.765703	0.013677	-1.999972	0.394411	-0.224491	1.554366	-0.266043	0.126543	-0.649974	-1.678257	0.009649	0.342608	-1.703525	0.418357	0.099504	-0.280938	-2.559688	2.461411	-0.102389	0.245945	0.895561	0.896653	-1.424468	-0.819676	-0.419221	-0.483736	-2.415830	0.033477	-0.969266	2.502289	-1.105714	-2.110546	-0.984947	0.562223	-0.374338
0.069720	3.140939	-1.480901	-0.183330	0.919615	2.312699	0.238262	1.877857	0.832942	-0.744512	0.217383	-1.356751	2.699624	-0.588612	-0.809796	-1.354145	1.313267	-0.740977	-0.726466	-0.659312	1.528391	1.641771	1.336733	3.483136	0.081077	-1.056525	-1.694808	-3.046863	0.970506	1.111392	0.068387	0.119660	0.426723	1.704563	-0.310545	-0.001883	-1.656345	-0.186269	1.682684	0.504240	-1.234389	0.114005	-0.270775	-1.070080	0.865362	1.397271	-0.366603	-0.475653	-3.132725	1.529112
0.924709	-1.654816	-0.722266	1.368982	1.621512	-1.493085	0.156606	-1.999141	1.634721	0.947929	-0.442260	-1.286730	1.185935	-0.655069	0.501682	0.021668	-1.618927	-0.900113	0.134212	0.461854	0.390148	0.643803	-2.662039	5.038420	0.053127	-0.903153	1.097946	3.005883	0.042380	1.023366	1.164056	0.929865	-1.843805	2.055984	-1.833888	-0.379025	-0.482539	-0.032429	0.011900	0.645795	-1.944928	0.377632	-0.381877	-1.726736	1.231377	-1.166404	-0.629602	0.619063	1.551477	0.401664
1.080519	-2.255720	3.638388	2.675032	0.643249	0.620228	0.652216	2.157295	-1.199824	1.226523	2.180865	1.419378	1.272119	-0.237095	-1.110492	4.300000	-0.091257	0.395374	2.871004	0.885210	1.600151	1.108680	0.414580	1.147236	-1.357162	0.848840	-0.314542	1.075651	-0.068196	-1.005943	1.762929	-2.332926	0.880189	1.091300	0.943589	0.398083	1.831575	-0.424748	2.203709	-1.168167	1.271967	2.044102	-1.774009	-0.948909	1.627862	-1.957833	0.062672	1.850342	-0.618635	0.483129
-1.659302	-0.291607	-0.228715	-1.901642	0.588900	0.476469	-2.963457	-1.956419	0.284696	1.869595	-0.505286	0.978496	-1.576738	-1.196362	-1.566809	-0.038419	1.559834	-1.365511	-0.266152	-1.056580	-1.160436	0.551033	-1.352155	2.114784	2.019645	0.345012	-1.147596	0.034206	-0.696884	0.905628	-0.402748	0.815231	-0.179477	-1.057975	0.453937	-0.986648	1.745370	2.327982	-2.914417	1.857974	-0.593498	0.558289	0.735012	0.040852	-2.609200	-0.265434	1.275805	1.597772	-1.915490	-0.605966
1.490035	1.241551	-1.625889	0.807090	1.103038	-0.260394	-0.954760	-1.023799	0.850051	-1.513969	0.323883	-1.905980	-0.365093	1.636973	1.147461	0.483421	-0.540067	-0.199542	-1.589152	-1.587502	-0.758034	2.018242	-0.479767	1.840249	1.803683	1.832510	2.436515	0.143319	0.109286	0.429113	0.249171	-0.198174	0.888824	-1.252701	1.192905	1.352997	-2.877195	0.945717	-1.670602	-4.736042	-0.037940	-0.249358	-0.497120	-0.077794	-0.747686	0.027646	0.723904	-1.562373	-0.318646	1.120736
0.316556	-0.538596	-1.016020	0.601447	0.408189	-0.269626	-2.244507	-2.510472	1.113159	-1.708116	-0.748260	0.121578	-0.693181	1.396131	-0.559313	-1.484243	-0.738588	-1.874651	-2.476686	-1.484454	-1.182180	2.315004	-2.328970	0.389851	-0.243318	0.003815	0.936604	1.906795	1.493472	-1.731787	0.345283	-1.162437	-0.075463	1.180302	-2.423522	-0.819392	1.096555	0.268483	1.202935	1.877251	0.118962	-2.573022	0.264745	-0.316588	-0.180778	-1.622103	-0.388484	0.370263	1.113335	-1.935269
-0.201104	1.187555	-0.305679	-3.338991	-1.352278	1.788276	-0.951908	0.861756	-0.390916	2.385842	-0.545487	1.364015	0.350481	1.081336	0.493189	-1.223631	1.399284	-0.443007	-1.026321	1.819119	-1.521614	-2.389232	0.857031	-1.652243	1.012696	0.519144	-0.237564	1.336621	-1.789068	0.474025	-0.128288	3.401663	2.367545	-0.948234	-0.837130	-1.927819	0.076235	0.366179	0.225949	0.346081	0.053382	0.466394	1.225328	-1.458759	0.233981	0.964840	-0.999602	-0.938068	0.822387	-0.561802
-3.113618	-2.457740	-1.231656	-2.162076	0.933401	-1.725300	-0.829534	-0.978987	-0.789197	-2.493563	2.021487	-0.804918	-1.258576	-0.314709	-0.112447	-2.455798	-0.405710	0.421527	-0.346071	0.513410	0.085270	-1.400662	-0.520548	1.416013	0.218294	2.125097	0.988112	1.702897	-1.294003	0.298600	3.322040	0.890582	-0.976054	1.387462	0.305211	-0.689600	-0.400899	0.161383	-1.953573	0.026678	-1.811491	1.318821	0.254960	0.812112	1.722638	-0.297607	0.717251	0.939033	-1.542255	-0.516741
0.342103	0.207008	1.190155	-1.835998	1.219466	-0.431984	-0.687443	0.705085	0.947416	3.362682	-0.354438	0.211505	1.679546	2.083773	-0.170285	2.583392	0.046574	0.856812	1.013449	0.992212	1.355744	0.034096	1.020341	-0.441830	-1.907223	-0.690699	-1.624030	-0.288665	-1.090240	-2.231372	0.145198	-0.453570	0.545193	-0.951472	0.270371	-0.751243	0.386530	-1.124990	1.007793	0.940144	0.807845	0.536048	-0.716786	-1.045217	1.545190	-1.010745	-0.117098	-0.221663	-0.014848	0.115666
-1.371886	-1.652381	-0.660617	-3.416497	1.423671	-0.218975	-1.047118	-2.450718	0.001374	0.146423	0.691648	0.359428	-0.850789	-2.209041	-0.188433	0.428198	3.646215	0.828056	-0.364698	0.047987	-0.421217	-1.508491	-2.056789	-1.276772	-1.941284	1.964511	-3.489960	-1.782771	-1.923139	1.027756	-0.904494	2.084408	2.247506	-1.279923	-1.508515	-1.758795	-0.018028	-1.341914	-1.986980	-1.171273	0.956872	0.581967	1.699075	-0.790735	-1.204043	-1.799709	1.437493	-0.848191	0.041463	-1.503875
-0.356958	2.501258	-0.605732	-0.386295	-0.776996	0.046767	2.576613	0.187202	1.163156	-2.570280	-0.757075	-0.993763	0.316504	-0.875581	-0.216778	-0.657843	-1.290257	1.362255	-0.955230	-0.734311	0.661716	0.622402	0.324519	1.037227	0.136731	0.316646	1.003734	-0.485052	-0.256230	-2.146271	-0.428786	-0.073742	0.637504	3.127025	-0.125241	0.837930	-0.627334	-0.047282	0.967519	-1.392763	0.477742	-0.854293	-0.774631	0.003415	0.021127	0.061190	-0.928247	0.689041	0.429974	2.059724
1.370894	-3.022982	-1.396303	-0.255108	1.541301	-0.477948	-2.861478	-1.963801	-1.529245	-0.230572	-0.332109	0.046875	-1.384570	0.384665	0.448616	-0.628165	-0.544951	-0.247407	-2.018577	0.305874	-3.630477	1.522301	-2.356832	-0.136590	-0.053878	-0.191152	0.961145	0.236004	0.543891	1.714108	0.964786	2.221030	-0.912180	-2.361933	0.015717	0.186279	-0.107283	1.368240	-1.130901	-0.674166	0.114918	-2.847799	-0.401979	-0.213456	-0.872260	-1.901275	-1.236066	0.324374	1.675391	-2.078751
-0.463209	0.273296	-0.508372	-0.607702	1.148508	-1.951585	-0.676714	0.609373	-0.497442	-0.047185	0.815049	-0.584027	-1.938487	-2.011731	2.437514	-1.709989	3.180595	0.142464	-0.261423	0.589063	-2.098743	-0.055443	1.071956	-3.091780	1.786860	-0.215795	0.439218	0.751850	-0.436391	0.433094	-0.210676	1.272201	-1.911840	1.626494	-1.141108	-0.208734	-0.669979	0.430457	-0.563225	0.087761	-1.201887	1.873310	2.264775	1.320133	-0.384457	1.665334	-0.473389	-1.350197	-0.845231	-0.922410
0.127541	-0.146542	1.974402	1.164548	-2.216643	0.254322	0.139272	0.075998	-0.693386	-0.894958	-0.074098	2.288967	0.602091	1.334116	-2.661782	3.119971	-0.369677	-1.800525	1.721435	0.470176	2.342664	-0.870788	-0.909736	-0.508660	0.293693	0.779008	-0.809060	1.080429	0.356786	0.639234	-1.276262	0.193478	-1.510345	-0.163313	-1.090348	0.448892	1.656359	-0.805353	-0.912645	2.160768	-1.112498	0.984217	-1.080143	-0.615824	3.677564	-0.088838	-1.766229	0.916951	-0.510964	0.090142
-2.398146	2.043716	-1.044089	-1.171782	2.638463	2.757309	2.389056	2.121218	-0.742029	0.803458	1.130609	1.401367	1.537716	-0.005203	0.097893	-0.555399	-0.714633	4.097734	0.450893	1.113591	-1.773725	-0.589441	1.928248	-3.358954	0.122861	-1.257573	-0.355931	-3.228587	-0.862728	1.204702	-1.364020	2.360481	-0.226820	1.487651	-2.660030	-0.449328	1.575917	0.489935	1.700638	1.161728	0.868331	0.746718	-0.725260	-2.324011	-1.313411	0.939213	1.884217	0.909896	0.187810	1.310082
1.085512	-1.759602	-1.705753	-1.615528	-0.266299	-1.990053	1.536164	-2.707132	-2.874934	0.346449	1.327840	2.677026	-0.184874	2.231015	1.013132	-0.286535	-2.158401	3.186271	-1.738019	-1.426960	3.239678	1.895971	-1.801084	1.770198	-0.976132	0.181293	-0.654307	1.515438	0.735114	-1.146862	1.970640	-0.128673	1.658465	-0.219699	0.757810	-1.715594	2.699424	-0.387308	-1.919582	-0.529097	-1.041858	-0.054522	-0.414265	1.344209	3.996854	-1.711110	-0.412427	0.062324	-0.460489	2.250714
0.405199	-1.676614	-1.575351	-0.121020	0.391904	-0.447140	-0.783654	0.372839	-1.574876	0.118889	0.555937	0.905218	1.917573	-1.117574	1.236842	-1.940187	-0.980326	-0.260335	-1.600203	-0.809186	-1.753942	1.906513	0.553245	1.945015	-1.600611	-0.102116	-0.049706	-0.075227	1.036906	-0.376242	0.495400	-0.459079	0.711283	-1.133612	0.334901	-0.142511	0.401524	0.185009	-0.009194	0.223268	0.191989	-0.095917	-0.445933	-2.364733	-2.009593	0.418577	-0.185788	0.439687	0.722521	-0.062592
0.300436	3.075306	-1.784555	-1.315940	-1.594328	-1.261371	-1.834450	0.524632	-0.705160	1.197499	-0.512070	-1.740840	-2.212743	0.507317	0.834392	-3.514625	-1.501030	-0.206998	-1.699252	-0.953750	-0.466463	-0.347959	0.897693	0.723967	1.437954	-0.142042	1.359042	-0.685011	-0.927706	-1.271938	0.470662	0.012446	0.564741	-0.338263	0.310557	-1.001746	-2.188325	0.882953	0.739525	-1.438806	0.216726	0.095110	-0.480330	2.551276	-0.740975	1.815560	-1.584141	0.981928	-1.427904	-0.648280
-1.495548	-0.711089	-0.444860	-4.451648	0.084869	-3.178707	-0.054097	-0.987312	-0.676665	1.622452	-0.015069	2.430923	-0.416856	0.892138	1.708584	-0.096922	0.612989	1.095228	-2.989536	1.055964	2.439590	-2.927028	-2.160400	-0.057935	-1.734716	-0.227298	-1.109115	-0.768317	-2.299166	1.475870	-0.603924	2.283879	-2.297610	1.869998	-0.821382	-1.105863	1.485788	-1.401275	-1.641409	1.171611	0.874930	-4.044843	1.487671	0.003483	2.352465	-0.961970	-0.198065	1.171336	-1.809868	-0.974337
-2.969170	0.620424	2.088004	-2.053352	-0.295954	0.126856	1.118212	0.897091	-0.302368	0.206613	0.093746	1.598058	-0.301711	0.103876	-2.230284	-1.974415	1.115455	1.102208	0.362808	2.299636	-0.980943	0.141351	0.360981	2.591834	-1.668726	0.720817	-0.602172	2.200526	-0.289001	-0.812685	0.232490	0.290247	-1.628280	-1.142879	0.530275	-1.881834	2.403868	-0.586013	0.985548	3.566922	0.485453	-0.579333	0.645426	1.616654	-3.691747	-0.163094	0.955232	-1.485913	-0.560796	2.179717
0.862672	1.837633	0.343316	1.354115	-1.105771	0.104256	-2.572737	0.012387	0.035707	0.747843	-0.615602	-1.232955	-0.327139	-0.104764	-0.486598	2.253305	1.380242	-2.826901	0.991232	-0.218964	-1.137952	0.946105	0.227897	0.207873	-0.456051	-1.159556	-1.555267	3.572830	1.771843	-0.109688	0.304151	0.159789	0.753087	-0.003934	-1.132282	1.324280	-1.315378	-0.221518	1.085156	0.183537	-0.379802	1.363441	0.717658	-0.318244	0.593785	2.103111	-1.222933	0.445530	-0.303220	-0.980010
1.529499	1.375389	0.011461	-1.733226	-2.995889	1.157010	0.353231	1.808592	0.319506	2.106297	-0.069381	-2.066741	2.350663	-0.367440	-0.432254	-2.520106	-1.833346	1.372681	1.114200	0.124487	0.643444	-2.782276	2.158348	-0.469072	0.449677	0.722653	0.642249	2.574779	-0.371442	-2.352249	-1.253151	-1.536331	0.011584	-0.970899	-1.422844	-0.146401	-1.087512	-0.154130	-0.776222	-1.075350	0.875667	0.692324	-1.300054	-1.621921	1.935865	1.836140	-0.757783	-0.856687	1.737092	0.856257
-0.479620	2.245177	0.359345	0.705698	0.358938	1.000380	-0.354124	-0.304251	-0.369772	2.350837	1.075449	-0.938452	-1.926239	-0.889754	-0.190696	0.964455	1.250648	-0.408330	0.263247	-0.844588	1.658417	0.072461	-0.307529	1.290755	1.031873	-2.667688	-0.365566	0.067623	-0.461176	-1.657795	0.053970	-0.877432	-0.792025	1.436388	-0.622019	1.035289	-0.082909	-0.630053	-2.033817	0.836497	-0.050083	-0.395033	0.121140	2.706019	2.945459	2.335204	0.442797	-1.400872	-0.358767	-0.720580
-0.721065	-0.150754	0.517312	-0.668045	0.033665	-1.954093	1.744607	-0.564994	0.471427	0.660065	-0.186930	-0.292810	1.219430	2.183091	-2.057175	3.503808	-1.511569	-0.383432	0.823576	-0.715008	-3.414416	1.475207	-0.296819	2.231654	0.138061	-1.499189	-0.397891	2.215326	-0.643072	-1.146867	-0.028498	0.104278	0.947236	1.274475	-1.540442	-0.448299	-0.534688	0.963736	-0.817542	-0.968389	2.591733	0.534244	-1.757282	-1.862378	-0.560754	-0.373434	-0.337804	-1.148369	0.097637	-0.408492
-1.714718	-1.448681	0.886653	-2.083436	-0.006713	0.123938	-1.722708	-2.301867	-0.778317	-0.955313	-1.083302	0.935928	-2.398128	1.590531	1.341953	1.817616	-2.746174	-2.431243	0.605237	0.567289	3.434996	-2.396529	-3.220839	0.799496	1.399072	1.235744	2.221052	0.743561	-1.295051	-0.646057	0.825880	0.444085	0.243729	-3.152112	-1.070530	-1.206295	-0.048755	-0.213122	0.666518	0.382888	0.537198	0.457616	-0.563816	2.310686	3.402149	-1.896227	-3.510959	0.581259	-0.639865	-1.281383
3.327229	-0.280114	1.088576	1.626258	0.443067	0.276692	-2.668096	-1.441909	-0.878786	0.381567	-0.123852	0.331524	3.034704	0.934483	-0.251438	0.815224	-4.304954	-2.081337	-1.687221	-0.836801	1.671843	2.694674	-2.400024	-2.712043	1.327539	0.558421	1.720158	4.406419	1.384845	-1.658947	0.496242	-3.228540	-0.937810	0.321852	-0.131645	2.192810	-0.310992	-1.319760	-0.376610	-1.794128	0.451576	-4.032704	-2.602306	-3.786637	2.212592	-1.061298	-2.020591	-0.335989	0.624348	-0.993617
0.017059	1.272897	-3.097615	-0.603427	0.916883	1.241502	-1.502068	1.253364	-1.212583	-1.376820	-0.133135	0.448638	2.006680	1.230158	-1.919001	-0.281338	-1.720857	-2.156640	-3.291008	-1.194712	0.760846	0.042663	0.336909	-0.722882	0.465581	-2.925525	1.619925	-1.584917	0.594039	0.012658	0.280812	1.485907	-0.921408	-1.992973	0.226159	-0.385066	-1.038836	0.190904	-1.039255	0.427650	0.059455	-0.095728	1.513366	-0.300740	-0.214563	0.409396	-0.070228	-0.795566	2.102544	0.710396
0.577864	-1.615299	1.869083	1.609200	0.765982	0.218037	1.314181	-1.341665	0.658969	-0.314304	-1.007945	1.533242	4.034416	-0.375884	-1.467854	1.530892	-2.080382	2.594734	0.757073	0.568075	3.515274	0.172892	-1.179681	-1.470004	0.795085	-0.545054	-0.774543	-0.586511	1.286062	0.194952	-0.476108	-2.103132	1.158302	1.279566	-0.634532	-0.446408	1.587190	-1.149713	-0.002560	-0.879275	-0.184838	-0.680279	-1.023775	-2.958354	3.201656	-1.888205	-0.020098	-0.626571	2.282262	0.590158
-1.423898	-0.281711	-0.256773	-1.808420	0.964865	1.557088	0.925060	2.316985	-1.263190	-0.095128	0.746507	0.211001	-0.451872	-0.531694	-0.333857	-0.242184	1.201584	0.974260	1.109617	-0.390013	-0.839089	1.569869	2.982243	2.940232	1.271899	-0.568662	1.307279	2.262269	-0.680261	-0.873570	0.230260	-0.100351	0.608759	1.145215	-1.467793	-1.924618	1.227998	1.396213	2.089968	0.669687	-0.392604	3.712420	-0.531544	0.983071	0.060704	0.240605	0.025510	0.247253	-1.597663	1.638865
0.798822	-1.173538	-3.712732	-0.438707	2.726350	1.076678	0.546884	1.663795	0.239923	1.725596	-1.659093	-0.298201	1.312319	-0.193501	-0.866388	-3.517573	0.959993	0.226966	-2.427136	-2.240673	0.229419	0.449073	1.210818	1.115983	-1.665339	-2.002179	-2.432894	-1.220643	-0.298561	-0.807982	0.023358	-0.899609	-0.449557	0.209650	1.329612	-0.481530	-2.472028	-0.728470	-1.147931	-1.343287	-0.793638	-1.049495	1.199861	-1.528068	-0.307875	0.471800	1.119055	0.400969	2.274743	-0.115744
-0.873813	-3.765679	0.859006	-3.426586	2.158847	1.225145	-0.816379	-1.460864	0.090753	0.792040	1.128709	3.291696	-0.286390	0.646904	0.647333	1.049112	-1.286691	1.230474	0.057920	-0.187916	1.808770	-0.641024	-1.124329	-0.285116	-0.499670	-0.170484	-0.183388	2.439759	-1.205527	-0.623675	-1.698794	0.892382	-1.764144	0.773409	-0.329016	-3.145823	3.561882	-0.602516	2.094800	1.803171	-0.636625	-1.327886	-0.919579	2.148359	1.066639	-1.406501	1.458410	0.647810	-0.260027	0.823104
-1.533349	2.022899	-1.997527	0.560551	0.606200	0.310220	1.558352	1.787195	-1.567152	-2.792935	-0.552384	-2.085233	0.480968	1.576072	0.200241	-1.751692	-0.410679	-0.733926	-1.568846	-0.367387	1.314390	-1.975777	-0.084876	-3.322498	-2.165060	0.897633	-1.321208	0.791443	-0.823175	0.819541	0.291391	1.330187	-0.304134	0.214572	-1.395573	0.121428	-0.934935	-2.408517	0.245471	0.133092	0.614113	-1.156725	1.001427	0.708372	2.158597	0.214628	-1.157426	-0.128148	-1.246926	1.454746
0.387352	-1.716791	0.848545	-1.927585	0.698742	0.828417	1.990740	0.141734	0.727015	0.096507	1.052749	0.023500	0.305242	-4.138751	1.523840	1.020096	1.391987	2.840519	2.120742	-1.204507	-1.555898	-0.087626	1.520298	-0.570220	-0.564043	-0.308759	-0.423691	0.723393	-0.075596	-1.997555	-2.846910	-1.308104	0.265492	-1.816191	-2.137274	-1.243224	1.844030	-0.204479	1.119950	0.617948	-1.016197	2.266660	-1.927221	-0.351011	-1.675540	-0.405263	0.456095	-0.485582	0.272098	-1.136141
1.902213	0.778307	1.075648	0.130553	-0.122355	-0.630945	-0.952356	-0.526176	1.756595	-1.003984	0.632402	1.654710	2.672923	0.679068	-1.477518	0.761022	0.441879	-0.190138	0.234994	-0.661135	-2.420214	1.397766	-1.153827	1.484775	-0.851172	0.262947	0.953334	-0.862912	0.834715	-2.668296	-1.308764	-0.189517	-1.850435	0.531054	0.343878	1.796013	0.936460	1.999002	-0.256009	-0.952837	0.832137	-0.515079	1.140885	-2.790113	-4.064144	0.034950	0.199460	-1.207952	0.617811	0.557830
-0.103619	2.923801	1.257611	0.639144	-0.316240	-1.719750	3.592626	2.961966	-0.027615	0.715920	1.423246	-0.000871	0.370887	-0.221608	-1.692731	0.025064	-0.886628	0.719138	1.480764	1.067828	1.180245	-0.233881	3.034330	-2.386592	0.205387	-0.376127	-0.904233	-0.645493	0.158859	-1.047821	-0.769497	-1.318225	-1.910610	2.326984	-0.722919	-0.040539	-0.616573	-1.035922	0.307024	0.504837	-1.640878	1.424167	0.600982	0.072529	-0.524394	2.613136	0.135612	0.148831	1.636427	1.040939
-0.171282	1.017377	1.133903	1.485261	-1.405229	-0.449896	1.115171	0.971827	0.713306	1.378185	-1.487548	-1.796480	-0.405457	-1.673943	0.739202	-1.622160	3.108413	0.232983	1.180421	0.793316	0.046798	-1.514870	-0.265504	-3.403817	0.504751	-1.419958	-0.586807	-0.356104	-1.137130	-2.143391	0.457753	-2.189644	-0.440201	1.861837	0.917169	2.063423	-2.747822	-0.406925	2.414180	-1.876042	1.222157	1.976754	3.084333	0.472246	-0.719544	0.630634	-0.184777	-1.491252	1.590432	1.171060
-2.118910	0.599678	1.744936	-0.421145	-0.403471	1.025452	-2.246913	4.049900	1.087961	-1.679416	0.575575	-1.753956	-0.434515	2.859196	0.603777	0.534289	-1.398605	-1.282678	1.352901	1.900005	1.648225	-1.367480	2.243088	0.208535	-1.150476	2.431262	-0.903176	3.110048	-0.923022	-0.366123	-1.007059	-0.482727	-1.189668	1.439674	-0.260034	1.568228	-1.792654	-1.012628	0.317771	0.604859	0.136477	0.803467	-0.354452	0.194594	3.011041	3.072471	-1.373828	-1.977048	-1.194935	-0.715914
-1.261829	-1.175018	-0.467557	0.094507	0.322318	-0.338271	2.901924	-1.384729	0.153511	-1.186982	-1.546939	1.249661	1.616743	0.522780	3.330151	3.064800	-0.902671	3.484884	-0.070593	-1.321554	-2.272015	0.522009	-0.067078	0.871951	0.488977	-1.262400	0.796759	0.118475	-0.924067	-0.066259	1.595406	0.485112	0.676380	1.628037	0.203146	-0.812240	0.849651	1.207682	3.503672	0.973206	-0.862163	-0.060490	-1.212173	-0.876001	-2.245760	-0.251247	1.579935	1.068670	0.548219	2.737986
0.035252	-2.084594	-1.719870	-0.408549	-0.581961	-0.865731	-1.488452	-3.550921	-0.828324	0.014084	-0.236910	1.828550	0.605113	2.517932	-0.690828	0.694301	-0.035245	-1.886190	-2.973658	-1.727856	-1.217430	0.150812	-3.066906	2.514859	0.280905	0.459713	0.422476	0.109372	-0.671933	-0.282884	0.875478	-0.026857	1.364106	0.752404	2.297111	-0.782524	0.602016	1.129622	0.800833	-0.044785	0.171597	-2.320185	2.453131	-1.824061	0.515075	-1.856404	-1.231363	-0.365190	-1.655001	0.155408
0.550919	0.536684	-1.302793	1.601149	1.389589	0.235861	-1.504940	2.423626	0.709465	-0.564809	0.004967	0.769915	-0.315044	-1.495689	2.433982	-3.638919	0.059206	-0.858158	0.570487	1.100326	1.286146	-0.264365	2.577638	-0.092718	0.790983	-0.304975	-1.268870	0.158517	0.809254	0.209183	-2.227748	0.917399	0.468063	-0.853368	-2.629410	-0.376111	-0.892372	-0.806000	0.938235	-0.260948	-0.949796	2.228099	-1.209561	-0.111705	1.747112	1.166007	0.300766	0.048524	0.966258	-1.191063
0.818089	-0.422905	-1.281440	0.234718	-1.302116	-0.119595	0.164285	1.340792	-0.610516	1.240302	0.733777	-2.040475	1.879698	-0.324584	-1.004856	2.000002	2.042258	-0.065525	0.329588	-1.193529	-0.219951	2.160924	1.071105	3.756131	1.210983	2.672727	2.835816	2.654562	-0.761989	1.765304	-0.424031	0.707946	-0.784542	-0.660923	-0.200712	1.158022	-0.768865	2.044119	-0.888224	-2.094676	2.198036	1.788070	0.046751	-1.042386	0.041723	-0.078348	0.121566	-0.054833	2.441191	-0.037029
1.036233	3.288238	-0.600195	-1.135057	0.682767	-0.364072	-2.798803	1.876326	-1.382713	-0.906213	-1.082411	-2.968710	-2.465720	-0.397387	2.177651	-0.142389	0.381483	-3.488825	1.380347	-0.086286	0.434819	0.643086	2.424387	-2.096828	0.532008	1.032021	0.310474	0.582165	1.179109	0.691029	1.151872	0.082439	0.189185	-2.305237	0.077239	-0.116253	-4.366853	-0.174685	-0.593010	0.733161	-0.467195	1.490838	-0.963099	0.441558	1.312282	3.474417	-1.458254	-0.794236	-0.515995	-2.741878
0.435702	-0.435561	-0.017103	1.547992	-0.094230	-0.483971	1.216350	0.903465	2.124957	0.615964	0.148432	-0.592553	2.991358	1.056466	-1.004257	1.558625	-1.286503	-1.692582	1.342319	-0.266327	0.854691	0.738558	0.488238	-2.858210	0.807969	-1.005550	1.121552	0.090079	-0.270699	-0.597396	-1.180217	-1.477269	1.068625	0.523817	-3.492291	1.138855	-0.651978	-0.515871	-0.326409	0.080457	-0.575462	1.030144	0.388734	-1.016907	1.320298	0.127963	-1.462734	0.499416	-0.401055	0.664305
0.603536	0.506204	-1.301982	0.226091	-0.590654	1.380739	2.390520	0.633583	0.879104	0.695122	1.065404	0.227119	-0.772681	1.306218	0.477193	-1.233794	0.860239	2.074801	0.225966	-0.472151	0.398208	0.113301	1.724774	0.911303	0.246756	0.978068	0.900437	0.596128	0.581557	-0.451113	0.133113	0.270936	0.732360	0.400593	1.231843	-0.438457	-0.149979	-0.379319	-1.224356	-1.378912	1.249998	2.278162	1.908441	1.068269	0.394843	-0.088600	-0.205589	-0.124168	0.327166	0.697850
1.801143	4.751535	-0.455802	-2.718426	1.976067	1.451192	-0.662202	2.752906	-1.861993	1.404489	0.157081	-3.501984	-0.309026	0.127949	0.347569	1.453508	1.500297	-2.709195	0.854791	-0.041317	1.646435	0.240808	4.000477	-1.481766	1.376987	0.095401	0.375472	0.963091	-0.205730	-0.608606	-0.915481	1.955764	-1.392238	-2.409780	-0.198344	-1.548727	-5.272004	-0.106728	1.309930	-3.925073	-2.208242	4.201723	0.852181	-0.799316	-0.335207	3.010791	-1.298493	-0.546356	-1.848712	-0.841180
0.384457	0.453802	-0.765950	2.094191	0.122435	-0.163814	-2.993341	1.272577	-0.836154	2.666847	-0.431781	0.249982	0.611692	0.632957	-0.764065	2.360136	2.250599	-2.187539	-2.430790	-1.890964	1.022997	1.196750	-0.028627	-0.374657	-2.067046	0.963229	-1.896239	5.086134	0.346414	0.677979	0.045071	-0.691025	0.324944	-2.345548	-0.681250	1.034142	-1.060069	-1.421079	0.122128	1.234208	0.423089	-0.905928	3.256385	0.884573	0.328504	0.308439	-1.972005	1.423134	0.341866	0.559464
-2.362560	-0.404785	2.144410	1.911439	-0.480130	0.490633	1.062748	-0.856277	0.666497	-0.085008	-0.755230	-0.796350	1.703255	-0.751324	-0.611572	0.831710	-2.506987	0.321556	2.533828	0.610591	-3.434479	-2.143640	0.855446	1.132279	-0.191793	-1.889604	-0.542093	-0.656458	-2.361401	-1.953428	-0.379185	-1.781626	1.136673	1.961675	3.700927	1.113960	1.364319	0.917419	-0.256025	1.077182	0.592279	0.787761	-1.970252	-1.419166	-1.123186	-0.773822	1.007427	2.151240	-1.622177	1.634769
-1.487289	-0.609152	-0.624418	-1.521045	-0.692303	0.346963	1.875903	0.765003	0.414654	-2.409124	0.080676	0.906564	0.209408	-0.591652	0.840509	2.611001	1.176976	0.083748	-1.745227	-0.334722	0.256751	0.479305	0.102249	0.657943	-1.684283	-0.117904	-1.176631	-1.691831	-1.151565	0.571243	0.745346	1.682433	-0.806986	-0.452037	-0.905306	-1.420606	0.555820	-0.843105	-0.157175	-0.123610	-0.413669	0.374098	1.785004	-1.387686	-0.534377	0.073810	-0.559886	-0.159448	-1.019093	-0.588105
-3.200442	-1.731896	-0.731053	-2.700445	-0.842896	-1.272290	-0.679577	0.182770	-0.322101	-1.675774	0.206573	0.114079	0.565577	-0.066212	4.056319	-0.940742	-0.352034	-0.552610	-1.673367	-0.280780	-0.188264	-1.444547	-0.435620	0.096075	-2.262021	0.299578	-0.238540	0.712999	-1.045578	1.247288	0.655075	1.800227	-0.618244	-0.676174	-2.416578	-0.806883	1.296301	-1.212914	-0.320321	3.303110	-0.335676	-1.272664	0.053160	0.422719	-0.753811	0.005456	-0.364619	-0.456038	-2.317239	1.238999
-0.619931	-1.718851	-3.901122	-1.042438	-3.011924	0.719167	0.881503	2.088183	-0.627911	-1.309671	0.545836	0.430625	-2.294637	-0.514415	-1.991919	-4.334913	0.098425	-0.052851	-1.804484	-1.160372	0.135315	2.331885	2.796105	0.562996	0.626483	0.045399	-0.002501	-0.233893	0.875403	0.752245	1.287990	0.405609	0.543253	-1.030265	-0.946585	-0.718543	1.075909	1.346793	1.646691	2.091891	-0.059708	2.539422	-0.477466	4.341166	0.928108	0.170425	0.381426	1.174633	1.794478	-0.114460
-1.067351	0.301261	-0.734111	1.872301	-1.262918	0.047630	0.716103	2.329043	0.791198	-0.473268	1.306523	2.979407	-0.601655	-0.238399	-1.816436	1.425375	0.045467	1.794146	0.889874	-0.495457	-0.405546	1.747054	0.346283	-3.122285	1.046945	1.586308	0.136883	2.567686	0.616508	1.407868	-0.146369	1.564291	2.201170	1.020180	-0.040294	0.231885	3.167438	-0.460602	-3.224914	1.945778	-0.182550	0.512250	-0.544123	0.628804	-0.528414	-0.600410	1.183982	-0.941408	1.915028	0.581656
0.061781	1.840868	0.286923	-0.582473	-1.604886	-0.553903	-2.454247	2.541286	0.081587	0.181550	0.393591	-1.785108	-1.782996	2.043532	-0.106056	-0.137203	-1.222359	-1.658959	1.299735	-0.109130	2.234398	1.088055	2.128558	-0.224271	0.020439	-3.030917	-1.358417	0.509082	0.292659	-0.848524	-0.269034	-0.936026	-0.677455	-1.406688	-0.660318	0.349527	-2.152475	-1.367153	1.658627	-0.260243	-1.429406	1.568798	-0.608742	1.633556	1.794987	1.151887	-0.695512	-0.262105	1.457443	-0.946497
1.041930	-0.763625	-1.820112	-2.783271	-2.148357	-0.486659	-1.152152	0.666311	-0.801883	-1.476907	-0.850961	-0.798163	0.018223	0.235623	0.394382	0.422758	1.446837	1.718760	-1.997494	-0.062094	0.986376	0.114314	0.509862	2.581378	-0.921333	0.178910	-0.957491	0.855749	0.350083	2.186156	-0.411019	2.732521	0.377172	-1.477054	0.320352	-1.019687	0.462268	-0.904327	2.277137	-2.146630	-0.996571	-0.420387	1.159066	-2.000047	1.526577	-0.542240	-0.108923	-0.929859	0.549952	-1.589400
-0.423395	0.094242	-3.245216	-2.100079	-2.462450	0.480691	2.695177	2.211941	0.391479	2.027424	-2.719548	3.455865	4.184482	0.421112	1.642790	1.412912	-1.950521	4.408000	-2.830720	-1.000524	2.939212	0.080441	0.971507	0.763939	-0.102939	-2.776413	-0.705027	0.104979	-1.354907	1.786400	0.319800	4.440797	-1.152509	1.768457	-0.768594	-1.561312	3.487939	-0.556228	0.263223	-0.609768	-1.014179	-1.551697	-1.383190	-4.732505	4.001514	-1.215047	0.462499	0.624500	1.778802	1.350633
1.481823	0.979588	0.396017	-0.945570	0.306063	-0.369536	1.127181	0.648905	0.436383	3.226551	-2.099662	0.164390	-0.058839	-1.165801	-1.352052	-0.321787	-1.692930	1.512081	0.752924	1.045417	1.348832	-0.049993	1.250108	0.489020	2.185032	1.460884	-0.180752	1.567533	0.944610	-0.798274	-0.684169	-0.322036	-1.016946	-1.603950	-0.589992	-0.066979	1.258091	0.111722	-0.703996	0.972662	-0.556561	0.937803	-0.537082	0.609574	0.086657	0.606029	1.093405	-1.217012	1.855394	0.142128
3.233865	0.584849	-1.533028	1.089471	-1.629286	0.441277	1.005310	0.682454	2.227508	0.744311	-1.364417	-0.280603	-0.278213	0.227548	-0.067787	-1.315287	-0.074412	-1.569244	1.379558	-0.865128	0.045074	1.745951	0.851090	-5.295008	0.025439	-0.559310	-0.327961	-1.102895	3.061622	0.656711	-1.782046	-0.162837	0.483746	-1.534906	-1.636490	0.507878	-0.067231	-0.755483	-0.029292	1.095938	-0.428965	3.694488	0.073643	0.919952	-1.890116	1.427286	0.904500	2.251125	1.506045	1.679841
0.004397	-2.076873	4.700945	0.166603	0.293586	-0.604814	1.135817	-0.817160	-1.084727	0.337726	-0.084668	0.673086	-2.859028	1.057392	-0.838184	1.896150	-0.013901	1.130687	1.472061	2.135271	-2.061530	-0.964524	-1.804024	1.682019	-0.207309	-1.346962	0.173363	0.468716	0.723609	-1.194356	1.264082	-2.135072	1.711743	-1.895605	-0.513288	-0.542035	1.104075	0.847797	-1.822560	0.605662	0.150006	-2.422494	0.796713	3.393509	-2.279361	-1.525272	0.683801	1.772803	1.588804	0.247286
-0.926795	-0.462719	1.375905	0.006116	0.546791	-0.559103	-1.546547	-0.674972	-2.512977	-2.356431	-0.408449	-0.264476	-0.848686	-4.043701	1.026973	-0.486765	0.423689	-0.165808	-0.045533	1.219811	-0.127464	-0.198233	-0.122585	-1.142899	0.398969	-0.070303	1.711660	-2.407145	1.804088	-0.161591	1.923111	-0.505778	-0.556260	-1.689150	4.036490	0.587079	0.028477	-0.316350	-1.160805	2.242509	0.243035	-0.779047	-2.889006	2.557639	-0.629791	0.780094	0.322375	1.003797	-0.692690	-0.893133
-0.710713	-1.061848	-0.077426	0.536936	-1.372131	1.551637	1.852831	-1.441916	0.677980	0.086137	-0.424520	2.184389	0.087359	-1.816175	2.079440	-0.421933	0.736242	1.019417	-0.014341	0.165578	-3.450818	0.344256	0.123768	0.869677	-0.910521	-0.408507	0.378662	0.139443	-0.260838	0.614063	1.328175	-0.571626	0.366835	-0.103162	-1.266528	1.612537	1.195154	1.116167	-0.662162	0.046335	0.395048	-0.062792	-0.539579	1.497749	-1.946752	-1.125022	-0.280735	-1.614282	-1.520809	2.234332
-3.162152	0.160783	-1.048835	-3.136646	0.846703	-0.690088	1.354643	1.544864	-1.534770	-1.474367	-0.530785	-0.387961	0.496566	-0.290627	-0.092042	1.108499	0.395299	-0.724269	0.100465	-0.487318	-0.881376	-2.048709	1.232804	3.026630	-0.887137	1.843050	-1.184752	-1.737325	-2.634719	1.059009	0.380425	2.676798	-0.497956	-0.758015	0.374336	-1.262230	0.313701	0.995376	-0.603804	1.869927	1.028947	1.929651	-0.138510	-1.003896	-0.788960	1.095653	-0.947942	0.575126	-0.798579	1.202664
-2.821076	1.255990	-0.715816	-3.263891	1.714312	0.502962	-1.670678	0.023258	1.381257	-0.098776	0.916966	-1.561407	-1.399742	0.821445	2.039478	-1.258840	-0.187872	-2.250331	-0.492671	0.064558	-1.307960	-1.396608	1.362188	2.075461	0.868146	-1.793449	1.986266	0.340710	-1.714798	-0.590940	-0.662268	0.858653	2.379647	0.954953	-0.325744	-2.312526	-1.002804	0.371638	-0.111707	1.000039	1.096489	-0.337465	1.707902	1.146646	-2.553093	0.856190	-0.652128	-0.311231	2.712396	-1.352938
-2.809799	-1.173746	4.244396	2.326895	1.828566	0.930816	0.809915	1.176979	1.238229	-0.491623	-0.247579	2.889946	-2.993885	-0.389588	0.131922	3.136843	0.953914	-0.984212	3.515277	1.804111	0.614203	-2.059110	0.602922	-2.489363	-0.332622	1.051870	-1.414668	2.649213	0.454159	1.496565	-0.615402	-1.649412	2.196072	2.178786	1.250435	0.840486	2.439672	-0.321688	-1.120384	5.857629	-0.461163	1.624515	-0.040371	2.945071	0.196203	0.464429	-0.687135	-1.748165	-1.101979	-0.846990
-1.428127	1.781290	0.878517	1.737484	-1.304393	0.720067	-1.695084	0.764146	-1.696091	0.823984	0.734330	-0.065463	0.407672	-0.194417	-0.420768	2.534185	0.618983	-0.590516	0.226410	-0.396509	0.775694	0.349209	0.676210	-2.679634	-0.952919	2.217869	-2.262476	1.275117	0.052328	-0.334328	1.885702	-0.898927	1.111976	-0.831659	-0.578690	-0.265143	0.922118	-1.858054	0.011572	1.560987	-1.631686	2.329689	0.359516	-0.755813	-0.080435	0.845304	0.475098	0.960068	1.431773	-2.503106
-1.249545	-2.497095	0.634736	-0.959301	-1.062197	-0.926838	-1.089933	0.314116	-0.198082	1.066347	-0.598794	3.217129	-2.077232	1.994109	-0.695497	1.153123	-2.912750	-1.534722	1.067311	0.665371	0.000621	-1.930926	0.071318	-1.651733	-0.194585	0.410057	0.719413	-0.180669	0.078925	-1.259724	-1.498731	0.363236	0.885708	-0.027479	-0.097494	-0.564568	3.236626	-0.655747	-2.043874	2.905012	0.542377	1.272591	-1.760548	1.796432	0.424265	-2.271954	0.347209	-1.643009	1.613548	-0.687188
-2.903171	0.486624	1.178668	0.747533	-0.737527	2.040677	0.630159	0.285890	-0.402520	-1.526538	0.632687	2.017718	-2.750486	0.474770	0.242340	-0.430823	0.433173	-1.571372	0.884251	1.404098	1.458663	-1.279835	1.604498	-0.104822	0.214705	0.441198	-0.760466	-0.935820	-0.940359	-1.865562	-0.872731	-0.953224	1.681901	0.003670	0.626083	-0.469599	-0.153263	-0.562443	-1.518109	2.464852	-1.005371	1.709123	1.307655	0.700792	-0.034328	2.018824	-2.117972	-2.594045	0.630500	-0.802044
1.209751	-3.216847	0.685914	3.343415	1.033963	-0.691850	-1.420870	-1.620606	0.979245	0.546786	-0.025940	0.219451	0.317883	-0.959874	-0.361964	0.953813	1.742675	-0.357238	-0.319234	-0.540287	-0.196263	2.032028	-3.406965	1.844124	0.499611	-1.049629	0.542695	-0.869972	1.689781	0.794395	-0.834076	-1.126356	2.014762	1.924128	-0.315155	0.967840	0.782917	0.792826	-3.017867	0.715451	1.288388	-2.116067	-0.270940	-0.912871	-0.726489	-2.346474	-0.191639	0.461451	-0.951369	-0.067499
0.303420	1.400768	-0.342751	0.118129	-0.365398	-0.556780	3.839185	-2.128213	-1.023784	0.280717	-0.697261	0.492999	0.114969	0.086390	0.097361	-0.982375	0.820373	5.365083	-1.613242	0.963849	-3.096448	-0.189687	-1.506242	0.610089	0.019656	1.687565	-1.897985	0.736770	-0.606964	0.989530	0.640071	0.929186	0.483252	-0.714031	1.885385	0.109933	0.610577	0.770000	-0.533796	-1.666303	1.572645	-2.388702	1.415518	0.538718	-2.571733	0.260129	3.384438	2.076343	-1.025870	1.764080
-1.084395	-1.784383	2.750365	-0.848615	0.963306	-0.939070	0.674169	-2.343148	0.873853	-0.345852	-0.363589	1.915956	1.677718	1.810912	0.820305	-0.482467	-0.140619	1.530795	1.512032	2.785787	2.496025	-2.216951	-2.970538	-2.865637	1.708572	-0.913388	2.167708	-0.962277	-0.435822	-1.008408	-1.192492	-0.883079	-1.300270	-0.498919	-1.561390	0.799977	2.466172	-1.018918	0.772738	2.651425	-0.586626	-1.960264	0.486578	-3.036728	1.120674	-1.101712	1.480966	1.147800	-1.988829	1.745563
0.735312	-1.139273	0.545103	0.032822	1.891720	0.609270	0.615392	0.646223	1.197245	0.976352	0.673151	1.260763	-0.611637	-0.088441	1.679762	-1.887074	-0.823044	-0.379516	1.386921	0.027444	-0.047587	-1.872541	-0.237439	2.718710	-0.025938	2.600580	-0.008652	-3.376838	0.205278	-0.242599	-0.838995	-1.087128	0.139059	2.826760	-0.672993	-0.126486	0.863025	0.453603	-1.663752	-0.087640	-0.342942	0.934244	-0.598561	1.118057	-0.936371	-0.640283	-0.499773	-2.224963	1.265845	-1.300071
0.148026	0.654632	-1.264747	-0.994856	1.255916	0.896607	-0.933877	1.085623	1.082680	-1.466436	-1.126276	-1.065375	-0.323432	-2.622310	-1.103117	0.186245	1.144536	-1.439923	-0.539738	-0.089904	-1.488077	1.777440	1.189418	0.758331	1.254612	-0.466688	-0.415133	-1.809573	0.361152	2.875080	-0.594690	2.595101	-0.577929	-1.749354	-0.256459	-0.553461	-1.117719	0.450318	-0.668268	-0.511632	0.075571	1.317655	-0.551889	0.387649	0.468957	0.888216	-0.568824	1.730041	0.148788	-0.075401
0.543758	1.066665	-3.428371	-0.799929	-1.061611	0.940637	-2.427047	0.853801	-2.896633	0.756972	2.362054	-1.242721	-0.235233	-1.867064	-0.050758	-1.427824	0.544316	-1.034050	-2.153268	-3.386976	-1.163192	1.794423	2.246988	-0.798751	-0.004374	1.424882	-0.541742	-2.342422	0.157614	2.773814	1.654977	2.828593	-0.529524	-3.596590	1.108947	-1.224366	-1.130692	-0.204823	-2.427351	1.873160	0.086627	2.793268	0.015830	0.047109	-1.431780	2.234720	0.666578	-1.566284	0.130884	-1.439098
-1.284098	-2.577813	1.442377	-1.016264	-1.430528	-0.713893	0.288543	-1.031515	-0.143990	0.725695	2.152933	1.430722	-2.848271	1.016078	-1.726421	2.655039	-0.263239	0.049056	-0.167421	0.746693	-0.749746	-1.677233	-0.484265	-0.897805	-0.774543	2.246543	0.287909	0.846147	-1.643260	0.775367	-0.442976	0.533458	0.245134	0.942846	-1.297503	-0.415124	2.187792	0.286534	1.237824	0.542960	1.877149	-1.464125	-0.656340	0.652055	-2.313448	-1.296704	0.842469	1.742419	1.505521	-3.059027
-2.504744	-1.804090	-1.530755	-0.347662	-0.175820	0.054074	-2.804336	1.432088	-0.122342	0.465921	1.528905	1.893335	2.799186	-1.524363	0.241931	-0.148155	1.830821	-0.467456	-0.671180	-1.204461	3.365241	0.053162	1.203036	-1.103599	-1.770465	0.427733	-1.303067	-2.876549	-0.859772	-0.385995	0.157499	0.562722	0.660753	0.913170	0.504416	-0.858146	2.277523	-1.807072	-1.276070	4.333209	-0.535676	1.788162	0.048983	-3.635467	0.923809	-0.228139	-0.618189	-0.387505	0.013911	-1.878751
-0.951220	1.341631	-0.492377	0.507176	0.219501	1.393579	0.243526	1.785952	-1.500255	-0.681783	-0.704904	-1.893491	-0.315951	0.777586	-0.257282	-1.005032	-1.629738	-0.373121	0.490515	-1.267442	0.291154	-0.704977	3.196832	-0.326139	0.299844	-0.180239	0.969249	1.993091	-0.711706	-0.738180	-0.317416	-0.533925	1.325985	0.128626	0.546209	-0.012772	-3.015537	-0.208608	0.677669	-1.007563	-0.413153	1.247474	-1.158406	0.063429	2.320927	2.303318	-2.140490	0.677835	2.266196	-0.295302
-1.085503	-0.643473	-0.289783	-3.676364	-0.438642	0.749949	2.323414	1.332723	0.123260	-0.984317	1.753873	-0.813648	-0.426868	1.079016	-1.124898	0.766581	-0.075252	2.030045	0.220556	-0.096767	-2.357901	-0.782005	2.002407	2.088489	0.342396	0.058221	0.230422	-2.756740	-0.964515	-0.507506	-2.179697	1.212548	2.026859	-2.175921	-0.092273	0.360001	1.079906	0.896818	-0.406223	0.275220	-1.381047	0.539369	-1.173295	1.032056	-2.234147	1.436486	1.646998	-2.324259	0.871717	1.643071
-1.118387	-1.801293	-1.118010	0.780469	-2.006012	-0.039070	-1.650668	-2.081088	0.189787	-1.741272	0.757767	0.599075	0.485458	0.653312	-0.263706	-0.142072	0.313401	-0.023048	-0.405823	-1.114924	-1.853504	0.400479	-2.049881	0.799406	-2.323235	0.885461	-0.830075	-2.657912	0.322787	-1.635739	0.042464	-1.787057	-0.759379	-1.619457	-1.744604	-0.639052	-0.382182	-0.464090	-1.440079	0.213548	-1.587528	-0.306429	-1.252034	-0.025622	-2.870729	-1.105649	0.817952	-1.498365	0.113051	1.346159
0.796601	3.475034	3.848691	3.639975	-1.803171	0.428887	-0.980478	1.224271	-0.576162	-0.369810	-0.787103	-0.081484	1.951412	-1.176325	-0.681175	1.565793	1.060130	-1.509007	2.925476	0.111583	2.867636	2.305735	1.334732	-0.467045	-0.973664	0.624426	-0.768650	1.801918	1.858250	-2.002746	1.066666	-3.188089	-0.877500	0.032714	0.699749	0.183991	-1.392929	-0.860659	0.480076	0.316603	0.305690	0.540555	-0.668086	-2.374069	2.874181	2.269206	-1.614073	-0.516384	-0.887994	0.059047
-0.044207	2.035396	0.778699	-3.543282	1.426613	-1.211161	-0.448127	-0.471145	0.260218	0.503635	0.653596	0.403214	-0.203521	0.727886	-0.831107	-1.796123	-1.636295	-0.297340	-0.765991	0.853120	-2.448998	-3.793646	-1.774075	-2.376155	-0.567261	1.064836	-2.026991	-3.105870	-1.426516	-0.692551	-0.471473	1.783506	0.014563	-0.442936	-1.506232	-1.234517	-0.506016	0.248108	-0.771726	-0.811925	-0.757225	-1.717173	-0.558903	-0.625644	-2.950373	0.222806	2.170681	-1.267280	-0.418150	0.110852
