X44	X26	X45	X36	X19	X1	X16	X25	X18	X37	X46	X14	X41	X3	X21	X20	X8	X10	X49	X48	X32	X50	X11	X39	X31	X28	X15	X40	X24	X35	X6	X43	X33	X7	X27	X30	X12	X13	X4	X38	X17	X9	X42	X34	X2	X47	X29	X5	X22	X23
1.312420	1.417787	-1.374918	0.421191	0.277423	-0.406548	-0.060509	0.455682	0.193221	-0.333364	1.038084	1.159102	-2.321092	2.757792	-1.398968	-0.316087	2.591683	-1.082054	-3.269718	1.928789	1.840821	1.442195	-1.904978	1.347115	0.847831	-0.059335	1.823369	-1.767182	1.490412	1.585144	2.077406	0.077628	-1.625115	-0.939630	-1.037589	0.717042	-1.909572	-0.364389	-1.220127	-0.668287	-1.385427	1.987999	-0.786410	-2.009683	-0.433380	-0.962099	1.069830	-0.205155	0.468648	0.499862
0.378823	0.950252	-0.405236	2.600143	-0.646163	-0.236689	0.305386	-0.365777	0.511740	0.367389	-1.515242	-1.041923	-0.402697	-2.190725	0.768786	0.618633	-0.796266	0.284866	-0.895880	0.072269	0.293300	-0.896699	0.483711	-0.543797	-2.148393	-2.250336	0.477516	-2.399768	-0.380815	-0.351432	0.027291	-0.940368	-0.251900	-1.128632	0.454169	-0.422051	-0.095849	0.445166	0.595012	-0.284216	1.069425	3.051617	0.821131	1.617685	-2.989126	-0.405612	-1.816515	-0.050369	-0.492970	0.597831
0.333665	1.506882	-0.233875	0.294281	-0.172961	-0.155406	-0.026958	1.466887	-0.628935	1.414464	0.011279	0.595197	1.728624	0.399558	0.997933	-0.132475	-0.764505	-0.099947	-1.011557	-4.380451	0.462560	1.042063	1.043222	0.070172	1.136418	1.170809	-0.417435	-0.213751	-0.181313	1.475793	-0.415517	-0.656054	0.600969	2.318743	-0.342999	-0.107517	0.089191	-0.839613	-0.361677	-0.337550	0.751848	-0.202158	-0.298668	-0.776165	0.106521	-0.899083	1.291057	0.522271	1.122140	-1.097614
0.479687	-0.306021	-1.002980	0.957267	0.897263	-0.915894	1.635614	-0.139275	-1.404485	-0.563923	-1.103861	-1.753282	-0.751014	2.052336	0.803810	0.507103	-1.556557	0.893036	2.041537	2.120382	0.477425	0.745749	2.304056	-0.439906	0.100694	0.625634	0.988482	-0.521637	0.540899	-0.169379	-1.199049	0.141285	-0.064601	-1.297782	-0.849315	-0.482446	1.167984	2.090130	-2.189138	1.079364	0.085580	-0.258742	3.637124	0.214578	1.239280	-0.378943	-0.793195	1.597269	1.606103	-1.547636
0.351590	-1.936021	-1.094358	-1.462867	-1.008611	1.221347	-0.998728	-0.800661	-2.879908	-0.177328	0.332068	0.005995	1.859990	-0.917361	-0.925489	-0.838159	1.119149	-0.920482	-2.792520	1.699305	0.560431	-0.223895	-1.633349	2.271948	-0.922636	-1.180745	-0.712109	0.022541	-0.635082	-0.003986	0.439245	-1.035897	1.502825	0.260552	-0.507026	-0.288232	1.062237	-0.266563	0.821157	-1.241191	1.662586	-0.517049	1.620075	0.418949	-2.622521	0.873477	-1.824709	-0.404899	-0.240754	-1.197576
1.098688	-1.348222	0.620721	-1.701443	0.591709	-0.216221	1.893229	-0.025976	-0.979212	0.220929	0.631750	1.305698	-1.819678	-1.356453	0.863044	-0.948264	-1.321793	-1.569594	-0.051891	0.041647	0.807011	1.412215	2.043635	0.188195	-0.042879	0.643359	-1.543164	1.391110	-1.106204	1.413650	0.737058	1.558655	2.045458	1.542450	-1.292328	0.100509	-0.270868	0.015364	0.511579	0.920403	2.256056	0.412908	-0.208489	2.567192	-2.110962	-1.392849	0.512183	-0.980842	1.194937	-2.973836
-0.314253	0.165735	-1.268914	-1.892737	-0.484062	-0.633959	0.690518	-0.830710	0.853913	-0.863784	0.728057	-0.524620	-2.796194	-2.837856	-0.756500	-0.874791	-0.551706	0.389990	2.055399	2.771884	-0.816970	-0.197054	1.274891	-0.570830	-1.438514	-0.476548	1.218431	1.099408	1.554213	-0.509645	-0.482680	-1.096291	0.812019	-1.076230	-1.682181	-1.753653	-0.080263	-1.311516	0.097088	-0.502972	-0.668296	-0.320165	1.552542	0.091914	2.202056	2.007449	-1.578967	1.901743	-0.441691	-2.499959
0.472212	-0.455148	0.577955	0.347122	0.622705	0.933113	0.608661	0.865699	1.649065	0.385789	0.723724	-0.862950	-1.239797	-0.570204	-0.284154	-1.047607	0.110340	0.341885	-0.153747	0.455661	1.593589	-0.370452	1.058210	-0.378570	-0.431779	1.807198	-0.336333	-1.026043	0.275437	0.478439	0.024951	1.102441	-1.677284	0.169698	-0.656640	0.616226	-2.774204	-2.850987	-2.252394	0.962355	0.449783	1.064609	0.944977	-1.812189	1.122950	-1.393574	1.229036	0.647744	0.050589	-0.682493
0.691099	0.965261	-0.040279	-3.057111	0.046386	1.223994	0.787849	-0.484743	-1.662355	-0.226751	2.165086	-0.095491	-1.470491	2.603989	-0.004320	-0.163912	1.926777	0.451935	1.354296	1.078592	-2.494041	-0.161879	-0.249757	2.689218	-1.067749	-1.173615	0.164083	4.951516	-0.863676	-1.282247	2.801303	1.540424	-1.963415	-2.480002	-0.104322	-0.263765	3.662299	-0.537157	1.975424	0.131099	-0.109138	2.936819	1.372931	-0.565131	2.234042	1.894879	-1.923918	0.574893	1.028585	-1.826508
0.349143	-2.839188	0.127744	-1.267165	0.635059	0.997603	0.067584	-1.082902	0.575817	-0.427591	1.395063	-0.172410	-0.669954	2.354835	-1.961929	0.501201	2.136229	0.507529	-2.018385	-0.454258	0.959467	-0.354950	0.887369	3.001026	-0.066135	-1.669468	-1.878968	1.150397	-0.415662	0.625832	2.229397	-0.839661	-2.689800	-3.632519	-0.152423	0.445274	0.948557	0.526558	2.878354	0.779637	-1.140540	-2.241835	1.626092	-1.555207	-0.629138	-0.586333	0.209130	-1.241962	0.844870	1.123235
0.810197	-1.128456	0.124581	0.257415	0.666103	1.243673	0.176411	1.647247	-0.426185	0.917178	-0.474388	0.121932	0.069228	-2.223632	-0.900903	0.020541	0.280642	-0.890397	1.197488	2.100627	-0.636916	1.481778	-0.941915	-0.790262	1.167946	0.896314	0.802366	0.487942	1.693252	-1.869586	-0.765936	1.871657	1.042538	1.476826	0.868443	-0.804427	-0.682556	-0.295597	-0.324234	-1.546783	1.208396	4.113615	0.598278	1.557154	2.603039	1.009106	1.053996	0.472495	2.139232	1.614505
2.086996	-2.496348	1.255307	-2.102215	-0.094637	-0.545456	1.135069	1.282012	2.309259	-0.172945	0.404476	-0.327278	0.714082	1.079271	0.331323	0.580048	0.847635	0.287845	-0.923118	2.358128	0.165961	-0.275798	0.870181	-1.451149	0.361953	-1.046868	2.222995	-3.714753	-0.726731	-0.025199	-1.264816	1.463215	1.526565	-1.619221	0.272701	-0.514880	-4.345397	-0.013327	-3.122065	1.466328	-0.484651	-0.734552	1.276385	0.302149	-0.871429	0.674252	-0.785142	0.104091	1.585958	0.687666
0.411562	-0.727416	-1.864089	-1.313718	0.271332	-0.189798	0.687917	-0.797386	2.961654	-0.104404	1.047987	-0.090977	0.324220	-3.486585	0.688407	-0.947692	1.071115	-1.111564	0.216552	0.485466	-0.784246	1.186226	-1.754585	3.388288	-0.102947	0.074776	-2.604059	2.135598	-1.280015	2.291631	0.507776	0.277276	-0.432190	-2.124638	-0.371331	-0.200448	2.612131	1.759227	-0.342803	0.388146	1.921986	0.459904	-0.004483	-0.103563	0.772450	-1.197215	0.955204	-1.048848	-0.291029	0.979831
0.227717	0.659706	1.663675	-1.430037	0.593048	-0.971849	-0.806721	-1.746599	-0.672287	0.457365	-0.992114	1.699524	-1.182234	-1.466310	0.568097	0.961695	0.087510	-0.283171	2.396149	3.000409	-2.720496	-0.101817	-1.308381	-1.942918	-3.658141	-0.795348	2.081558	1.024482	2.788078	3.485776	-1.421530	0.725571	0.582161	2.238998	0.960720	2.518780	-0.491912	-0.561314	-1.427515	1.402988	1.754517	-0.515301	0.248412	2.194740	3.950664	0.560147	-3.632042	-1.704419	1.016380	-2.631411
0.537429	1.556704	-0.519301	0.702526	0.950585	1.928020	-0.099257	-2.186486	-1.172733	-0.229624	2.829970	-0.909459	1.559627	1.291196	-1.010256	0.633785	-0.329389	1.694777	0.896880	-1.411162	-2.384883	-2.043728	2.916196	3.562869	-1.621605	-2.019718	-0.672044	-1.166111	-1.012848	-0.740950	1.536789	0.865605	0.204082	-1.504786	1.530001	-1.325212	-0.473373	2.799843	0.248455	-1.901592	-2.281505	-1.069594	1.569732	1.831102	0.409684	-0.815984	-1.377584	0.322666	-0.623060	0.515059
1.566621	-0.483230	-0.616102	0.093941	-0.308982	2.399679	2.372953	0.175373	0.733498	1.035578	-0.176301	0.010153	-1.401700	-2.321752	1.072370	0.576830	-0.399692	0.129147	4.259429	1.283152	-1.563492	1.038660	1.712956	-2.078375	-0.495120	0.828578	-0.573350	-0.572847	1.642548	-1.127703	-1.905312	2.157613	-0.803035	3.635208	1.006066	-0.379812	-0.602427	-0.252236	-0.738876	-0.376126	0.678115	0.733492	0.486236	1.136555	2.805649	-0.706463	1.600461	-0.468400	0.782684	-0.451748
-0.286664	3.094267	1.882448	-0.228787	0.246821	-0.737710	-2.262562	1.723850	1.518413	0.614236	-0.482614	1.535501	1.128731	0.967461	1.212249	-0.402927	-0.287150	0.502645	0.176667	2.024917	-0.354087	0.985853	-1.481318	0.754280	2.209348	-0.425917	-2.269706	-0.823061	-0.047751	0.709557	0.650620	-2.050740	1.016221	-0.052873	0.859372	2.028298	-0.380459	-0.464890	-0.188181	1.267048	-2.875542	0.821498	-1.065480	2.479385	0.965921	-0.475889	2.348413	-1.144680	-0.603343	0.823787
1.339132	-0.525035	1.553079	0.046966	1.002344	-0.019091	0.589044	1.029662	-2.070947	0.117316	0.975633	-0.620253	0.771572	-0.740210	1.295647	1.427973	1.296321	1.430601	0.139721	0.049889	-0.400469	0.517148	3.149551	-0.069922	2.550320	0.587893	0.960022	-1.311893	-0.035462	-0.791288	1.449670	0.475150	0.595309	0.296575	0.125984	0.354058	-0.223266	-2.122986	0.497861	1.005108	3.767330	0.501095	-0.459377	0.996410	0.227284	-0.232726	3.197214	2.823934	-0.731960	0.297128
0.266294	0.294409	1.708227	3.635301	-0.077540	0.304973	-2.006393	0.838760	1.461660	1.604972	0.616619	1.259619	1.862791	4.980769	-0.476713	-0.737993	-1.622233	-1.726470	-1.331333	1.037897	2.446227	2.286835	-1.642590	-0.992110	0.622639	0.473132	-0.248752	0.465443	-2.199356	-0.063234	-1.794125	-0.988536	0.625448	-0.119061	0.149686	1.208025	0.378405	2.152008	1.212042	1.013083	-0.420483	0.852775	-1.547348	-2.024151	-3.077144	-0.976229	1.488780	-0.684171	-1.427258	-2.318090
-0.271910	-2.168859	0.192477	2.071049	-0.578423	0.249495	0.271131	-2.024063	0.056025	-0.608564	0.135988	-0.181576	1.207052	1.802593	-2.067390	2.533673	1.132987	0.552915	-2.082914	0.546347	0.369985	-0.846470	0.604744	-0.849407	-2.097986	-1.396833	1.372254	-1.502725	-0.837829	-0.152815	-0.056301	-0.219553	-0.659374	-1.850456	0.795623	0.774298	0.267231	1.338420	1.240616	0.555916	-0.363706	0.503177	0.226660	0.204697	-3.692957	-0.868365	-2.083398	0.007361	-1.298264	1.122476
-1.499633	1.236422	1.360522	-3.807464	0.007050	-0.817057	-0.884735	-1.299209	1.341098	1.346418	1.343127	2.473235	-2.192506	1.984565	-1.126739	0.409229	1.390936	-1.070465	1.919860	0.912898	-2.476849	0.242047	-0.405032	1.961966	0.600080	-1.286261	0.310138	2.619691	2.228103	0.602592	1.446214	0.821253	0.338175	-2.845929	1.625144	-0.502745	2.404269	-0.129690	2.100394	-0.663673	0.220860	0.563647	-3.528858	0.530441	2.774828	0.042261	-0.218065	-0.035084	-2.142645	-1.015583
0.931584	-0.709606	0.174977	-0.354003	0.023890	0.217121	0.783618	-0.054155	1.536894	-0.115754	-0.613180	-0.395562	0.523607	0.018189	-0.118118	1.286837	-2.273503	-0.088816	-0.471614	1.859829	0.778070	-0.615734	-0.642586	0.111814	-0.004905	0.292196	-0.183206	1.132559	-1.866730	-0.982052	-2.003595	0.744340	-1.035003	-0.777000	-1.626817	-0.773233	1.041082	2.005013	1.446535	0.139807	2.193512	-0.599234	-1.695408	-0.959566	-1.610397	-1.881524	-0.124767	-0.488856	-3.002093	-0.531765
0.365611	0.541922	0.064419	0.501450	-0.166331	0.126429	1.116313	0.735601	0.969112	-2.171823	-0.236275	-0.340132	-1.472250	1.978058	-0.183439	-0.319740	-1.647466	1.116488	1.950575	-1.594953	-0.603960	0.401573	1.039434	-0.394345	-0.833980	-1.844851	0.281330	-1.675251	1.227568	-0.276432	-0.649898	0.355733	-0.484721	-0.960812	-1.233800	-0.880643	-1.104387	0.422940	-0.465913	-0.451210	0.584792	-1.378775	-0.879427	-1.743060	2.116699	1.358650	-1.388950	-0.542825	-0.255508	-0.811532
1.943839	0.240787	1.886380	-1.498963	0.983634	1.193733	2.173683	-0.099690	-1.227854	-1.476567	-1.100927	0.987607	0.302443	3.562495	-2.974469	-1.987147	-2.778199	-1.500538	0.333142	1.604678	0.532421	0.922967	-1.006159	-2.526650	-0.386406	-0.599131	-1.920012	-1.574156	-0.984929	0.803201	-2.133158	-1.764160	-0.902243	-0.741630	-1.952098	0.668779	-3.059070	2.180994	-1.247193	0.762599	3.371973	1.489709	1.235712	-1.192110	-1.906396	-0.578424	0.794050	-2.046280	1.506034	1.086520
-1.164858	-2.314813	0.028673	1.041062	0.795891	0.026649	-0.625399	1.223621	1.168447	0.645356	0.233122	0.807943	-0.703278	0.926111	0.605760	-0.148559	2.843092	-0.887898	-1.803842	0.140732	0.791386	0.406238	0.535186	2.137939	-0.279433	0.970876	0.544653	0.441312	1.648158	0.904835	2.181541	-0.132957	1.353177	0.425177	-0.403213	-0.661131	0.576022	-0.654318	0.002289	-1.054693	-1.506362	0.574839	-1.506525	-0.081722	-0.034043	0.619491	-0.008494	-1.538683	-1.732988	2.964151
-0.109971	-2.166509	-0.647092	0.580242	0.176425	-0.793790	1.543864	-1.085396	-1.283663	-0.415636	-0.731499	-0.327964	0.008681	-0.393646	-0.779733	-0.116650	0.965537	0.404383	0.093724	0.561679	-1.066027	-2.316335	1.671964	0.146140	-1.844384	-0.232689	0.814791	1.813639	0.755827	0.686813	-0.259599	0.618027	-0.074704	-3.108411	-1.079087	-1.043188	2.241340	-1.451092	1.031237	1.190714	-0.225062	-1.545504	2.177527	0.665802	0.282923	0.640218	-1.697182	-2.638156	1.015518	-0.340884
-0.398917	0.045341	0.909195	-0.660256	0.537725	-1.223150	1.127698	-2.326455	-0.178788	-1.484238	-0.981544	-1.534453	-0.355163	0.579838	0.974272	-0.572560	-1.369909	-1.091200	0.932588	-2.664850	-0.760384	-1.230085	-0.106350	-0.439206	-1.557387	-0.672428	1.470322	0.586441	1.629855	0.604965	-0.523327	-0.103337	-0.114538	4.200315	-0.565687	1.098644	1.090237	-0.355430	1.186716	-0.705440	0.917158	0.345581	1.050043	0.254131	1.010817	1.594470	-2.068507	1.468912	-0.828620	-0.741968
-0.726935	1.204249	-0.658171	-0.700824	0.020730	0.671548	0.640779	-1.539238	-1.311709	0.038967	-1.335782	-1.013453	-0.322858	1.004983	-0.681723	0.166951	1.427089	-2.479462	-2.876918	-0.997300	0.749782	-1.024110	-2.651406	-0.319557	2.128548	-0.032608	-1.274519	0.215898	0.258863	-0.343407	1.135170	1.342186	0.237056	0.884560	-1.565414	-1.269031	0.845746	0.630169	0.619229	-0.787948	-1.396583	0.962509	1.808162	-2.659884	-0.710246	0.091791	2.283468	0.079421	0.157043	-0.718913
-0.759910	-2.031771	-1.633017	0.574675	-0.096821	-1.083331	-1.322216	-0.941917	-1.731113	0.247104	-2.201312	-0.603942	1.265063	1.290181	-0.031272	-0.612913	-0.269338	-1.201338	0.893499	1.781745	0.446748	-0.628699	-2.130214	0.778596	-0.755026	0.006543	-0.915551	-1.113796	1.457981	0.055389	-0.417250	0.906854	-0.223131	-1.454191	0.340469	0.230133	-0.178393	-0.071317	0.846768	-0.424652	-1.135217	1.427008	1.758717	-0.774662	-0.166280	-1.035883	-0.868489	0.460425	0.072030	0.848232
-0.312998	1.764727	-1.825893	1.905299	0.674535	1.280385	0.905697	0.162641	-0.308926	-0.834486	1.353477	-0.245681	-1.124272	0.092999	-0.544825	2.544202	1.045959	0.281952	0.562769	-2.128699	-0.721334	0.882450	-2.274861	2.029206	-0.723785	1.194566	-0.415736	-0.735630	1.372328	-1.522354	2.407936	1.701862	-0.387614	0.018496	2.000164	-1.144585	-0.146413	-0.491661	1.367492	1.607793	1.193420	-1.007601	-0.110412	-0.003050	1.709627	0.511774	-0.343090	1.582077	-0.430373	-0.634005
-0.247293	-0.462144	2.572110	1.436613	-0.042582	0.987043	-1.651079	1.047723	0.226648	1.889921	0.011785	-0.181424	0.971116	-0.281597	0.770368	0.047606	-2.749577	2.121059	0.929079	0.723353	0.608739	1.367836	2.955168	0.129079	2.766678	-1.173613	-0.826032	0.946946	-0.386624	-1.225287	-2.689283	1.302532	3.189080	-0.773557	-0.641213	0.417231	0.238644	-1.159377	-1.809776	0.734212	-0.783881	-1.006103	-0.778032	3.564287	-0.490822	0.927047	0.238700	1.871271	-1.465086	0.030883
-1.437115	0.923535	-1.175865	-1.348121	1.416145	-0.352945	-1.842176	0.391331	-0.737150	0.683902	-1.065677	-0.630793	-1.987685	-0.344950	-0.499818	1.036255	-1.023909	-0.496261	2.243059	-0.380100	-0.605778	-0.196312	1.418134	-1.707678	2.152141	0.324111	-2.038832	-0.072272	-0.999796	-0.542929	-0.830088	-1.312818	0.587189	2.121161	-1.155961	-1.715310	-1.219511	0.971378	-2.072746	1.387458	-1.641039	-0.721687	-2.112204	-0.346769	0.647267	-2.577969	1.904779	-0.160740	-1.343793	0.433919
-0.230339	0.442223	1.447225	1.796888	0.213926	-1.625726	1.048657	0.018146	-0.447439	0.302178	-0.537043	0.046652	0.487839	-3.861423	0.096338	0.314660	-1.510356	0.584118	1.732262	0.862037	-0.103198	-0.551516	1.657772	-2.318226	0.275840	0.223750	1.758883	0.566023	0.428798	0.689853	-2.538476	-1.450512	1.532992	0.310024	-0.144587	-0.725331	0.680311	0.642991	-0.168572	0.346013	0.051924	-0.960473	-0.569635	1.500292	0.240387	-0.241235	-1.185719	-0.187266	-0.692823	1.335244
-0.831818	0.271011	-1.214460	2.180513	1.180561	-0.885115	-1.681381	0.228656	-1.069649	0.980000	1.979345	0.312738	-1.544185	-0.952714	1.133542	0.453224	-1.091210	0.771854	0.468532	-0.621532	-0.117501	-0.569851	0.911813	-0.612385	-0.657880	1.535802	-0.179146	-2.703090	0.752085	-2.311058	-1.491014	0.609588	-0.013909	0.103114	-0.456050	0.430128	-1.781070	0.939865	-1.447861	1.730962	-0.303010	-1.473954	-2.479704	-0.732440	1.547559	-1.329202	-1.577436	2.151481	-1.559889	-0.515259
-1.166504	-0.978699	1.528352	-0.139699	-0.552103	0.195158	-0.091648	-0.147949	-1.031479	-1.263244	-0.268510	0.985760	0.312051	3.260584	-1.059239	-0.821716	-1.871445	0.743398	2.809073	2.380184	-1.129066	-0.470912	0.945413	-1.541380	1.678941	0.092612	0.375771	-0.871831	1.019365	0.120834	-0.289509	-1.703517	-2.514210	-0.869231	-0.807772	-0.344743	-0.869187	-0.338649	-0.411551	1.031787	-2.414335	2.114918	-0.186882	-1.862206	1.067935	0.572983	1.706866	-2.169432	0.720457	2.163402
-0.073736	-1.024890	0.678653	1.383847	-0.767208	-2.074061	0.400685	0.074255	3.985440	0.269431	-1.279774	0.968934	1.919564	0.534782	1.963470	-0.716929	-0.551255	2.098121	-0.651980	-0.666175	0.728291	0.058975	1.457860	-0.560041	2.391941	1.065236	-1.238390	-0.132596	-0.254573	-0.364274	-1.475268	-0.757928	0.078472	1.488874	0.748629	-1.650014	1.357602	2.267539	-0.738473	-2.209985	1.762071	1.051586	-0.912117	-1.556376	-0.975481	-1.212488	2.102051	0.778569	0.335772	1.185455
1.087691	0.508892	1.637160	0.484050	1.087978	0.412031	0.383676	-0.116799	-1.586852	-0.159992	-0.514784	-1.192280	1.284341	1.115525	-1.723263	-1.422445	-2.782360	1.285868	2.808344	2.693977	-1.049027	0.181164	2.497939	-1.020590	-2.742390	0.963795	0.187847	-2.784689	1.112560	0.261366	-2.381488	1.910069	-2.231300	-1.117624	-1.234045	0.878992	-3.117755	-0.152482	-2.447808	3.452241	-0.369574	0.778148	1.070505	-0.198430	2.154892	-1.180204	-2.170992	0.736795	-0.690342	-0.341921
-2.881740	-1.662290	-1.411928	-1.396707	1.208180	-0.220316	-1.130173	-1.667829	-1.238964	0.225125	0.084455	0.008864	1.317832	-0.858817	1.168202	-0.678786	0.737634	0.359789	0.114652	3.324577	-1.669152	-0.519118	1.264801	1.201677	-1.914085	0.151072	1.020173	0.824159	0.274207	0.293331	-1.044563	-0.169971	-1.096472	-1.534214	2.199045	0.129417	0.820828	-0.597119	-0.974332	0.568080	-0.223368	2.291764	-1.317555	0.325479	0.047114	1.104422	-1.758262	-0.265013	-0.133754	-1.483466
-0.757268	3.148733	-0.246460	-2.498099	-0.174787	-0.647050	-0.799845	1.052836	-1.417314	-0.330416	1.467127	-0.970587	0.761821	-0.931749	-0.220456	-0.749386	2.254647	-1.959821	-2.106819	0.576367	1.432138	0.253782	-1.202830	3.876281	-1.192669	-1.168348	1.071756	3.873301	0.977747	0.599001	3.951840	0.496307	-0.509019	0.241707	-0.918197	-0.090054	2.952310	-1.523719	2.000172	-0.549713	1.160686	-0.161524	1.281537	-0.499646	-0.381072	1.061636	-1.818764	0.064511	-0.663134	-2.417045
-0.237512	-0.308285	0.925677	2.464499	-0.202962	0.453265	0.495518	1.719853	-0.789379	-0.440555	-2.333316	-0.829690	-0.684157	1.186323	-0.561853	-1.209249	-1.038063	-2.831510	-1.314801	-2.490390	2.185333	-0.696509	-3.009642	-2.050747	0.301449	1.507586	1.186534	-3.942062	-0.053165	0.447346	-1.409629	0.869270	-0.566490	0.158870	-1.662903	1.191986	-2.755859	-2.400801	0.014146	-1.443849	2.329329	1.206149	-0.054618	0.380229	-0.537430	0.414520	1.162868	1.098072	-0.269261	0.779439
-0.957859	1.003824	-1.745977	0.881918	0.197995	0.868747	-1.096846	-1.523499	-0.811112	3.425496	1.397045	0.779796	3.154603	1.534981	2.648147	-0.664530	0.026340	-1.231056	-2.114362	1.188853	1.828610	-0.498406	-2.847982	1.749299	-1.284213	0.635155	0.105211	1.268172	-1.400103	-1.334673	1.992613	0.073321	-0.205035	0.661647	0.068181	0.824201	1.377938	1.570105	2.619502	1.021436	0.204628	2.356853	-0.706218	-1.338201	-2.496629	1.469902	-1.593280	1.662999	0.410540	0.640089
1.775569	-2.970364	0.629546	0.028046	-1.118603	-1.036931	-1.547555	-1.383432	0.674518	-0.052816	-0.883438	0.316949	-0.587245	2.339779	-1.635359	0.028609	-0.393011	-0.877318	1.434069	-0.242416	-1.136397	-0.228177	-2.301382	1.003499	0.668716	-1.038901	-0.980974	-3.047272	1.238482	0.960446	-0.137952	-2.208906	-1.034588	-3.006309	-0.966790	0.344076	-4.687080	-0.732609	-3.464307	0.828323	-0.906369	-1.675453	-0.153921	-0.111862	1.034410	-1.006340	-1.015216	-0.379918	-1.909313	0.068584
1.150818	-1.875338	-0.891491	0.117506	-1.497934	-1.557979	1.133361	-0.024572	0.532374	-0.590874	-0.144335	1.683453	-0.367204	-1.894716	-0.739709	-0.054480	-0.324683	-1.158486	0.007569	1.200516	1.135103	0.698997	0.536393	-0.341626	0.173225	0.728714	-0.596602	-1.169095	0.873859	-0.515325	-0.791047	-0.098379	1.415620	-0.968566	-1.221828	-1.380779	-2.039631	-0.046833	-1.985810	-1.617722	-0.234088	0.711092	0.703214	1.282778	-0.699616	0.557884	0.519597	0.235046	3.794001	-1.557809
-1.264944	-0.420870	1.301123	1.563366	0.287577	-1.456848	-0.552440	0.433197	0.876989	-0.619146	-1.153363	0.003505	-1.182584	-2.137689	-0.521455	-0.221709	1.298757	-0.116810	-0.670986	-0.101927	0.521723	-1.454617	-0.459789	-0.819657	-0.256361	-1.601709	0.237829	-0.335724	-0.581365	-0.649074	-0.237869	0.167642	1.207344	-2.276963	-0.514949	1.386554	0.706201	0.146846	1.429903	0.022785	1.700396	0.529908	-1.733717	2.344060	0.372586	2.610724	-0.122770	0.325711	-1.543234	-1.172866
-0.602954	-0.969199	0.886119	1.095885	-0.190309	1.785288	0.487129	-0.905643	1.102629	-1.008332	1.242993	0.476917	0.178274	2.985856	-0.657260	-1.021582	-0.615594	1.310867	1.469721	3.197794	-1.520822	-0.914510	2.027618	-2.398146	-2.486004	-0.282705	-0.309988	0.651686	0.959331	0.760327	-0.604924	-0.687932	0.935116	-0.965673	1.101384	0.862416	0.748313	0.065894	0.268581	-0.684382	-0.315599	-2.941838	0.725602	0.936276	1.724449	0.950826	-1.856648	-0.121016	-0.059735	-0.412635
2.128003	-1.154035	-2.015379	1.396192	-0.044988	0.503862	-0.111065	1.055527	-0.536250	-1.213518	-0.124992	1.952241	-1.113179	-3.120669	-0.503514	0.568729	-0.653043	-0.669867	0.905253	-1.318336	0.200780	-0.134301	-1.483678	0.612747	1.728721	0.574095	-1.212627	-3.414754	0.093699	-1.952479	0.143475	0.535942	-0.272153	-0.841529	-1.002883	-0.179983	-3.384713	-2.236088	-2.322171	-0.230905	1.650970	-1.904910	-2.310534	0.463771	0.358814	-1.780518	3.004461	3.133732	-0.061321	2.804934
-0.880567	2.078706	0.367890	-0.236674	1.046524	0.973760	-0.168193	1.573957	-0.758016	1.792707	0.798320	-0.634518	-0.343950	4.208362	1.458373	-0.731975	0.091282	-0.012453	-1.580940	0.736381	2.679058	0.843346	0.205230	-0.108779	2.128025	1.494838	-1.597181	2.172687	-0.278785	-1.429215	0.666368	1.974202	1.802002	-0.697383	-0.773754	0.066089	1.675119	0.997196	1.197943	0.999154	-0.812460	-1.617617	-0.265229	0.472553	-1.008760	0.496415	2.776263	0.136967	-0.731469	-1.425524
1.438312	-1.858795	-0.411358	-1.461680	2.115693	0.047094	-0.186118	1.095679	0.552391	0.158397	-0.926304	1.804717	-2.949524	0.183247	-0.243096	-0.553759	-1.102611	1.274397	2.921727	3.035660	-0.794184	-0.265291	1.909110	-0.436843	2.108745	1.277159	-1.876099	-1.677163	0.609228	1.461385	-1.324956	0.726698	-1.910331	-1.062259	-1.396582	0.599902	-4.401763	1.181154	-2.361882	0.483708	-1.023221	-3.010125	-0.240357	-0.650543	2.391172	-1.994547	1.774239	-0.853224	0.760302	0.049189
-0.902944	-1.006557	0.178668	-0.397690	-0.432308	-0.720655	-0.214114	0.407877	-0.348083	0.191684	-0.031107	0.290890	0.149363	-3.216679	0.896064	0.002391	0.614774	-0.824802	-2.681795	0.861063	1.027344	0.205238	-1.371982	-1.789372	0.201005	-0.477383	0.648691	0.836258	0.112664	-1.641084	0.233918	-0.698516	-0.757184	2.613871	0.955742	-1.302448	1.869222	0.589720	1.150070	-0.377712	2.089651	-0.340348	-0.231780	-0.965882	-1.090167	1.814348	-0.130413	-0.404480	0.906824	-3.132093
-0.412310	-1.695536	0.160967	0.193498	-0.135548	0.300186	0.443103	1.132519	2.627538	-0.813682	-1.331421	-0.175604	0.796169	-0.288558	-0.840502	-0.149485	0.264248	-0.066543	-2.617713	-1.232063	2.277643	0.283293	-0.372381	-2.608701	0.850299	0.481242	-2.197261	-1.248199	-1.063530	0.285668	-2.263085	0.064750	0.332650	-2.902855	-1.658333	-0.374972	-1.581316	0.141854	-1.344278	0.240722	-1.068363	-0.224765	0.121400	-1.047892	-0.565721	-1.483056	2.187559	0.910098	0.647600	1.687349
1.309810	-1.565953	-0.795057	0.616436	-0.291355	0.578108	2.407561	-0.393617	1.186211	-2.297815	0.151721	-0.198242	-0.699373	-0.059051	-1.279843	0.924501	-0.808212	2.443199	2.408887	-2.582283	-1.219921	-0.861879	3.391406	-0.605475	0.515573	-0.532656	-0.754179	-0.442468	1.468168	0.382083	0.407321	-0.658878	-1.739702	-0.686500	-1.401397	-0.030889	-0.779134	-1.483599	-0.669494	-1.156294	3.356043	-0.535420	1.160910	-1.570157	3.187302	-0.728507	2.250660	-0.198734	0.856497	1.562164
-2.218642	0.336581	0.068817	0.885835	-0.676094	0.461433	-2.629073	-1.404418	-1.967900	2.378128	0.738233	0.715644	1.198226	-1.120030	-0.166733	-0.431267	-0.623142	-0.102938	-0.154805	-2.039992	-0.855146	-1.023437	-0.980264	-0.429284	-2.717663	-0.570694	2.222303	-1.504416	-0.930543	1.179047	-0.124384	-1.338273	1.153715	0.141286	2.036240	-0.005427	-2.450703	-1.373258	-1.084842	-0.590482	-1.803362	1.026031	-1.711209	0.253602	-1.520125	1.911484	-2.896386	-1.203918	-2.536962	0.085617
1.363228	-1.189486	-1.083867	-2.647093	-0.401087	1.092881	0.096690	0.156299	1.496801	-0.058043	0.684061	-1.155282	2.261500	1.005519	0.517144	-1.627525	0.128196	1.547138	-0.853845	-0.306361	1.179553	-1.317776	0.429243	-0.543244	-0.117037	0.052978	-2.706700	3.208781	-0.414033	1.583843	0.930026	0.499937	-0.004499	2.423601	-2.342939	0.002352	3.124288	1.071860	2.021513	0.362145	0.681384	-1.032406	0.911355	-2.171420	-1.020686	-3.435095	-0.157644	-1.286702	-0.787656	-1.538198
1.166269	-0.246013	-0.663474	1.242496	0.515114	-1.400423	1.000682	-0.915388	-2.591127	-0.399597	0.540897	0.166547	-2.303496	0.433577	0.349352	0.941362	-0.452192	-1.092168	-0.670029	2.240054	0.179576	-0.396644	-0.989071	-0.562869	0.751563	-2.663436	-2.383952	-3.637020	0.982881	-1.265659	-0.822744	1.301730	1.929334	1.558377	0.338270	1.451916	-3.678569	-1.286059	-2.281766	1.946918	-0.190800	-1.423370	1.037829	0.208446	-0.583011	-1.064752	2.405341	1.858936	0.757421	0.288190
0.965394	0.748825	-0.479918	-0.061678	0.945592	-0.794138	1.221643	-0.873955	1.305209	-1.462524	0.699677	-0.093810	0.007292	0.148788	-0.271710	-1.656044	-0.337102	-1.196814	-1.144352	0.960716	0.457852	-0.294406	-1.445433	-0.152678	0.168060	-1.760197	-0.377000	-0.243415	-0.155537	-0.479672	-0.666008	1.230838	-0.966454	-0.794986	-0.436364	0.127260	0.576959	0.236989	-0.010929	0.509696	-0.123477	-0.106626	0.285620	-1.560322	-0.627577	0.116631	0.181904	0.467319	0.307743	2.627154
0.098327	-0.532394	0.768792	-0.561635	-1.230538	-0.936013	0.824139	0.130038	0.390584	-2.681608	0.872230	-0.130488	0.533498	1.498657	-1.958818	1.786681	0.993126	-0.554723	-2.513164	0.762784	-0.016254	0.144851	-1.427564	0.710339	1.974837	0.504798	-1.352158	0.796416	-0.294154	-0.773200	1.783481	-0.841839	0.438717	-1.860976	0.998385	0.659686	1.562734	0.267524	0.879058	-0.765257	0.835466	-1.159417	0.763818	0.016421	-0.675986	0.661203	2.347785	0.443983	1.335728	-1.852755
0.629580	-0.115728	-0.315932	-0.629937	1.877327	1.036326	1.687588	0.343259	-1.515844	-1.149285	1.131996	-0.208810	-0.858639	2.030482	-0.916414	0.002440	2.607263	0.548065	0.057665	-3.103335	-1.608641	-0.230795	-0.674557	1.770572	2.111992	-0.277171	-1.325185	-0.610940	0.503986	0.923808	0.590156	1.026641	0.771502	-0.054879	-0.311905	-0.785580	-1.156780	1.080005	-1.951108	1.560041	2.937696	-3.922151	-0.098792	-0.925455	2.093655	-0.462897	3.559919	-0.569691	-0.187543	-0.194087
0.268305	-0.033237	0.520134	1.804194	1.466090	2.256869	-2.202877	0.328615	0.829164	0.375833	0.427043	0.662185	-0.234910	0.258574	0.657822	1.132158	0.998913	-1.163982	-1.131703	-2.199285	1.470088	0.433126	0.457279	0.868604	2.793837	-0.515763	-0.314852	0.893213	2.015680	0.013677	1.150705	-0.501831	0.089830	1.134381	0.444279	1.450617	1.745413	0.599238	1.171500	-0.218093	-2.905432	-1.809118	-4.420226	0.283045	0.908332	0.342432	0.401341	0.219312	-3.372354	-0.981584
0.819992	-0.400467	0.142071	2.929335	0.634788	-0.214892	-0.480618	-1.406318	0.714496	0.097509	0.281452	-1.065238	-0.786640	0.935918	-2.511119	-0.222869	-0.187278	0.138072	1.076079	1.017178	-1.557517	-1.433574	-0.316409	-0.549862	-2.086327	-2.376347	1.063994	-0.408025	0.757807	-0.737897	0.979920	0.320534	-0.090598	-2.609939	0.400257	-1.066693	0.471025	-0.468824	1.289902	-0.427057	0.662673	1.193051	1.517347	0.010699	1.009987	-0.677879	-1.731087	0.286910	-0.313685	0.061987
-1.053247	2.086046	-0.220013	2.111041	-0.882161	0.122172	-0.426942	-0.253536	-0.230615	-1.095757	-1.617638	0.663872	0.999794	2.636008	-0.478333	-1.135846	-1.612947	-0.200572	0.418975	0.015647	-1.571248	-0.729033	0.663593	-0.717935	-0.571412	-0.620300	-1.295109	-0.931284	-0.550500	-0.976798	-2.089707	-0.196784	-0.317755	0.358339	2.687931	-0.681423	0.789974	1.080915	-0.922678	-0.723412	-1.375178	-1.527069	-0.077297	-0.348181	-1.829614	-0.351689	0.115073	-1.182117	0.600315	0.347270
1.346946	0.407285	-1.457572	0.055444	-0.681547	-0.828881	-0.188352	-1.471917	-1.199638	-0.724000	-1.063599	-2.450698	-0.796934	2.942048	-2.858654	1.895049	-0.359774	-0.649282	2.161694	-1.069771	-1.214015	-1.072935	0.811999	-1.719436	-2.753627	-0.262802	0.168886	-1.102490	-0.376221	-1.508500	-0.989668	-0.864463	-0.769440	-0.359245	-1.061282	-1.012062	-2.161828	-0.061822	-2.417555	-1.751335	1.477303	0.621759	2.011683	-1.711383	0.170484	-1.183268	-2.104062	0.050911	-0.665597	-0.193311
0.669438	0.237361	0.286726	1.816328	-0.858283	-0.701711	-2.031896	0.069860	3.122752	2.760056	-0.058350	-1.377244	0.727310	0.826065	0.944811	-1.304240	-0.661641	-1.806102	-2.085547	1.279413	2.469793	-0.956513	-0.417192	-1.364207	0.122976	0.106953	1.963166	-1.360516	-2.554596	-0.570704	-0.618763	-0.258093	1.887891	1.769834	0.207957	0.255273	-1.479977	3.199212	-0.971796	-1.753631	-0.579389	-0.588585	1.039525	0.251279	-2.473088	0.475769	0.437604	-0.026883	-0.088094	-0.235751
1.310823	-0.786245	1.267667	0.609640	-1.238993	0.556739	1.325462	0.733236	-2.316601	-0.043416	1.028712	1.135229	0.119056	-1.195565	-0.597267	1.618194	0.340405	-0.624195	-1.968530	0.329200	-0.333969	-0.563054	-1.096519	0.762926	-2.101793	1.613139	1.340729	-3.097178	-0.950522	-0.661739	1.016284	-0.410293	1.375458	-1.747619	-0.145122	0.542604	-2.653533	0.663112	0.792276	-0.328550	-1.762333	-1.835623	-0.418085	2.005498	-0.793479	-0.322972	-1.214350	0.779065	0.234069	-0.322424
-1.761727	1.865516	-0.754773	3.612788	-2.069829	-0.821239	-0.248348	-1.210302	-1.077633	-0.105517	0.422400	0.512999	1.416750	0.477528	-1.314256	-2.651815	1.776532	0.548268	-3.627192	-1.266681	2.211958	-0.746270	0.793178	1.031336	-1.955781	-1.623661	0.111037	-2.718900	-2.155313	-2.264507	-0.814318	-0.752203	0.808121	-2.706677	-0.748640	-2.077211	-0.070526	0.557421	-0.447668	-3.168663	1.169185	1.432824	0.464320	-2.039820	-3.662321	3.024326	-1.679709	0.468113	1.178634	-0.859908
-1.063287	3.451634	0.213678	-1.299461	0.323427	-1.172494	-1.895419	0.253131	-0.528742	0.562693	0.415619	-2.687563	0.869584	-1.723076	-0.292281	-0.210611	-1.468244	0.913169	3.288664	-1.244527	-1.860318	0.191318	1.550813	-3.424823	-0.398232	-0.516940	1.211942	-1.314907	2.506196	-0.073462	-2.593943	1.942178	1.063815	-1.523788	-0.933844	0.204319	-0.704475	0.073391	-1.235340	0.977660	-2.609393	-0.531653	-0.149564	1.452253	2.129816	2.442733	-1.703687	0.264894	-1.026872	-1.159633
0.559058	4.049084	1.556923	-0.480875	-1.008340	0.557510	-1.449817	0.160354	-2.563461	1.728951	-0.879557	-0.500719	-0.656928	-0.393348	1.080312	-2.071762	-0.843845	0.431589	-0.209453	1.564495	0.617606	-0.222856	0.976912	0.607769	0.885889	-0.834203	-1.886452	-1.167095	-0.891988	1.048365	-2.086597	0.257438	-0.325057	1.333184	-0.444373	1.402302	-0.683099	-0.228163	-0.003043	-0.820419	-0.063116	1.417795	0.793227	0.310568	-1.440796	-0.019176	0.930588	-0.449120	0.070792	-0.099895
-0.040260	-0.884761	-0.030431	1.854816	-1.134579	-0.382760	-0.329755	-0.826519	0.497319	0.989602	0.978043	-0.522407	0.928556	-0.119051	2.240452	0.688453	-0.424767	-1.759648	-1.350323	0.822239	1.395121	-1.373050	-1.736510	2.327138	-1.199174	-1.204048	-0.333337	1.889580	0.584514	0.059197	2.813320	-0.342668	-0.459798	0.938437	-0.336749	1.630802	2.619163	-0.484626	2.484301	-0.465983	0.620613	-1.593319	-0.366987	-1.295800	-0.748062	0.464499	-1.114588	0.217208	-0.601164	0.636926
-0.162866	0.711162	1.766473	-1.000796	1.703493	-2.199003	-0.855742	2.002692	-0.372346	-0.878691	0.874482	-1.839322	-0.186390	2.159566	0.602979	-1.070120	-1.068680	-0.180762	2.002802	-0.607207	-0.356309	1.748485	-0.544047	-1.289316	1.007344	1.387050	0.210242	0.853698	0.758533	-0.322577	-2.821650	2.640012	-0.167336	0.554792	-2.403590	0.414959	0.625628	-0.979659	-1.364522	0.895908	-0.506469	-0.386525	2.029753	-0.013791	1.688609	-0.271585	0.515455	0.022034	0.626846	2.044176
-1.027480	1.946730	-0.061900	2.000339	-0.042347	-0.184422	0.639378	-1.523232	-1.461085	0.201829	0.832180	-0.156617	-0.770298	0.991230	0.063133	1.504515	1.677684	-0.166875	-0.247077	-2.382794	-0.410640	-0.482802	-0.772572	1.450210	-0.962425	-1.995120	-2.145281	0.380534	0.194236	1.766041	1.594464	-1.292888	0.559429	-0.828184	-2.008311	2.427975	1.977967	-0.785844	2.490045	0.430609	1.474872	-3.019014	-0.048921	0.712522	-1.294158	-0.256480	-0.957191	-1.602499	-1.035826	3.206299
-0.603701	0.944057	0.581539	0.648898	1.973102	-0.360555	0.197781	0.805002	-0.779255	-0.630618	-1.251135	0.824619	1.058190	-3.495329	0.470941	0.496079	1.408156	2.127711	0.807163	-0.410787	-1.771639	-0.611574	1.933417	-0.421854	-1.840068	1.975856	2.210396	0.117056	1.547089	0.378133	1.298123	1.350579	1.362953	1.580886	-0.449033	0.122474	0.921517	0.758055	0.291786	0.205743	-0.242123	0.493877	-0.346685	1.004774	1.409345	-0.205199	-1.242119	0.274873	-0.018986	-2.343482
-0.547344	1.099621	-0.728330	0.593104	-0.432399	-1.182106	1.505115	-0.146544	0.846553	0.557725	-1.184803	-0.283645	-0.401010	0.120777	1.796302	-0.245816	-0.987284	-0.364361	-1.516949	0.358595	0.414885	-0.757046	0.163050	1.247502	0.273700	-0.855791	-1.585515	1.149086	-3.418361	0.837761	0.476882	-1.131488	-3.579104	2.019526	-0.199809	0.670084	1.151016	-1.254385	1.331261	-1.161805	-1.677465	-1.698310	0.505385	-2.126576	-2.712249	-0.104131	0.545909	-2.685535	0.135792	1.732695
-2.046101	1.276607	-1.577402	-0.707494	1.098888	-0.648840	-1.459362	-2.182366	1.949830	0.400548	1.126166	0.241559	0.921844	-1.256476	-1.282145	-1.953941	-0.140467	-0.398800	0.904587	-2.499344	-1.692180	-0.437417	0.837089	-3.195172	1.179601	-2.635263	-0.605488	-0.494462	1.841212	-1.872022	-0.730227	-1.797295	0.587244	-0.966127	-0.210312	-2.307800	-1.029840	1.027183	-0.304312	3.272943	0.013406	0.115025	-1.558817	0.962092	1.605609	1.566196	-0.765633	-1.234577	0.119361	-0.956335
-0.860793	0.072826	-1.207428	-0.529235	0.113859	1.047970	-1.671930	-0.649979	-1.274879	1.052031	0.616418	-0.345533	0.434805	0.895967	0.775370	0.050793	-1.556447	1.487228	1.350953	-2.580621	-0.450267	-0.571359	1.119305	-0.625428	1.533813	-0.821218	2.281934	0.993018	0.080215	0.003007	-1.296066	0.779764	-0.191642	3.644575	0.493101	0.376212	2.280798	-2.025485	0.364952	-0.600945	0.019877	0.563122	-0.537164	-0.876784	0.845785	1.148742	0.236830	-0.725879	-0.996367	-0.743041
0.971593	-1.168804	0.595724	-0.291967	0.975062	0.778562	0.730118	1.813530	0.287152	-1.222524	0.818500	-1.304458	0.284495	1.724784	-0.518209	0.330718	-1.039948	2.895172	3.216687	-0.594570	-1.230433	1.292525	3.912937	-0.187639	1.131833	3.281294	0.696936	0.882742	3.312829	-2.492837	0.110875	0.528124	-1.447590	1.131296	1.186287	-1.977381	0.996186	1.508620	2.869685	0.588737	1.917193	1.308598	1.808455	-1.444958	4.340696	-0.019795	1.127470	0.431806	1.610183	-0.578477
0.360448	-0.079862	-1.513386	2.549904	0.664991	1.864671	0.596357	-0.434762	-1.143402	-0.960810	0.587633	2.233503	2.946675	-2.101771	-2.198635	0.136276	0.312031	-0.234888	-0.165540	-1.606860	0.362744	-0.118780	1.725228	1.442391	-1.628688	0.269869	-0.455124	0.393295	-0.086649	-0.635618	1.297460	0.587304	2.472572	-2.279404	-0.179059	-2.285239	1.941624	0.168466	0.377727	0.390615	2.657662	-0.371052	-0.715852	0.849493	-0.498834	0.242702	-0.438941	-0.949975	-0.201723	2.759912
0.031852	0.003258	1.955884	0.097137	-0.872103	-1.296977	3.289229	1.710008	1.399303	0.154767	1.584777	-1.159716	-0.608522	-1.485496	0.584872	-0.613471	1.071436	-0.888338	-2.779043	0.913572	2.033000	0.510060	-1.795605	0.419741	1.389440	2.022612	-1.545903	2.669889	0.183575	-0.520081	1.768704	-0.064727	0.452089	2.943886	-0.153959	1.121204	3.635715	-1.064247	4.164742	-0.411116	2.558832	0.083266	1.937720	0.597422	-1.705936	-0.576119	2.513691	1.504972	0.564506	1.215900
-0.951333	-1.554667	0.575552	0.089673	0.861261	-1.695723	-0.682339	-0.244998	0.916017	0.353108	1.880081	0.422320	-2.848933	0.017625	-0.548770	-1.277406	2.488268	-0.494493	0.719443	1.842470	-2.364606	1.161927	-0.064785	1.402208	-1.071293	0.251902	0.908142	-0.877294	2.858415	-0.340451	2.030654	1.357458	2.177454	-1.509976	0.406573	0.827993	-0.576766	0.211817	0.951933	1.097550	0.906243	-0.359954	-0.386466	2.133990	3.452382	1.410745	-0.658710	0.825852	-0.228612	0.537455
0.622107	0.118282	0.544217	0.129967	-1.085782	1.079863	2.404073	-0.470216	-1.169339	-2.422055	1.470615	-0.280169	0.905066	-0.706852	0.358411	-0.078228	-1.406806	-0.370713	0.687638	0.632203	0.523104	-1.369302	-0.362367	-2.277637	-1.133871	-0.062149	-0.305948	1.527157	-1.525906	2.096426	-0.274969	0.195318	-1.293440	-1.526701	-1.212133	1.305331	1.988895	-1.172419	1.115260	-2.063841	1.142558	1.410702	3.055030	-0.302379	-1.702260	-0.507987	0.228115	-2.101469	1.102668	0.651644
-0.193009	2.659991	-1.297935	2.176454	-0.841119	-1.171333	-0.992508	-0.607993	0.734016	1.705388	-2.815360	2.455327	1.521639	1.552225	1.012468	-0.729992	-2.645376	-1.995695	0.577285	-1.059664	1.236612	-0.298947	-1.643043	-1.167413	0.052369	0.948413	0.219199	-0.557411	-0.051578	0.706821	-2.805480	0.230097	-0.280693	0.166660	1.477648	-1.412017	-1.064532	2.713235	-1.055814	1.213255	-1.331129	0.206800	-3.009680	-2.095496	0.065794	-0.583217	-0.224490	-0.399995	1.107963	0.451487
-0.252947	-2.568584	0.862256	0.477313	-0.794976	-0.084682	2.150891	1.655346	-0.433655	-1.921100	0.783690	0.948076	0.880115	-1.134116	-2.222432	0.309227	-0.782180	0.788430	-0.342996	0.255528	1.598924	0.511583	1.443484	1.433728	-0.554369	-0.643114	1.640092	0.853051	-2.149785	-0.477913	0.087257	0.312310	-0.343652	-2.839274	-1.203639	-0.419318	0.719026	-0.576701	-0.704898	-0.426008	-0.004053	-1.000049	0.249747	-0.907234	-1.355405	-1.296572	0.886778	1.086579	0.300463	-0.220743
-0.930456	4.607837	-0.446817	0.073855	-0.406547	-0.261374	-0.991916	-0.061666	-0.762453	1.553768	-0.001331	-0.923758	0.687561	0.770873	1.098942	-0.712149	-0.484944	1.666081	0.107672	1.443370	0.357527	-1.997085	0.930001	0.482249	-1.391356	1.257197	3.032072	-1.068739	0.457465	0.035847	0.154946	1.520422	0.913609	1.233938	0.366957	-0.723759	-0.541906	-0.710345	-0.387996	-0.498826	-0.518342	1.363867	-0.137411	1.119583	0.547080	0.950295	-1.544823	-1.113318	-0.435646	0.704569
1.549695	-0.688076	-0.730577	0.488760	0.649954	-0.463371	0.471329	0.278955	0.043043	0.096926	0.321879	0.898512	-2.324755	0.869938	1.936996	0.748118	-1.914087	0.175136	2.057650	0.989184	-1.592492	0.887946	0.269765	-1.759158	-0.633312	-0.539545	-0.344561	-0.972824	1.392401	-0.045403	-1.091963	0.870576	1.129589	2.425087	1.044904	0.693615	-1.111594	1.542985	-1.455367	-0.424496	-0.197557	0.199198	-0.454540	2.171681	2.685820	-1.264215	-0.459555	0.125567	1.158576	-0.749817
0.101448	-1.209880	0.133011	0.789631	-0.610818	-0.040548	0.343298	-0.048292	-1.757258	0.557567	1.942043	0.087641	-0.548684	1.757703	0.197996	-0.559768	-0.860161	1.089867	1.019260	-1.880467	-0.296304	0.071737	1.458379	0.189329	-1.255550	-1.007739	2.586461	1.961864	0.282456	0.497805	2.537388	-0.378168	0.110648	-0.671777	-1.802731	0.674644	2.454634	-2.725833	1.557086	-0.151677	-1.994859	-2.395085	2.063408	-1.041402	1.199306	0.953814	-2.235974	-0.863587	2.916895	-2.626510
0.098832	2.254927	0.284078	4.170080	2.878733	-1.855797	-0.754676	1.005616	-0.620896	0.881697	0.979955	0.884880	-0.771442	3.337532	-1.048021	0.619475	0.369600	1.332421	1.358853	0.438896	-1.793100	-0.001057	-0.252975	0.144400	1.224578	2.287056	-0.047588	-1.171755	4.475763	0.248117	-0.233200	1.815214	0.547367	-3.036625	-0.380494	-0.309650	0.684357	0.522257	0.145170	1.674329	-1.725107	1.845099	-1.902128	0.249750	4.582831	1.464586	0.866247	0.042516	-1.164003	-0.226864
-0.442187	0.291178	0.511274	-0.538225	-0.715783	0.599236	-0.604057	-0.145688	2.612549	1.407662	-0.994900	-1.735903	-0.643585	-0.106387	1.872467	-0.993855	0.331736	-1.291247	-1.853850	1.535282	0.873841	2.416199	-3.192108	0.007039	-1.097067	3.871111	0.548022	-0.571070	-0.743151	-1.193784	1.316083	-0.967641	-0.649729	1.078115	0.924908	-0.507392	0.036143	0.731104	-0.304332	-1.196683	1.233430	1.684084	1.625404	-1.099114	-2.772809	0.004439	-0.732069	-0.357691	-0.995071	-0.370224
-0.101347	-1.155439	0.389312	-1.387119	1.970061	-0.328497	0.830180	-0.879410	-0.292216	1.063998	0.840617	-0.108313	-0.628875	-3.014993	0.716274	-0.971809	0.277321	0.267946	0.672142	-1.089979	-0.905617	-1.158081	0.383008	-0.131277	-1.581219	0.012866	1.532010	0.120741	0.376743	0.391613	0.829172	1.613881	-0.511648	1.903029	0.830747	1.109738	-0.308349	-0.510629	-0.186830	1.037072	-0.655984	-1.340126	0.790526	1.847700	2.512102	2.559703	-1.933861	0.703097	0.404552	0.864640
1.981496	0.878547	-0.323012	0.584582	1.631910	-0.275558	4.006473	0.596282	0.046628	-2.316487	-0.309929	0.275210	-0.120633	-2.097213	-0.493964	0.296034	1.831577	-0.032987	-0.854081	-0.835050	-0.611156	-1.452122	0.415967	1.951942	0.166075	0.104250	0.054521	-0.440449	1.359011	0.226105	1.909403	-0.512325	-0.057258	-0.689403	0.665142	-0.296738	0.072480	-0.414355	-0.380759	0.359772	1.982154	-2.379243	-0.278193	0.605256	0.074814	-0.483320	1.437928	0.617943	-0.815462	2.223603
-1.691681	1.568330	-0.345656	-0.191767	-0.652121	-1.138792	-1.967442	0.042114	-0.112474	0.002411	0.022026	0.041706	1.110605	-1.639039	2.381874	3.040157	-1.755486	-0.467506	0.253658	0.733760	1.312020	-0.903857	-1.541046	0.538730	-0.262382	-1.594778	0.827513	2.151551	-0.849125	-0.143307	-0.572675	1.615334	-0.444855	0.894250	3.428072	0.423452	2.735577	-0.073703	1.957387	1.581331	-2.561021	-0.918446	-1.503942	-0.039391	-0.671956	2.477016	-0.579087	1.214982	-2.235579	2.396312
0.679212	-0.877521	-0.985056	2.105225	-0.980016	-0.486243	-1.794115	-1.272162	0.242252	1.717931	-0.922223	1.457277	3.462993	-0.592290	0.815423	0.440357	-2.538177	1.483321	1.601583	2.973075	0.541290	-0.559539	2.177463	-4.516629	0.908144	-0.650701	-1.471723	-3.064358	-0.251732	1.243358	-3.838412	-0.712666	-0.206163	0.726458	1.390940	0.638647	-3.370855	-0.225338	-3.833388	-1.738618	-0.311920	1.649602	-2.862972	0.392045	-0.765764	-2.623068	0.152395	-0.138072	-2.065727	-1.075067
-0.167474	-0.718570	-0.695605	0.417392	-0.277839	-0.107101	-0.104753	0.836608	-1.973583	-0.088348	0.216408	-2.784382	0.874559	0.227208	-0.175153	1.143994	-1.027748	-0.091436	-0.179998	-0.915024	1.708668	0.012840	0.177466	0.581101	1.343651	0.138590	-0.196112	1.848046	-0.431212	-0.696300	-0.257049	0.008894	1.767203	-2.489736	1.460472	-0.755979	2.740512	-1.764445	1.971575	-1.330284	-0.579758	-0.513191	2.631613	0.409298	-0.856705	-0.280422	1.674183	-0.253784	0.144735	-1.034309
-1.077578	-1.681671	0.792428	0.701622	1.156656	-0.060939	0.389536	-0.972080	-0.967143	0.084719	-1.226859	0.164358	-1.206650	-1.848334	0.165477	-1.400651	0.805591	-0.979868	0.630928	0.509438	-1.500854	-0.128472	0.072397	1.085740	1.056957	-2.664747	-3.006848	2.342690	0.097635	1.569825	0.972625	1.189280	0.203762	-1.168812	2.056430	-0.057296	3.133521	-1.230158	2.706785	-0.312256	-0.837243	-2.452217	0.750904	0.601003	1.631197	-0.193340	1.918709	-0.387720	1.672261	0.355089
0.764370	1.043178	3.031501	0.086071	-0.525059	-0.981918	1.622603	-1.838402	-2.368901	0.838130	0.418354	-2.550579	2.411491	2.537301	2.179695	-3.314216	0.014094	-0.889918	-1.035938	-1.556670	-0.057558	-1.395761	-1.364496	-3.817013	-1.320976	-1.349203	-2.802844	1.081948	-1.075680	1.352374	-1.454504	0.399358	0.364168	2.734150	2.861584	1.003412	2.196601	-1.251893	0.312888	0.310808	1.773163	-1.850287	3.958480	0.235543	-1.946615	-1.200563	0.404057	0.301672	1.052019	-1.515722
-0.316176	0.679135	1.851181	1.285208	-1.786462	1.025975	-1.335437	-0.654604	-1.111023	0.613232	-1.357634	1.342056	-0.097591	4.037995	0.427895	0.426890	-1.786123	-0.448600	1.275077	-1.373567	0.049968	-0.508234	0.803578	-1.278325	1.533606	-1.937288	-0.785403	-1.716471	-0.774361	-0.242657	-2.150996	0.063054	-1.008160	1.143480	-0.178512	-0.388790	-0.154241	-0.687013	-0.836825	-1.949328	-2.853996	-0.833100	-1.038051	-1.044476	-0.755856	0.152611	0.689181	-0.645387	-1.200000	-0.558346
-0.876956	-0.625506	1.258194	-0.904255	0.013759	-0.849039	-0.066954	-1.110987	-0.144787	-0.597038	-1.040351	-0.513816	0.386972	0.931498	-0.152710	0.644250	-2.883470	2.861825	2.944343	0.653386	-1.282560	-1.122530	0.240938	-0.747581	-1.354691	-3.682933	2.704782	-0.778567	1.124963	1.450136	-1.394807	0.583879	0.196779	1.019847	1.489040	-0.121284	-1.604660	-0.529511	-0.034818	0.087707	-1.973483	0.959885	0.215641	1.968958	0.103640	1.274633	-2.809162	-1.681032	-0.803411	0.889968
0.740351	-1.446938	0.417899	0.384297	0.492059	2.095561	-0.827884	0.919467	1.514256	1.349074	-1.230265	-1.237400	0.585346	0.422660	0.443286	2.376504	-0.189928	-0.624068	-0.352634	2.312016	0.091820	-0.225941	-2.256521	-0.270733	1.653174	0.266919	-0.332794	-1.694961	0.492218	-1.152544	-2.632010	-1.121511	0.914410	1.152241	-0.162911	0.800480	-2.053709	0.185165	-2.166438	0.319371	-2.847381	0.146787	-0.311550	0.949960	1.121244	-0.638691	1.016487	1.192428	-0.745820	0.907761
1.263944	2.744006	0.066893	-1.973599	-1.533369	1.197126	1.014354	1.001913	0.154953	-1.287094	0.043921	-0.064584	0.688807	-2.949048	-1.523855	1.791137	0.365602	-0.391873	-2.813685	-0.751329	2.179923	2.589290	-1.310426	0.436112	1.627873	-1.289696	-1.150104	0.685238	-2.741640	-1.637967	-0.119118	-1.167717	-3.496906	-1.568910	-0.899038	-0.772826	-0.826844	0.300000	-1.379824	-1.794358	-0.529231	0.005389	-2.090299	-3.781297	-4.065805	-0.182476	1.948825	1.814101	-1.204553	1.488087
1.737852	0.613040	-0.374992	0.114328	0.414244	0.162498	2.053887	-0.066622	2.572495	-0.274461	2.309024	-0.375279	-1.313108	0.107799	1.834085	1.048887	0.598527	-0.653363	-1.743573	0.495477	0.873534	-1.168787	1.016309	1.756602	-2.449214	0.704362	0.419992	-0.231293	0.739855	-1.285916	0.960402	0.545218	-1.570589	1.879623	1.751593	-1.860172	-0.533908	0.487643	-0.787098	0.610259	0.445073	0.473070	1.372941	-1.151903	-0.759369	-0.491980	-1.717003	1.252889	0.750929	0.067779
-0.526363	-1.422630	0.545004	-1.424419	0.571087	-0.478255	-0.090911	-0.263973	0.900516	0.707897	-0.431415	1.693136	1.170669	-1.845155	0.462737	-0.703037	-0.880129	-1.669329	-0.438589	-0.672579	-0.869179	0.031651	-1.978958	-0.254217	-0.430941	1.371054	2.022147	0.310179	0.399301	0.453024	0.338417	-0.403057	-0.251328	1.374231	-0.676629	0.084881	-0.705281	1.270123	-0.717729	1.535441	-1.328562	-2.763560	-1.160531	-0.363719	-0.194930	0.332758	-0.651743	0.358861	-1.361904	1.052130
1.820559	-0.261319	-0.287371	0.279345	0.121235	0.063358	2.014416	0.225409	1.223431	-1.401574	-1.904894	-1.647570	-2.402388	-0.123618	-0.017632	0.803006	-1.307477	-0.518133	1.682715	3.214141	-1.341882	0.050640	-0.137416	-1.434756	-0.499687	-0.071986	1.174799	0.230899	0.978664	0.684135	-2.550243	0.200659	0.710368	-1.694836	-1.611953	1.408774	1.392819	1.353496	-0.132784	-1.268306	2.806257	-2.875670	0.776636	2.291811	2.403594	-1.061599	-0.802009	-0.624728	0.058959	-0.624999
0.903399	-1.518877	0.264376	2.172068	0.219123	1.770560	0.130301	0.464851	-0.560412	1.495312	1.234899	0.966311	1.259775	-0.615261	0.502806	2.062459	-0.743263	1.319378	1.102400	2.966190	-0.700063	1.164108	2.823578	2.544542	-1.353652	0.744723	1.852266	-1.590597	-1.061471	1.327792	0.280967	-1.010524	-0.336908	0.821627	-1.587147	0.063762	-1.645714	-0.569256	-1.331777	0.899124	1.990912	2.050124	-2.147658	0.394598	-0.056816	0.235832	-1.650135	-0.580518	-4.107820	2.035979
