X37	X49	X5	X40	X27	X20	X32	X34	X44	X26	X33	X2	X36	X11	X50	X42	X25	X18	X41	X43	X23	X14	X3	X39	X10	X31	X16	X7	X30	X19	X48	X24	X12	X1	X46	X6	X38	X28	X29	X9	X35	X8	X47	X4	X13	X45	X15	X17	X22	X21
0.860926	-1.060022	1.654098	0.769063	-0.559063	0.622420	-0.951526	2.410584	1.726075	-0.858208	0.214701	0.575728	0.380009	-1.465941	-1.065369	-1.207340	1.857161	-2.163313	-3.408594	0.619739	-1.188135	-0.558949	1.058169	1.536272	0.857278	1.274092	2.223309	-0.941674	2.430290	0.860549	-1.397097	1.346612	-0.509020	-0.059774	-2.220489	3.813271	2.238051	-1.438450	0.900592	-2.778603	-0.148088	-1.372715	0.416986	0.286498	-1.297079	-0.281568	2.028628	0.316483	0.926679	-0.378641
1.353209	-0.749705	-0.543154	-1.702430	0.301358	0.804905	0.388659	0.213959	-0.521466	3.421688	2.330656	1.453981	-0.313138	0.012070	2.387973	1.311451	1.099517	3.027616	-1.261493	1.617489	-1.415090	2.905252	0.404635	2.351312	-0.001263	-1.874847	-0.413623	4.695705	-0.575785	0.399481	-0.147438	-0.350195	0.343696	1.067764	0.638159	-0.934846	-1.492644	2.958662	0.140266	1.477733	1.880286	-0.948254	1.411446	-1.061339	3.731385	-0.949846	0.318359	1.997409	0.590454	-1.432903
-0.391472	-0.131984	0.721219	-0.693776	-0.275033	1.128811	1.657112	0.145665	1.458322	0.537251	0.118782	0.727206	-0.079244	-1.362974	0.021142	0.197630	-1.592223	0.465801	-0.035100	1.708920	-0.530705	-2.337298	-0.094634	0.258092	-0.422672	-1.723539	0.676431	-1.864319	0.541945	0.226423	-1.246865	0.810256	-1.400848	0.483579	-1.462150	0.571149	-1.635490	0.008364	-0.349209	0.813648	1.193231	-0.902662	-0.734454	-1.969981	-0.492655	0.866896	-0.265649	-1.989887	-1.699671	4.072191
1.108107	-0.775836	2.450187	3.403172	-0.100503	0.367069	2.692665	0.428770	0.781738	1.554139	-0.010607	-2.451790	-0.322847	0.431957	2.362547	-1.416190	-0.065128	0.287436	-2.007897	0.852122	-0.951689	0.591252	-1.299031	1.446992	-1.781203	-0.170540	0.868257	0.186263	1.673309	-0.232577	0.900629	2.331062	-1.097478	-1.340512	-1.442738	0.569211	-1.139007	1.626525	2.894644	-0.780051	0.865701	-0.124584	1.576561	2.022034	-1.476385	4.252473	-2.242173	3.671079	-1.069846	1.247674
-2.853114	-2.198227	2.336838	0.847698	0.900316	0.366469	-0.618954	-1.057645	0.198414	0.854015	0.079253	0.740458	-2.130163	0.715614	-0.621017	-0.177134	0.315766	-0.169821	-1.471601	1.896199	-3.346915	0.932337	2.026392	0.130764	1.285786	-1.803691	-2.516460	1.005618	-1.058817	1.516133	0.011517	-0.582878	0.571907	-2.407850	0.149886	-1.937715	2.661073	-0.667830	-1.192086	-0.921617	-0.082437	0.130728	-2.084569	-0.510115	-1.168229	1.236446	0.841372	-0.667699	1.220437	1.318584
0.156025	1.080473	-0.789906	-0.280392	-0.438769	-0.973083	-1.348841	-0.454649	-1.159915	0.259151	-0.476841	0.278610	0.496262	-0.522942	-1.774620	-1.182011	-0.294686	-0.900263	2.437254	1.607115	-1.429419	0.262171	0.063010	0.982281	1.568488	-0.615923	0.344159	-0.950910	0.429399	0.872462	0.435329	-0.988761	-0.967592	-0.600301	0.659561	1.400044	1.521086	0.384856	-1.523828	1.194540	-0.542557	1.040665	-0.242285	-1.072720	0.442369	-2.518669	-1.366563	-0.583500	1.210445	-1.139913
0.217526	1.185728	-0.131185	1.077029	2.840509	-1.823004	2.874005	-1.526292	-0.394444	0.269290	0.831899	1.310878	0.183831	-1.885621	0.350816	1.274944	0.481247	1.837121	0.567063	-0.973605	0.741003	0.111990	1.417801	0.020154	2.367837	0.639192	1.141803	0.280783	-1.520063	1.893800	-0.499429	0.708536	-0.207279	-0.256112	3.929910	0.758178	2.524342	-0.948849	2.076743	0.069661	-0.531113	0.468651	-0.603320	0.902196	0.083070	2.687676	1.680563	1.703890	-0.344837	-0.191733
1.306222	-1.723043	0.278131	-0.111735	0.200280	0.444860	-1.642183	0.371939	1.871478	2.532674	0.934215	-0.232203	-1.017271	1.141722	1.739779	-0.728593	0.607288	-0.319290	0.096207	0.018787	-2.778673	1.336450	0.493804	0.664337	-0.958624	-1.557366	-0.535006	1.495767	1.298326	-0.749045	0.339559	2.390046	1.529480	0.608460	-0.427251	0.211506	0.482627	1.134757	2.313564	-0.507127	1.401535	-0.748445	0.473841	-0.825849	-1.915026	2.086720	0.583333	1.631952	-0.673228	1.935709
0.672367	0.841857	-0.669584	0.714888	-0.035384	0.641826	-0.733043	3.456630	0.636547	-0.710647	0.553785	-1.323735	0.620487	-2.473776	-1.315110	-0.220556	-0.701978	-4.306970	1.044933	-2.021389	0.618504	0.572087	-0.248058	-0.158620	1.126774	1.090741	1.988284	0.604425	0.555858	-1.121739	-0.387166	-2.942266	1.196765	0.106536	-0.883704	2.138216	2.723262	-2.100787	-1.833702	-0.673438	-0.322927	0.241295	1.153705	-0.287469	-1.170671	-0.812678	1.353103	-0.589323	-1.740485	-0.320749
-1.419825	-0.864911	1.910412	0.308862	1.790215	-1.535362	3.637440	1.207232	1.625339	2.254218	-1.983852	-0.421323	-2.346332	0.240486	-0.425920	-0.486439	-0.448722	-0.806644	-1.665711	2.149639	-1.355474	3.370829	-1.395788	1.062504	2.991983	-0.642888	0.333871	2.444413	-2.659337	0.466981	0.586988	-0.201861	1.916318	0.053749	1.862785	-0.267131	1.920018	-0.491971	-0.477113	-0.905673	1.503958	0.425354	0.886305	0.864356	-0.122236	1.329527	-0.636825	-0.646127	2.397632	0.223941
1.191692	2.670768	-3.508756	0.145660	0.859262	-1.009664	-1.044599	-0.730280	1.348406	-0.335105	0.268603	-1.351280	0.462510	-1.702328	0.152354	-0.014157	0.352679	-1.416468	2.571863	1.006142	0.330861	1.268786	-1.317343	-1.725217	0.314503	-0.420215	1.096605	0.818168	-0.375251	-0.386559	0.828157	-1.839739	-3.160303	0.737609	1.129652	0.076904	-1.110369	0.454417	-1.644336	1.845029	-0.922591	0.643958	0.753583	-1.145506	0.749742	-2.221137	-2.991056	2.896966	-0.348414	-0.539290
-1.535112	-1.710769	-1.408415	0.300644	-3.253011	-1.256971	2.266835	-0.583325	-2.737320	-1.116542	-1.277731	0.361360	-0.009980	-0.592307	-1.044252	-0.197664	0.752282	0.671888	3.357463	1.669674	-1.117100	0.260866	-4.557352	-2.054317	0.760205	-1.253649	0.211972	0.330526	0.156140	-0.506682	1.816176	-1.924172	2.629097	-1.185973	-0.334726	1.880296	0.987141	-0.293803	-1.877040	1.945770	-0.507514	2.696105	-0.761185	0.592081	2.573886	-1.431687	3.213954	1.524992	-0.459963	-0.834097
1.614499	0.776288	0.987649	-1.004676	-0.091542	-3.571513	-0.345016	-4.207244	0.064322	1.603042	-0.633501	0.860718	-1.002041	-0.207890	0.134846	0.299970	-0.802075	0.485767	-1.043332	0.559420	-1.296325	1.425144	0.097259	1.403205	-1.451170	-0.596253	-0.254384	2.763535	-0.965325	0.276633	0.025849	-0.596881	-0.270994	0.613186	1.066725	-1.097664	-2.578707	-1.178906	0.978744	-0.705103	2.319224	-1.793314	1.245930	1.708950	1.066922	1.621234	0.287985	-0.292612	0.158480	3.440354
-0.209108	-1.688853	0.564596	-1.171636	-1.387432	0.897048	-3.110424	0.270240	0.042505	1.507555	0.570211	0.093941	0.149454	-2.273358	0.582803	-2.497789	1.918316	-1.691484	-0.042018	0.516772	-0.395584	2.166872	0.134186	4.254942	-0.001256	0.767592	0.900860	1.562942	-1.543448	1.794670	-1.335212	-0.574172	-0.765349	0.259747	-0.833628	0.174516	-1.466093	-1.018531	0.240604	-2.679876	3.279614	-1.406475	-0.369015	1.693986	0.288210	1.421104	-0.640684	-1.371586	-0.936865	1.220819
0.918010	-0.094253	-1.595538	0.226513	-0.232971	0.493826	1.820798	0.085200	-1.560975	0.076518	0.587482	1.673903	1.209082	0.547710	0.519764	-1.417748	-1.341539	-1.592944	2.035240	1.200244	-0.869938	0.230070	-0.035948	0.120248	-0.613898	-0.579168	-1.270605	0.068073	-0.302229	-0.621200	-1.295674	-1.719710	-0.654945	0.889574	-0.982099	-1.382405	-0.829461	-0.977388	-1.718973	-1.165107	-0.838299	-0.891033	0.646355	-0.343903	-0.960176	-1.789561	-1.331777	3.759182	-2.071044	-0.392760
2.053730	0.683408	2.502038	0.074739	-0.559312	-2.890694	2.584692	-1.928836	0.575855	0.240419	-0.144770	0.011081	-1.958522	-1.355002	-0.732913	-0.563893	-1.088483	-0.669147	-0.497434	1.652975	-0.404287	0.430405	-0.756339	-3.486619	-0.197212	-0.950974	-0.858422	0.990498	0.711744	-0.867032	-1.001101	-0.561634	1.177694	-0.572832	1.238231	-0.299867	0.190723	-0.441820	0.137091	-0.684211	-0.456927	0.117768	0.948439	-0.762111	0.151117	-0.864753	-0.183486	1.905247	0.473460	-0.580989
0.248626	-0.384110	1.291410	-0.230315	1.159216	-2.351703	-0.623191	-1.166101	0.207898	2.409077	0.439002	1.276341	-0.671513	-1.402125	2.557855	0.255946	-0.441879	-0.704414	-0.962335	-0.077455	-1.539030	-0.134922	-0.325605	1.517629	-3.297356	-0.968487	-1.099300	0.822407	-2.558127	0.619196	-0.593174	4.725451	-0.903305	-2.131834	0.013877	-1.263878	-5.167982	-0.435272	4.155634	0.280471	1.817290	-1.048576	-0.225222	0.129652	3.820354	2.136406	-0.882197	1.367525	1.442894	0.666624
-2.544051	0.260119	-0.278311	0.175126	1.551265	-0.303524	-0.288798	-0.184507	-1.291612	-0.067624	-2.101817	0.343674	0.940401	1.876041	0.514416	-0.733322	0.722695	-1.337082	0.023551	0.146256	-0.513198	-2.378775	0.239100	-0.392333	-1.222472	0.766636	-4.628797	-1.552303	-0.610345	0.022554	0.616155	-1.814356	-1.428677	0.109990	2.184790	-2.699652	-2.610953	0.273566	-1.560445	0.586730	0.021738	-1.275114	-2.742040	-0.969036	-0.626079	-2.459896	1.233284	-2.288089	-1.097843	-2.084214
-0.071475	0.508153	-0.249170	0.277422	0.674008	-0.457307	2.530794	-0.513418	-0.459001	0.726316	2.096800	-0.295659	0.408332	1.367075	0.948703	0.099414	0.484793	-0.364388	-1.707702	-0.276179	-0.749719	-1.557885	2.361041	0.656985	1.407659	0.033516	-1.931145	-0.974958	-1.883370	-0.623974	-0.421573	-3.508937	-0.480432	-0.493277	0.988189	-3.130607	-0.148992	0.124789	-1.211299	2.102663	0.989302	0.921750	0.632616	-1.004862	-0.463845	0.726756	-1.814737	1.544251	0.071388	1.697937
-0.565202	0.001716	-0.061176	2.667783	-0.255882	0.895023	-1.682514	-1.175648	-1.147166	0.402109	-0.872224	-2.039229	1.607379	-0.335199	0.317692	0.053126	-0.380351	-0.561562	-1.965052	0.360567	-0.676340	0.061688	-1.875556	-0.237429	-1.476967	0.024314	-0.049078	-1.171066	0.074754	-0.414122	-0.207176	-2.982156	-1.231708	-0.287182	-2.498060	0.339002	-1.254433	-2.079047	-4.056319	3.227628	0.476415	-1.052469	-0.192360	0.490035	0.566668	-2.915989	-0.950684	-1.013416	-0.772792	-1.974639
-2.054200	2.729211	0.634324	0.254894	0.588204	-0.191661	-0.761298	0.690456	-0.559431	1.212826	-0.155877	0.072670	-0.612847	-1.565503	0.514177	0.646243	-1.686557	0.606476	1.130831	1.432037	0.720878	1.100442	0.342076	2.432800	0.182272	-1.209608	0.181273	2.405922	0.848835	0.312579	-2.304296	0.494189	0.124468	-0.188559	0.889950	0.249355	0.584144	-0.373015	0.420572	-0.213818	2.713487	-0.663989	-1.292922	-0.297867	-1.068775	0.767732	0.421684	-0.879325	1.172546	-0.167441
0.642571	-0.589848	1.939963	1.575541	1.039335	0.733664	2.162814	-1.921750	-0.954127	-0.669504	1.715173	0.845457	-0.745677	-2.143805	0.435889	-0.881774	0.960721	2.488846	-2.043767	0.245743	0.401258	0.511812	1.757076	0.431827	-0.847447	-0.586085	-1.408763	-1.346576	-0.371631	-0.784688	-0.128812	0.473999	2.877481	-1.111283	-1.035814	0.006970	-1.652283	-0.053359	0.387363	-0.273665	0.026513	-1.222393	0.934295	-1.802912	2.660604	1.418532	0.365215	1.031353	0.408349	-2.139142
-0.231160	1.856374	-0.491770	2.888318	0.268842	-1.212628	-0.344005	-2.113812	-0.658312	-1.621234	-2.583858	-1.789125	-0.285528	1.180736	-0.659155	-2.020082	0.652736	3.800840	1.519646	0.108000	2.014560	0.172003	-0.785384	1.652551	0.393909	0.886216	0.868861	0.270348	1.225257	0.307870	2.598913	-2.017318	1.011862	1.481899	0.240421	0.009400	0.178902	-0.211106	-3.109710	-0.546871	-0.581407	1.239849	-1.382105	0.676282	-0.339317	-0.578403	1.063080	-2.592900	0.300437	1.681832
-1.549574	0.996119	-1.191282	-1.708184	1.491382	-1.371925	-0.336223	-3.193764	-0.446337	-0.984814	-0.862973	-1.440132	-0.272045	-4.687231	-1.053130	1.350897	-0.486955	1.322672	-2.021542	-2.217482	2.133964	0.009593	-1.161307	-0.190025	1.513422	0.188472	-1.967220	1.600442	-0.039781	-1.885050	0.210752	-0.439458	-2.176467	-0.262347	1.112712	-0.523172	1.383547	-1.008790	-0.901690	0.436723	0.198826	-2.693628	-1.162567	0.421322	0.019557	-0.889810	0.425380	-1.275524	-0.672214	-0.437884
0.766435	0.114257	2.309761	-0.740785	1.470926	-1.265626	1.405323	0.454998	1.092620	-0.694690	-0.504769	1.502277	-2.382688	-1.309068	-0.586661	-1.681669	-0.045144	-1.524850	-3.441762	1.515324	1.394679	-0.313542	-2.429587	-0.035240	0.222059	0.237708	-0.209237	-1.116694	2.049848	1.764015	1.626506	-0.338321	-0.278512	-0.769202	1.204377	0.611426	1.044786	-0.381693	-0.372971	-0.338631	0.287379	-0.180585	-0.587201	0.079959	-1.669478	1.700599	-1.194380	1.241836	0.398469	0.558455
-1.464110	0.638320	0.786717	-2.615359	0.576966	-1.515652	2.971549	0.779962	0.833964	-0.648988	1.071420	0.766094	0.105527	-1.065137	-1.170323	-0.681620	-1.304046	-3.035816	-1.408626	-1.563093	1.357400	0.800380	-0.488172	-0.408328	-0.093221	0.993294	-1.431685	0.176079	-0.062163	-0.421802	-0.176959	0.856842	-1.071116	1.132175	1.299834	-1.429699	1.429984	0.821960	0.838604	1.126014	0.016278	-0.341783	-0.388810	-1.855008	-3.629128	0.084837	-0.163837	-0.094653	-0.402288	0.573170
-0.046791	0.326589	0.698236	-1.880973	0.101878	-0.237144	-2.117861	-1.818144	-2.255573	-1.056478	2.022740	1.524099	-1.976529	0.879651	-0.371062	0.167562	1.605252	2.084271	-1.095874	-1.384751	2.508579	-1.606651	2.229365	-0.455758	0.144033	0.749427	-1.928218	-2.573244	0.044941	0.972888	-1.072912	4.514511	2.049516	1.485109	1.080149	-1.969053	-0.128182	-0.518401	1.517639	3.106208	-1.664440	-0.253134	-2.052584	1.626903	-0.683767	1.906634	0.736381	0.668918	1.198544	-1.563175
-0.493475	0.752371	-1.508425	0.596921	-0.340449	0.725125	2.511458	-0.261742	-0.320314	-2.533789	3.078797	-0.429208	0.905159	-0.632687	-0.716034	-1.500006	2.259962	-0.624538	0.198403	-0.976728	0.002669	-2.327460	2.016056	-0.505703	-0.957028	2.276096	-0.536384	-3.769093	-1.150996	-1.258861	-2.860370	0.040161	-1.314166	1.210423	1.043369	-0.754453	-1.144979	-1.143832	0.164026	-2.371139	-2.722527	0.936285	-0.657563	2.370531	0.670276	-0.381106	1.092266	1.352349	-0.007589	0.915570
-2.892668	-0.571471	0.573868	-2.269286	-1.082506	0.029718	-0.811558	-0.868746	0.279888	-0.110930	-1.917958	1.775834	-0.868202	0.256765	-0.602801	0.787960	-2.917443	0.489179	1.350912	-0.104354	-0.164138	0.905082	-1.903728	-0.769010	2.213526	-1.971998	0.273766	1.532352	1.204341	0.203504	2.378569	-0.113346	0.194374	1.508987	-1.043404	0.672685	0.945629	-0.116739	-0.441732	4.350879	-0.648530	1.273404	-3.615537	-0.267030	-0.376276	-0.181161	-0.624117	-1.261560	1.933025	2.411641
0.003603	0.044749	0.126424	2.553398	-0.186241	0.839199	-1.971343	2.102856	-1.443774	-1.429152	0.233374	-0.594503	-2.002698	-0.867964	-1.232708	-0.277901	-1.194375	-3.112680	0.629315	-0.343517	-1.019182	-0.838624	0.924001	-1.613201	-0.726253	-1.894404	-1.296423	-1.680100	-0.543230	-0.263178	0.158859	0.356175	-0.741054	-0.661818	1.388471	-0.498324	0.207047	-2.174481	0.261822	-0.776920	-1.319317	2.115050	-1.058046	-2.571244	-0.016965	-0.114283	-2.279246	1.338545	0.858613	-1.568270
-0.219457	-1.269517	-1.273877	0.480967	0.538721	-1.371097	0.154208	1.357658	-2.013425	-0.676548	-1.878544	0.526978	0.139074	1.123575	0.208003	-0.502705	-0.335402	-3.483801	2.026946	-0.507702	-0.933578	-1.369150	-2.984986	4.252690	1.880174	0.559683	-1.096735	-2.204519	-2.086559	-0.051554	1.974843	3.514404	3.720536	-0.230287	2.262047	-0.792935	0.414063	0.994791	2.376749	0.486430	1.353021	0.844269	-0.125099	-0.282323	2.239386	2.929050	3.896240	-1.725301	-0.514827	-2.473536
-0.377949	0.427542	-2.070101	-1.843275	-0.806030	1.391356	0.469149	1.571635	-0.418434	0.584116	-2.285097	2.695206	0.949054	1.481540	0.164170	-0.166575	1.628765	0.744467	2.453011	-1.033554	1.199122	0.169414	-1.255359	0.668282	1.817332	1.760830	1.162525	2.323180	-0.992339	0.943907	3.515880	-0.606370	1.655619	-1.179174	0.802623	0.734760	2.664391	0.894778	-1.333966	-0.545022	2.234195	1.569088	-0.328569	-1.175661	-0.714517	-1.861015	-1.124156	-2.565570	1.704445	0.486561
0.316035	2.481610	0.391893	1.146899	-1.762782	0.916945	-1.538457	-2.751785	-0.323674	-0.056897	1.912028	0.279493	1.090780	-2.047538	-0.092180	-1.051165	3.236561	2.379914	0.378668	-2.570034	1.299589	-0.298689	1.105438	2.070997	-2.300700	2.542641	-0.927830	-1.561363	-0.980239	-1.253167	-2.584846	2.528695	-1.946621	2.339327	3.106692	-1.599833	-5.659313	-1.259715	1.843665	-1.131286	-0.777897	-2.303330	0.511559	0.204621	3.564025	0.327022	-0.244128	2.543323	-1.234958	0.703008
-2.784970	-2.088224	-0.568895	0.091220	-0.724613	0.834543	-0.639270	0.329728	-0.258001	-0.043778	0.715436	1.914058	0.685889	-2.224620	-0.089865	1.097869	-1.109178	-1.059652	0.611452	-1.782659	2.471841	2.458130	-1.987732	-1.801433	0.813837	0.860180	-0.963406	3.771884	1.019904	1.779863	0.123911	0.241098	0.865009	2.911605	0.425270	1.715448	1.269417	-0.090472	1.074168	0.775799	-1.307826	1.605793	-2.812442	-0.608517	-0.321080	0.624014	0.877563	0.862124	0.917924	0.544101
2.043555	-0.307222	-1.390270	1.297531	-0.544837	-0.582944	-1.829312	-0.657684	-1.714218	2.044580	-0.319269	0.658967	0.238285	2.648422	1.973923	-2.693187	-1.791298	-2.177198	2.012769	2.783669	-1.295339	-1.255186	0.828277	0.557649	-0.381297	-1.204881	1.410122	-0.054861	-2.103110	0.076052	1.014854	1.303665	-0.874323	-0.895087	-0.845628	-0.859815	0.357509	-0.616060	0.497166	0.868880	0.308030	-1.248346	1.679790	-0.154980	-0.591775	-0.864999	1.625984	1.729700	0.271776	-2.020330
-0.597025	0.202645	3.429808	2.411913	0.199837	2.065955	-1.758488	-0.011064	-2.200085	-0.105510	-1.453948	0.155057	-2.256433	-2.682957	0.579093	0.526437	-1.574782	2.180595	-1.874210	-0.137742	-0.249142	0.693735	-0.633720	0.259126	-1.984337	-0.889809	-1.361216	0.307726	0.883837	-1.417006	0.611771	0.354978	-0.651410	-0.023164	0.282459	-1.345224	-0.685135	-1.050095	3.135373	0.529997	1.845364	0.189211	-0.747582	0.410024	-2.702428	1.657108	-1.126777	-3.906110	-1.655005	-1.935757
-2.012659	0.122979	-0.830959	-3.296144	-0.267006	-1.067710	0.861272	1.760530	-1.352699	-0.584276	0.770743	-2.099276	3.515437	0.242854	0.680026	-1.698937	0.855799	-1.352031	1.522509	-1.276644	2.081481	-1.081015	4.264209	-0.512117	1.395436	2.422815	3.508883	-0.123538	-1.170071	-1.319304	-0.005562	0.527518	-0.715146	0.370033	2.024070	2.802184	1.465601	-0.003475	0.943751	0.901961	-1.021935	0.121323	-1.101236	0.998204	2.739371	-2.698266	-0.088049	-0.903966	-1.340011	0.705938
-0.580697	-0.110907	0.008940	1.918453	-1.302496	3.665654	-0.217037	1.572813	1.398133	-1.446531	1.265515	-2.519394	2.068769	-0.186972	0.515182	-0.496338	3.228739	0.307533	-0.157214	-1.933524	-0.657242	-1.111197	1.543262	-2.164376	-2.114884	2.357173	0.295436	-1.920029	-0.923293	-0.845773	-0.645365	-2.953143	0.057472	0.302720	0.180071	0.836061	-1.651177	-0.100228	-2.150652	0.532200	-1.721643	1.954119	0.824862	1.021736	1.703725	-2.243149	-1.185609	0.603573	-1.715805	2.216762
-2.935228	-0.921890	-0.042611	1.733525	-1.885826	0.592062	-0.646920	1.231662	0.749705	-0.195397	0.268767	1.893032	-1.934440	-0.700631	-0.958742	-0.172626	2.389412	-1.842576	-0.398429	-0.705108	0.072576	-3.894685	1.699055	1.597568	2.534738	0.941162	0.546255	-2.952929	-0.124681	1.285229	0.015238	-0.963014	0.966540	-0.991361	1.434091	-0.344342	1.655504	-0.650568	-0.016976	0.596157	0.757049	0.663399	-1.693009	1.729825	-0.165087	-0.402064	0.141982	-0.863712	-0.841255	0.044753
-0.979145	1.148729	-0.593740	-0.257437	1.576010	1.861764	0.088458	1.990050	-1.224284	-0.800925	-0.414439	-1.098639	0.127018	0.786910	-0.506738	0.187510	0.074881	-1.495375	0.112715	-1.060322	0.607416	-0.213022	0.015572	0.999629	-0.445924	-0.004160	1.342225	-0.806214	0.531033	-0.788415	1.496231	1.700705	-0.517258	0.263439	-0.126490	3.187192	-0.451076	0.599384	1.226439	-0.633796	-0.777652	-0.508177	0.266471	1.191325	2.552256	0.107153	-0.060787	-1.970065	-3.347337	-0.298378
3.071272	0.637887	-0.659288	1.321708	1.171784	-0.462592	-0.111707	1.394655	0.381381	-0.244879	0.992939	1.444045	0.441993	-0.125399	0.410833	1.936133	-0.164891	-1.183664	-0.736356	0.630630	0.746058	-0.381740	1.693484	-0.253055	-0.857224	-0.678956	-0.678082	-0.996936	0.341808	1.241328	-2.477738	0.205061	-1.628060	0.153400	-0.080988	0.452078	-1.018709	-2.333233	-1.182860	-1.458300	-0.410332	-1.666213	1.351628	-0.383713	0.538376	-1.319519	-0.948044	0.101301	0.118037	-0.307702
-1.910980	-0.052724	-2.485309	-0.157678	1.182374	-2.874955	-0.582364	-2.604917	1.548038	-0.156392	0.796322	-1.300574	0.961432	-0.373780	-0.139149	0.273849	1.489479	2.277053	1.202814	0.121718	0.204534	-1.287377	3.049976	-1.167057	1.486659	1.234748	-0.826788	-0.769513	-0.531145	-2.385078	0.002003	-0.424892	-3.046133	1.448393	-0.051193	1.659333	0.515618	-0.652492	-1.024517	1.575633	-0.060799	-1.635660	-2.771354	-1.027152	2.776269	-2.668406	0.383882	-2.359378	-0.781509	4.405520
0.082492	-0.814770	-1.868806	-0.954821	0.549508	-0.214932	0.016025	0.445542	0.688539	-0.314580	0.525855	-0.023225	1.541427	-1.789962	-1.385110	-0.733892	-1.179810	-1.760254	1.175356	0.153782	-2.293766	-0.353126	0.792875	0.299441	1.269728	-0.452703	-1.036595	0.441163	-0.694083	-1.225330	-0.496170	-3.323256	1.361845	0.032334	-0.600472	-2.489022	-0.377383	-0.487748	-3.124571	0.607995	-0.492874	1.409997	0.310823	0.001885	-0.832906	-2.889296	0.105087	1.292664	-2.015660	-0.723619
-0.759824	0.445018	-3.204170	-0.776774	0.869898	-0.168766	-0.471828	-1.457883	0.071681	-1.882630	0.980653	0.193015	2.543416	-1.843084	-2.682793	-0.336686	1.210402	1.312951	2.660998	-1.179899	-0.434343	-1.848373	-0.337014	-1.429492	-0.482941	1.002273	-0.739697	-3.225280	2.399634	-0.135959	-0.464278	-1.150464	2.479549	-0.963130	-0.680164	0.937892	1.391690	-0.164077	-0.966342	-1.634645	-2.345714	1.919078	-0.929286	0.849298	-1.847149	-1.804967	0.347336	1.323624	0.295286	-0.690177
2.604525	0.553990	1.784066	1.150752	0.802062	-0.828366	2.207987	0.066658	1.321673	1.401314	0.458083	0.689595	-1.204299	-1.139550	-0.829217	0.243171	3.139638	0.138997	-1.066840	-0.221788	-0.499868	4.068055	0.496420	1.460207	1.935757	0.621713	-0.128100	4.358238	0.079645	-0.345037	-1.501833	-1.979435	-0.491749	-1.484086	-0.937827	1.335687	1.542366	0.471078	-1.097750	0.365514	2.039208	-1.078208	1.502739	0.977346	-0.452440	-0.325698	-1.508217	-0.271329	-1.302155	1.062690
-0.640603	2.009199	0.096461	1.491977	1.374394	0.241541	2.582190	1.269885	1.810654	0.494757	0.811965	-0.484541	-0.135226	0.754530	-1.811597	-1.474323	2.315240	1.946212	0.200460	-2.009177	1.154937	1.404868	0.860401	-1.186411	3.326398	0.972231	-1.130611	0.917818	0.544021	-0.363212	-0.569819	-1.403968	0.739011	0.814810	-2.897889	-0.910687	1.613068	1.247716	1.070197	1.018024	-0.018928	0.787447	-0.628967	0.509979	0.802166	0.779455	1.441820	2.041233	-0.285974	1.677404
0.662482	-3.166105	0.559210	1.680853	-0.343845	-0.886748	1.796512	-1.074043	-0.093135	-0.935060	0.272670	-0.113439	0.531553	1.538918	-1.289221	-1.863235	1.675386	2.310126	1.158243	-1.740237	-1.619598	-0.506970	1.104569	0.638810	1.675099	1.443932	1.777929	-1.508865	0.867991	0.069470	1.209520	-3.110171	-0.890859	-1.314439	-3.111973	1.003107	1.528013	1.169849	-3.462900	1.509315	-0.653661	0.300945	1.635897	0.697374	-0.090782	-0.514308	0.424523	0.386655	0.545365	-0.869492
0.230605	-0.406962	1.921511	-0.093576	-2.110351	3.680888	-0.021149	1.403050	1.388335	0.379876	-1.020644	1.166335	0.100257	3.489251	1.527565	0.724210	-0.168346	0.275218	-1.996535	-1.484269	1.626100	0.207640	0.079619	0.810442	0.202470	0.168506	-1.985137	0.019192	0.297173	-0.226564	0.559757	-0.592435	-2.112076	1.553531	-0.029311	-1.898181	0.545674	2.293761	-0.955992	-1.065718	0.554444	-1.162575	-0.210683	1.126228	-0.625854	0.723669	-0.541319	-0.740874	-0.810627	0.904668
-1.676484	1.528062	2.272751	-3.132378	0.825584	0.068876	-0.526666	-1.228013	-1.479393	-0.751430	-1.634454	-0.334847	-1.304950	-1.598796	1.964327	-1.824237	-1.421780	-0.636855	-1.683041	0.222940	0.847317	-0.380730	-0.241085	1.606167	-3.237181	-2.453211	2.658320	-0.802641	1.193653	-0.164524	0.529418	0.155430	1.546826	1.197610	1.155114	1.944222	-0.932422	-2.402346	-0.666368	-1.064133	-0.664871	-1.030725	-2.399915	-1.490480	-1.475815	-1.918733	1.393543	-0.242620	-0.826567	-1.752409
-0.065017	-1.709819	-0.195226	-0.833107	1.015804	1.499228	-1.019384	0.624260	2.130712	1.314434	0.505546	0.441576	-0.944934	-2.553216	-0.762514	1.133797	-0.622878	1.270333	-1.546008	1.362891	-0.650841	1.939936	-0.295324	-0.489455	0.947224	-0.701242	1.375081	2.200912	0.785036	-1.849669	-0.896439	2.799993	0.233140	-0.428239	-1.359680	-0.341828	0.325985	-0.842167	2.539159	-0.763312	0.947120	-0.885374	2.405395	-1.707055	1.236503	2.367084	1.898461	0.606707	-1.627404	2.162241
-1.171906	-1.763572	-0.227444	-1.733028	0.166802	0.455242	-0.000748	0.237471	0.734077	1.159812	-1.411772	0.163996	0.040618	-1.611383	0.167912	0.735947	-1.501708	0.786346	0.772249	3.393736	-2.479211	0.173281	-3.305898	0.471544	-0.757592	-3.331190	0.863520	0.321680	1.650657	-0.212811	1.284229	-0.552737	1.394561	-1.972544	1.018680	2.793054	-0.007449	-0.362107	-0.249631	-1.015871	1.418965	0.905759	-0.155642	-0.138831	0.818487	-1.853868	-0.951789	0.664612	-1.080518	0.038401
0.213565	1.368883	2.613081	0.844295	0.733708	0.655713	0.889347	1.208250	-0.115915	0.299806	-0.531985	1.055769	-0.415330	-0.354822	-0.207371	1.607911	-0.651648	1.708947	-2.816190	-0.168573	-0.378652	-0.178386	-0.815652	0.151887	-0.562587	-0.638089	1.960472	0.106991	-0.130271	-1.071208	0.556305	0.439370	-0.596269	-1.073937	2.996613	0.801426	-0.227472	1.226619	-1.126719	-1.558968	-0.384090	-0.042196	1.765211	-1.192417	1.196389	0.980814	-0.098334	-0.814040	-1.421982	-1.792564
2.254292	-1.825681	-2.634882	0.572100	0.532194	-1.188838	-0.992392	-1.448687	2.276861	-0.248971	3.764668	0.728562	1.594114	-0.435012	-0.179771	-0.317601	1.434366	1.291744	1.790290	1.694024	-1.518985	-1.372478	2.791499	-2.898464	-0.692502	0.464395	0.126370	-0.901912	0.784501	1.337735	-1.393592	-0.692785	-1.796205	0.236791	-0.185463	0.074477	0.544380	0.034361	1.003040	2.236902	-1.945839	-2.417824	2.194325	-0.338942	-0.431079	-2.003851	-1.103627	2.700640	1.432893	1.185702
0.323676	-0.211455	0.945611	0.939448	-0.247582	-1.037235	0.409726	2.186265	-1.066395	0.824464	-0.722088	-0.665489	-0.194684	0.451864	2.464482	-0.783455	0.111704	-4.716644	0.368280	1.560408	-2.757945	0.240665	0.457846	1.923876	-3.376860	-1.374926	0.429765	1.544852	-0.640016	0.710261	0.636000	-0.713851	2.704160	-2.516523	-1.218928	1.224761	-4.752543	1.152785	0.391741	1.112240	1.899148	0.861576	1.031639	-0.608185	2.886436	-1.001728	2.254785	-1.740553	0.569533	-2.275382
-1.219538	1.047217	0.894874	0.341796	0.786758	-2.057959	0.089244	-2.887415	0.655568	-0.268399	2.505968	1.470101	0.216389	-1.949478	0.295825	0.408550	0.573728	2.092689	0.811735	-2.371417	0.631087	0.188553	0.955040	0.549515	-1.088143	1.251374	0.426190	-1.159644	0.484132	-0.646875	-0.228325	0.481774	-1.895353	0.499930	0.777327	1.195923	1.207551	0.331284	-1.629673	0.823030	-0.148273	-1.587807	-0.540977	-2.015945	-0.194100	-2.235674	-0.980504	0.687999	-1.106068	2.116750
1.290289	1.343924	-0.321872	0.527049	-1.878029	-0.982050	-1.128568	-1.447748	1.662299	-1.639076	0.531708	0.032142	0.211526	-1.330691	-0.593719	2.125723	1.762655	1.497119	1.894394	-1.729709	0.965217	-1.047878	-0.735263	1.227658	-0.502633	2.465235	1.347957	-1.591897	0.884792	-1.813940	1.662022	-0.486857	2.975629	-0.267316	0.893676	0.586340	-0.096783	0.775662	-0.743554	2.423948	-1.077614	2.135171	1.998655	-0.802432	-0.760096	0.891844	0.379458	-0.524628	-0.784499	-2.886074
0.633326	0.360608	0.078352	-1.174727	0.851043	-1.084193	1.109267	-2.233544	-0.152730	1.273504	-0.592444	-0.259973	-1.975219	-0.642621	-1.248587	-1.267727	-1.677205	1.472100	0.780551	0.263990	1.318301	0.934706	-0.797703	2.832344	2.693548	-1.217457	-1.378838	0.250795	-0.234490	0.087632	-0.136333	-2.423025	0.750362	-0.785086	0.086495	-3.267111	1.830290	-2.062894	-3.549058	-0.170841	2.128219	-1.186476	0.334545	1.647285	-1.939599	-0.571192	-0.622694	-1.881008	-0.263149	0.514364
-0.577359	-0.144994	1.333663	1.977254	1.500601	-1.749511	1.598756	-2.609891	1.898810	-0.045073	-0.481261	-0.366643	0.559128	0.836371	-3.404499	0.849324	-1.702460	0.375779	-0.945274	-0.586709	-0.209157	0.766623	1.015652	-0.248445	3.896267	-0.444376	0.596989	0.164843	1.454581	0.057422	-0.685451	-0.566639	-3.008624	0.549961	-2.542486	1.618032	4.324478	0.638144	0.069317	1.275718	1.185808	0.239250	-0.389332	0.011650	-3.056069	-0.698784	-2.339940	-2.324470	-0.368607	1.021456
-3.688891	-0.398218	2.019795	-0.897651	0.595284	-0.961425	2.995808	-0.693182	-1.494982	0.626176	-0.498107	-1.703240	-0.078673	2.499863	0.485464	0.828137	2.498495	1.541218	0.449772	-1.676566	0.266612	-0.170349	1.314150	0.631253	0.887171	1.571298	0.538926	0.686523	-1.536946	-1.466884	1.993232	-0.337021	-1.983672	1.054078	0.371143	-0.645173	0.173866	2.506961	-1.161567	2.492791	0.308308	-1.856585	-3.974836	2.157348	1.998645	1.440082	-0.945589	-0.991585	-0.118655	-3.921326
0.023377	-1.833486	-0.461430	-1.188807	0.544987	0.041391	0.415743	-0.238780	-1.498248	-2.093550	0.741838	0.705691	0.613113	2.158635	-1.170863	-3.007825	2.631083	-1.117697	0.191017	2.027747	-0.969123	-2.291219	2.003165	0.264009	1.635386	0.941667	0.071460	-3.119339	-1.007970	2.182928	-0.374390	-1.170885	-2.421734	-1.258140	-0.874329	-1.997660	2.192354	0.656586	-1.265345	-1.772089	-1.194129	-1.117542	-0.333690	-2.853105	-0.932565	-1.512394	-0.175908	-0.030917	0.102196	0.776825
-0.134788	-0.868926	0.285476	-1.011492	1.020789	-0.078821	1.534488	-1.173444	0.027354	-1.208033	-0.418227	-0.477289	-0.158079	-2.110810	-1.215678	1.186563	-0.694875	-0.730115	-0.501965	0.499088	-0.157685	-1.993895	-1.622132	-0.589803	1.423085	-0.183841	-1.189770	-1.004982	0.723836	1.949506	0.905461	-2.614816	-0.287874	-1.890344	0.047250	-0.332315	0.792771	-0.016367	-2.025939	0.752106	-1.066123	0.088728	-1.413348	-1.635457	-0.059615	-0.705724	0.402439	1.050522	4.069283	0.599104
0.630015	-0.486204	0.395592	0.628902	0.377752	-0.320763	0.801261	-0.410460	0.883772	-0.750653	-2.497116	0.254184	0.623684	0.500235	-1.921687	0.690021	-1.362013	-1.138641	-0.628465	0.001059	-0.369335	-1.547517	-1.830150	-1.237559	0.301476	-0.253351	1.212933	-2.362571	-0.808268	-0.262990	1.006605	1.623408	0.618380	-1.767639	-1.902492	1.161094	0.410613	-1.675387	0.903925	0.560472	-0.714679	2.453947	-1.024198	1.177628	0.186926	-0.567885	0.056082	-2.328042	-1.319228	-0.587043
1.149819	1.859533	-0.146980	-1.136583	-1.251444	-1.477999	-0.252015	-0.052743	1.061043	-1.428207	1.036572	1.176447	1.713667	-1.267357	-0.693306	-0.849665	2.279351	-1.465573	0.629384	-0.625430	1.898818	-1.033842	2.556295	-2.943575	-1.277698	2.760332	0.122500	-1.001980	-0.590626	1.094570	0.871458	0.248182	0.535218	2.166146	2.604155	0.857665	-1.169091	-0.128008	-0.603216	-3.111517	-1.107855	-0.086821	0.386743	0.221196	0.083879	-1.832208	0.503500	0.697638	0.415466	0.465803
1.496569	-2.167697	3.806073	0.489476	0.863801	0.822823	-0.544158	-0.027609	-1.726973	-0.255404	-1.997408	0.244789	-1.597328	1.268660	-1.035731	0.866445	-2.518951	0.082129	-3.696749	0.041608	-1.747963	-2.121151	-2.671713	0.966155	1.095019	-0.707577	-0.923065	-0.873169	0.753963	0.235942	0.847772	0.262462	-2.326833	0.611351	-1.097745	-1.608414	1.572383	0.314871	1.944760	-2.014781	0.555160	-1.597396	1.379968	-1.912475	-2.846399	3.861625	0.069206	-1.966708	0.119365	0.292420
-1.876641	0.830038	0.166354	-1.611498	1.128535	-1.059003	2.276307	-2.659438	-0.668590	0.220680	0.689074	-0.688192	-0.095500	-0.299473	0.368123	-0.156195	-0.362033	1.305812	-0.977587	-2.619791	1.974169	0.030742	3.602925	-1.489437	-0.341672	0.405387	0.135509	-0.723603	-0.378076	-2.061417	0.029344	-0.707298	0.483349	1.181493	0.222844	-0.015485	-0.727807	0.320587	0.346416	-1.710917	-1.169636	-0.435358	-2.079749	0.986592	1.269368	-0.085455	1.616495	0.813970	-1.772654	-2.831804
-0.092323	-1.091754	-1.036282	-2.123569	1.317513	-0.801165	-0.647087	-0.355372	-0.786330	-1.280732	1.941779	1.631295	-0.587882	-1.145929	-0.983082	-1.504514	-1.303883	-0.405704	-1.526429	-0.224727	0.003125	-2.153752	0.156884	-0.119492	-0.987342	-0.866890	0.188203	-1.102198	-1.236337	-2.098232	0.257511	1.779304	-2.858300	0.057141	-0.002517	0.043242	-2.171464	0.123530	1.717942	-3.183742	-0.828305	-0.452524	0.360150	-1.945179	1.503536	1.916043	0.425902	1.042871	-0.480531	-0.274159
-0.084105	2.701908	-0.491261	1.541312	-0.719058	0.003460	0.476397	-0.151949	0.579132	-0.388694	-1.883057	-0.743729	-0.241711	0.930914	-0.437817	0.847526	-1.743520	0.637345	0.433494	1.027536	1.812321	1.542308	-2.753910	-2.502301	0.802100	-0.810920	0.469096	2.712147	0.952955	0.147786	1.595328	-1.588337	1.393092	-0.874393	-0.878270	0.448419	0.432399	-0.406735	-1.131970	-0.359978	-0.566864	0.835843	-1.008971	0.947165	0.750677	-1.175486	0.026759	-2.540059	0.951483	0.186387
0.872338	1.452628	1.105359	-0.136770	1.426372	-0.216272	2.436817	2.038080	1.098042	-1.366987	0.220724	-0.385944	-0.421717	0.438239	-0.723048	-0.166260	-1.530787	-3.496767	0.446244	-0.320516	-1.054090	-1.829906	-0.247045	-1.651374	-0.105626	0.277247	0.724150	-3.011996	0.247830	-0.058233	-0.839508	1.409094	0.999550	0.364225	-0.543168	1.747261	0.592199	-0.119901	1.057412	-0.237729	-0.711441	2.870907	1.646403	-1.107110	0.180571	0.510919	2.367678	1.529002	0.385787	-0.460427
0.846884	0.563259	-0.241373	-0.867000	1.062868	1.337545	1.013576	2.827923	0.642047	-0.777586	0.620928	2.174428	0.852417	-1.824153	-0.007494	-0.105732	0.471010	-2.021447	-0.226450	0.822207	-0.710847	-0.308313	-0.050556	-0.733106	-2.390909	0.975758	-2.638621	-0.712311	0.062456	1.931323	-2.139723	1.065749	-1.125083	0.701436	0.143764	-0.881489	-1.993304	-0.906183	2.820051	-0.566302	0.276308	-1.798730	0.455000	-0.551376	-1.888528	1.788585	0.181499	-2.179659	1.058314	1.662968
-2.443206	0.259583	-1.462218	-1.421822	-2.051356	-0.623946	-1.307428	-0.285840	2.305049	0.101824	-1.282767	-1.037053	2.057983	1.238827	0.179201	-0.499790	1.332270	2.256384	1.285533	-0.120077	0.340465	-0.472430	-0.958897	-0.126476	-0.393353	1.947830	1.933920	0.146598	1.093745	0.317437	0.176132	-0.049821	-2.182305	0.559870	1.707026	-0.532883	0.244582	0.803607	-0.640550	1.085211	0.315229	-0.968413	-1.970386	-0.893445	-1.748071	-1.615664	-2.898239	0.249213	-1.161116	0.362729
0.273779	0.876748	-1.562763	0.569317	2.441722	-2.354663	1.119347	1.108841	-2.419852	-0.659450	-0.315656	-0.696328	-0.477515	1.229295	0.175559	-1.200056	0.189110	-1.708399	2.221058	-0.954374	2.167427	2.561606	0.860860	-1.038774	-2.597517	0.614242	0.040552	2.514723	-0.945898	0.132794	0.220495	-0.453009	1.253696	1.326027	1.146149	0.195867	-2.302840	0.383065	-2.124525	-1.091953	0.291515	-0.533580	1.754613	1.664861	1.364411	0.175729	2.926259	-0.713285	-0.646095	0.686956
0.448964	-0.000965	2.257769	0.655951	-0.246442	1.361939	0.893114	1.349443	0.352726	0.814021	-0.653784	-0.397739	-0.110054	0.084201	-0.355865	-0.094760	1.314031	3.120361	-3.713287	-2.267966	-1.461732	0.924980	0.371201	-0.148132	1.368914	1.254324	-1.168857	1.616968	0.184671	-1.055050	0.801810	-2.685921	-1.950778	-1.699176	0.808257	-0.480243	2.704423	-1.973297	-0.454018	-1.505467	-0.202506	-0.117204	-0.001998	-1.879198	-1.637073	1.050327	1.263974	0.909357	-0.278853	0.414132
1.793923	-0.273602	0.567582	1.389386	0.362681	-2.395923	1.326606	0.262654	-0.763261	1.095886	0.861600	-0.428143	-0.571932	0.594029	-0.112777	0.161141	1.152994	-1.689345	-0.240133	-1.197018	-2.754982	-0.464840	0.127383	0.607974	1.504102	-0.593289	-0.578110	-0.824875	-0.254103	-1.730016	-0.492924	-0.475664	0.829728	-0.963552	1.285668	0.753515	1.227597	-0.936914	0.151361	-0.112776	0.372417	0.329516	0.825386	-0.009001	0.301672	0.931400	0.689216	0.984850	-1.135779	-0.058032
2.726558	2.607006	0.539239	1.270308	-1.475444	2.584926	-0.785373	2.092827	0.754619	-1.024861	-0.314183	-0.461168	-0.503757	1.326612	-0.472495	-0.066578	0.410918	-0.449283	-0.133066	0.739630	0.622028	-1.158902	1.283052	-1.542424	0.559852	0.409811	-1.655530	-1.930944	-1.462444	1.554209	0.974111	-0.260320	0.602320	-1.135694	-0.074044	-1.489158	-0.061519	0.876720	1.289968	-1.226290	-1.307515	-0.575423	1.328400	0.723967	0.340542	0.517812	1.451533	-0.387403	1.790558	2.032155
-0.451708	0.366769	-0.691918	-0.228525	0.078540	0.003529	-1.555376	0.226055	1.151994	-0.437370	-1.162196	1.428325	0.332090	1.582508	-0.205420	0.812892	0.347216	2.349740	1.021852	-1.587872	1.066704	0.128581	1.738366	2.250594	-0.044802	0.890886	-2.653932	-0.056943	-0.465857	-1.874964	-0.762018	1.616519	1.952187	1.257407	1.768445	-1.887507	-1.153211	0.061766	4.289627	-4.148372	1.059208	2.613299	-0.716755	-1.606877	1.374779	2.118263	2.008060	-2.197849	-1.809190	1.467236
2.018993	1.818817	0.266365	-0.630032	-0.273886	1.637977	3.179877	1.257480	-2.353174	-0.624938	1.335295	0.619679	0.501152	-2.007510	-1.621534	0.585185	-0.313073	-0.944815	0.378500	0.986069	2.759965	0.243755	0.221374	-1.016979	2.004295	-1.225487	1.532759	1.177031	-1.925706	-1.803638	-2.657633	-2.875654	0.945169	2.738329	-0.042333	-0.584853	0.317489	-1.429796	-1.902255	-1.913464	-1.448635	0.268887	1.214671	0.964814	0.762793	-1.236512	0.684031	1.805127	-3.258015	-0.359903
-2.070591	-0.058913	0.348467	-0.754142	-1.023318	-0.322442	-0.368879	0.050419	-0.454729	-0.880133	-0.267537	0.689029	2.335249	0.601923	-1.124696	-1.283431	2.122095	-1.096041	-0.869363	-1.622799	-0.238187	-0.924743	0.801271	-1.611401	0.160751	2.202207	0.214908	-2.708066	0.678094	-0.492921	0.224096	-0.244661	-1.355943	-0.260735	-0.476406	-0.316228	-0.257141	-1.186476	-0.461204	1.261863	-0.407506	-1.200120	-1.323477	1.062327	-0.596784	-2.182600	-1.521362	-1.090471	-0.398204	2.463145
2.330193	0.907388	-1.435739	1.099973	-2.772496	-1.643313	-4.278383	-1.163248	1.341630	1.251610	1.878057	-1.248192	2.512640	-1.157409	0.030702	0.119376	1.327563	0.619746	1.210300	-0.708632	-0.163621	-0.284066	2.256778	0.343811	-0.362739	1.188333	1.516642	0.371811	0.842700	0.486033	-1.655863	-1.193547	1.835934	0.148235	-1.618833	1.811609	-0.397474	-0.848670	-1.177946	-1.615147	-0.562394	0.051594	2.523559	-0.759892	1.375938	-2.167678	1.931555	1.279510	0.948957	1.010866
-1.212559	-2.177374	0.061833	-1.347331	0.332173	2.741710	-0.395331	1.893809	0.690275	0.306564	1.166695	0.116307	0.881268	-1.892618	-1.190196	-0.111616	2.972724	1.597338	-0.499784	-0.517629	-0.580693	1.702340	2.518789	-1.104944	0.998156	2.513791	-0.074313	-0.372751	0.958976	1.115297	-1.350912	0.962188	0.054978	-1.005707	-1.662706	-0.374157	-0.028217	0.043388	-0.300747	0.657621	-0.004305	0.191606	-0.677618	-1.991030	-0.078696	0.321353	-0.125321	-1.821259	0.122362	4.457815
-2.989393	0.301201	-0.032650	-1.078973	0.031155	-1.886942	2.346978	0.199220	-1.822077	0.780829	-0.729556	-1.687180	1.399805	-1.551479	-1.818462	-1.967578	0.228779	-3.288663	0.058049	-0.579643	-0.435237	2.294335	0.707223	-0.782047	1.725763	0.821560	1.820081	1.836376	-2.834593	0.149222	0.969635	1.990453	-0.907075	-0.851408	0.050843	0.101826	-1.075456	-0.489249	3.264888	-0.622533	0.282900	-0.394593	-2.801573	-0.800343	4.072396	0.780785	-2.121453	-0.739659	0.688342	-0.427925
-0.751828	2.605484	0.946213	2.109211	-0.006212	2.341163	-2.194640	-0.681016	-0.196959	-1.166412	-0.202525	-0.541324	-0.076885	0.785297	-1.568162	1.700390	-1.377445	3.308486	-0.841581	0.394550	0.743607	-2.087083	-1.023564	-1.556025	0.618259	0.285997	-1.567989	-1.813325	-0.390491	1.512183	0.876269	0.899168	-4.085819	0.675508	0.684317	-0.667314	0.293205	1.372777	0.280965	-1.941498	-2.142767	-0.590882	-0.672901	0.652496	0.844100	-0.808240	-2.939032	2.932687	0.633215	-0.127626
-1.017832	0.860648	0.568546	2.315875	0.410029	-3.836580	2.308450	-2.447552	2.407442	0.216760	-0.824802	-2.498494	2.369594	-0.453931	1.032824	0.718481	1.700710	1.610269	0.024880	-0.444830	-0.052819	-2.243624	0.408828	1.563077	-2.097254	1.490498	0.627104	-2.808442	1.856401	1.434867	-0.467634	-0.292357	2.111672	-0.996435	0.202490	0.651131	-2.874349	-0.952036	-1.229808	1.515466	-0.172056	3.454396	-2.598085	-0.368687	0.709562	-2.162970	0.809888	-1.509952	1.942805	0.440260
0.630086	-0.945981	0.321727	2.567872	0.848514	-0.304707	-1.889254	0.247629	0.298816	1.413898	-0.184646	1.452995	-1.464478	-1.074832	0.864743	1.188936	-0.977396	0.732824	1.464844	-0.518321	-0.128624	1.100383	-1.475185	-1.285607	-0.559013	-1.417091	3.026881	-1.581079	1.016858	0.503222	-0.945464	-2.323635	0.841435	-1.422623	2.200811	2.192738	0.641136	-1.051893	-2.685472	-0.562317	0.597431	0.811727	-0.691881	-1.017391	0.093422	-0.725977	-0.707185	1.678511	0.023970	-0.485770
-1.452027	0.333073	-0.545479	1.809861	0.708865	-2.997374	-0.313470	-3.199547	-1.791638	2.312422	-0.079921	-0.982934	-0.100848	-0.846515	1.352499	-0.914641	-0.351752	3.385807	-0.684236	-0.040581	0.570321	1.302070	-0.336759	3.842470	-1.136771	-0.356471	2.760625	1.383309	0.999600	0.859365	0.361098	-0.027305	-0.089865	0.676444	0.363873	2.380165	-0.108465	-1.220565	-0.722695	1.499571	2.201907	1.343636	-2.113218	-0.002506	-0.290437	-1.268515	1.625201	-0.928784	1.042124	-0.926481
-0.031695	0.071483	0.263809	-1.219702	0.892918	0.996037	2.921292	2.331057	-2.278389	0.089172	-0.246205	-0.510340	1.228266	0.334046	-2.095135	0.531829	0.990922	-0.808186	0.046556	0.021384	-0.835870	1.051487	-0.101924	0.360371	2.273714	0.752599	-0.770726	0.973720	-1.879987	1.374728	0.384404	-2.099494	-1.296053	-0.464414	-0.194422	-1.666199	1.883289	-0.515885	-2.038336	-1.685218	-0.065866	-3.537580	-0.519439	2.046000	-0.616899	-1.128312	-0.263181	-0.938156	0.375615	-3.077870
2.819588	-2.795699	0.026762	-0.222431	2.523056	-1.548223	-1.517443	-0.949152	-0.757826	1.729957	0.629819	1.151996	-1.436957	0.541720	1.237834	-1.309553	-1.684404	0.220970	0.970849	-1.113738	-3.539581	1.836956	1.848879	1.432178	0.863002	-2.332374	2.242373	0.575651	1.480553	-1.799977	-0.659626	0.603025	2.890910	-2.668118	2.943116	2.372324	1.793505	0.230002	-0.138250	-0.408819	0.968943	1.637296	2.848574	-1.123781	-1.247045	-0.777136	1.057389	-0.011051	-0.201669	-0.636993
-1.142131	-2.918222	-1.946314	0.819770	1.997870	2.176695	-0.132933	1.593169	0.864315	1.685124	-0.776326	-0.882895	2.408129	0.875209	1.319222	0.235495	2.289900	1.742153	0.313048	0.754232	-2.669425	-0.437488	0.848626	1.436928	-0.220483	0.245130	-0.724236	-0.859322	-1.047283	-0.540067	-0.949095	-2.005953	0.254851	-0.223764	1.042973	-0.271182	0.473689	-0.640068	-2.246542	-3.193145	1.407145	0.974715	-0.853865	2.050730	-1.000331	-1.574222	2.001682	-1.246961	-1.432812	-0.627853
1.505104	1.033183	0.333847	0.597302	0.560998	0.717715	-3.013129	1.227910	0.735158	0.437333	-1.699688	0.961478	0.021701	-0.173132	0.782057	0.620519	-2.348271	1.265981	0.906971	-1.207845	1.513738	0.417686	-2.992473	-0.934000	-2.569325	-0.502446	-0.994774	1.640324	-0.896556	-2.340100	1.529992	-1.316026	1.000840	-0.437472	-2.565467	-1.300416	-3.770760	1.341911	-1.392897	0.522363	0.616176	0.492408	2.480305	0.240307	0.964957	-1.280532	-1.519283	0.413740	-1.431242	0.229102
-0.105478	0.410687	-3.261715	-0.959098	0.646639	-0.355641	-1.465493	0.472276	0.544207	1.968735	3.566878	-1.850339	1.807045	-0.656036	0.465885	0.009963	0.230036	-1.498594	0.374550	1.300772	-2.398256	1.595321	0.103401	0.714149	-0.440958	-1.209099	-1.120642	2.095455	0.079622	-0.609644	-2.712206	3.410526	-0.893102	-1.434286	-1.767109	0.283770	-0.077252	-0.972411	2.553968	-1.796265	-0.346207	-1.723844	-0.178133	1.096389	-1.596753	1.308472	1.014461	2.959574	-0.735675	-1.665405
-0.857030	1.258773	-1.499455	0.067082	-0.113232	-2.826913	0.820974	-1.739310	2.817816	0.331892	-0.714885	1.095372	0.385440	-1.631978	-0.352182	0.598269	2.255618	-2.331078	2.861196	1.780938	0.174777	-0.847256	-1.075713	-3.409753	1.148193	-0.145670	1.669107	-1.002452	0.858296	-0.919987	-1.495539	-1.655902	-0.543708	-0.787257	1.399324	0.644313	2.094866	-1.717843	-0.991906	0.121659	-0.725940	0.629286	-1.219821	-0.250623	1.307539	-0.175559	0.300292	-1.022977	0.062549	1.489690
-0.303691	1.008718	-0.881616	1.795461	-0.292659	0.073486	0.672656	0.971888	-0.098643	0.577067	-0.144280	0.577008	0.183214	0.201075	1.134644	-0.862722	1.158286	1.136777	0.832736	-0.548955	1.506141	2.746929	0.767068	0.517899	-1.845579	-0.015360	2.525804	3.781603	2.036210	0.221992	-1.355663	0.898626	1.927211	1.271534	1.745943	1.706626	-0.256939	-0.304535	2.681973	0.595601	0.306781	-0.570881	-0.141508	0.300564	-2.578316	2.668252	-1.184126	-1.177154	-0.186097	1.036809
0.894214	1.124696	0.524450	0.381951	-1.300446	0.478474	-0.572315	0.251735	-0.489437	-0.672632	1.269964	2.961292	-0.808826	-2.014723	1.193060	0.099827	-1.613703	0.045074	0.739056	0.800467	1.139630	1.803340	1.476647	-1.077031	-2.632210	-0.943842	0.420032	1.173830	1.333121	0.545559	-0.659215	-1.162857	-2.246095	0.944654	0.149546	1.658657	-2.623681	1.304802	-0.815735	1.384075	-1.052220	-1.030398	0.481088	2.363392	1.920379	-1.351394	-1.580303	-1.690676	1.481304	1.565633
-1.062427	-0.125456	-1.153791	-0.091936	-0.373385	0.197161	0.746843	-0.942387	0.210089	-0.524617	-2.475924	-0.340313	2.542783	-2.671047	-0.840921	-0.160016	-0.259768	1.587521	3.197765	-1.468583	-0.511308	-3.319976	-1.799399	0.751423	0.161262	0.984398	-1.304794	-2.365104	1.335261	-1.243489	0.742745	-0.451694	1.282539	2.262463	-0.156726	-1.246195	-0.420163	-0.393090	-0.698668	-0.392454	0.224502	-1.062435	-1.472078	0.311086	0.214447	-1.326813	0.952788	-2.630718	-1.092780	2.160275
-2.617555	-0.459046	1.827863	0.447284	0.298284	-0.887555	0.283872	0.130414	1.176705	1.557752	-1.415199	-1.163817	-1.958346	1.443803	0.453462	-0.457419	-2.713439	-2.188337	-2.265499	1.638193	-2.095658	2.918097	-1.271784	0.206151	0.674289	-2.748145	-2.479683	3.054569	-0.384715	0.528510	2.022752	-2.499972	0.093582	-1.573662	1.138640	0.571736	1.503357	1.362968	-1.665231	0.088069	1.396832	0.240162	-2.246107	3.429963	-1.354719	-1.197058	1.403705	-0.658260	-0.300803	0.905379
-0.920484	-0.261218	1.003038	1.047976	-0.538566	-1.848119	-1.071676	-0.306402	1.014088	-0.600352	-1.771304	2.355270	-0.242478	-0.493382	-0.373012	-0.286240	0.313998	-1.172592	-1.462881	-1.213705	-1.917321	-1.359752	0.015090	-0.106657	1.944769	0.797510	-0.503976	-1.566747	-1.826270	0.303616	2.286740	-1.369857	-0.948958	-2.057473	1.508040	-1.725996	1.236106	0.233456	-0.869675	-0.380716	-0.142445	1.283426	-1.274197	0.783985	0.269630	-0.550068	-1.208936	-1.508590	0.202812	-0.056643
3.004389	-1.315486	-2.552338	-0.157849	1.285973	-0.113178	0.017368	-0.442778	-0.688417	-0.527468	0.669418	-1.161309	1.862567	0.065558	-1.247779	-1.393002	0.318959	1.238777	1.636599	-0.800858	0.443973	-0.813265	-0.605160	-2.538211	-0.071700	0.901840	-1.438689	-1.584102	0.516649	0.854932	-0.030686	0.907351	0.407075	1.310231	3.311594	1.007708	0.150657	0.271859	0.752017	1.492068	-0.421720	-1.450267	2.642577	0.918497	-1.492416	-0.673332	0.444848	0.351919	0.654960	-1.554085
-1.402641	-0.801259	-0.485814	-2.443588	-1.205022	-1.056134	3.092138	0.389897	-0.674928	1.911224	1.027044	0.044886	1.612038	-0.074081	-0.765685	2.499247	1.356983	-0.211850	2.236163	0.016613	-1.387130	-1.836668	1.328913	2.410203	2.904658	0.067881	2.470518	0.172926	0.544811	1.308888	-0.730317	0.184992	-0.448489	-1.421214	-2.320171	2.545912	2.795712	1.301835	0.424537	0.218727	2.105765	-0.581615	-0.532485	-0.869538	3.453779	-0.028463	-0.386140	0.838584	2.057157	-1.553890
0.473128	-0.197893	1.319704	-1.232340	0.631855	0.447382	-0.153744	0.121123	2.185497	-2.195961	0.758532	-0.924679	-0.532430	-1.073035	-0.581480	0.313196	-2.510308	0.418804	-1.197909	-0.250348	0.097806	-2.679067	-0.970956	0.058807	-1.621501	-0.172758	-2.199318	-2.946024	0.498327	0.575020	-1.262012	2.583188	0.817158	-0.102747	0.953724	-0.538129	-1.079345	-2.097656	2.991460	-1.057729	-1.851258	-1.376725	2.194156	-0.580534	-0.734105	0.927746	-1.095245	1.489741	-0.124690	1.844787
-1.272568	0.323846	-1.352179	1.274041	-0.087204	-1.030319	1.230234	-2.569054	0.375959	3.034110	-0.522819	0.373226	0.673128	0.674725	1.136452	0.795182	0.372584	0.823213	1.123165	-0.888602	-0.781580	1.570667	0.659971	2.005120	-2.210286	-0.423147	0.592029	1.280331	0.951760	0.873292	1.731272	-0.226047	-0.715977	-0.317133	-0.082102	-0.418259	-1.680096	1.508742	0.078829	1.442532	2.122427	-0.966852	-0.546724	-0.319543	-0.904225	-0.211865	-2.982065	-0.091483	0.453179	-1.019855
1.122790	1.233786	0.152508	-0.289264	-0.546611	1.082359	-0.922098	-0.211203	-2.148108	0.277198	-0.118467	1.832309	0.208037	-0.167754	0.383262	1.363801	-0.016639	0.383542	-1.603559	-0.385383	0.177077	0.931730	0.744784	-1.200274	0.704721	0.005101	-0.191060	2.516265	-1.209445	0.266706	0.276307	0.589079	-0.677164	-0.562222	1.146734	0.341200	-0.765321	-0.770676	-0.417878	0.210688	-0.173613	-1.713825	1.165781	-1.198599	1.964124	0.640947	0.012782	0.551596	1.011393	-1.639213
