X39	X42	X30	X20	X33	X34	X22	X45	X11	X29	X36	X7	X47	X48	X46	X8	X5	X40	X3	X37	X2	X24	X12	X27	X13	X21	X18	X38	X31	X41	X44	X14	X49	X1	X26	X43	X15	X16	X6	X35	X4	X32	X28	X10	X19	X25	X23	X17	X50	X9
-0.718524	-1.074509	-0.831238	0.028854	-0.136989	-1.414840	-1.938038	0.799736	0.175265	-0.256326	0.505087	0.982056	0.820330	-1.249046	0.656238	-1.007894	0.548671	-2.404525	-1.791868	3.044902	1.761882	-0.115862	0.199324	-1.466343	0.161971	-1.324643	-0.573426	-2.675174	0.501520	-1.815758	-0.150765	0.159328	0.641112	1.692536	0.818976	0.245909	-0.339907	-0.118592	0.555253	-2.031351	-0.266444	-0.524554	-0.137633	2.431846	1.014071	-2.202591	0.451003	0.506305	0.823892	-3.426226
-1.825051	-0.539220	-1.217985	0.814797	-0.614768	-0.926113	-1.078302	-1.559581	-0.592463	-0.129680	-0.654236	-1.076745	2.007661	-1.456288	-2.226795	-2.194839	0.120873	2.803296	0.869708	0.375042	-0.589832	0.364078	-2.478999	-0.252278	-0.677365	0.600012	-1.598670	1.587712	2.290752	-0.767476	-0.922608	-0.427651	-0.027082	-0.742320	1.423448	0.225734	-3.423373	-1.125581	-0.411330	2.498456	-2.565599	-0.561167	-1.897381	-0.797883	-0.252163	-2.068611	0.590378	-0.888135	-2.541750	0.204493
1.697400	-0.304977	-1.087787	-1.331228	0.885584	-0.082022	0.517790	1.534553	0.766941	0.405264	-1.085850	-1.412836	0.345776	2.891777	-0.449056	-1.067596	-1.217944	0.661156	-2.809593	-0.230743	0.522837	3.592389	2.311042	0.729742	-1.464654	1.868232	-2.623524	-0.076388	-1.087399	-1.443036	-1.336720	-0.118879	0.792867	-0.258299	0.786974	-0.228490	3.524800	-0.904414	-0.654510	0.549045	-0.281703	0.301708	0.782358	2.065615	-0.132061	0.675374	1.026776	0.570267	2.538747	-1.071097
-0.286354	0.491935	2.522542	1.350897	-0.897457	1.393169	-1.238683	-1.588185	1.011284	1.489893	-2.587765	1.488883	1.807887	1.866292	-0.532356	-1.272267	-1.979207	-1.208382	-1.181596	-0.282416	2.674030	-0.619826	1.817206	-1.091833	0.128699	0.558358	1.181774	1.491596	-1.259673	0.466761	-0.927385	2.220753	-0.247428	-1.322606	-0.037597	0.410634	0.182567	0.725611	0.606491	-1.518536	-1.173080	0.849951	0.648174	1.996576	-2.013739	1.747241	-1.996481	1.867403	1.354742	1.157577
1.603524	2.380450	-1.112486	0.890282	-2.223338	-2.005082	0.547371	1.829317	-1.397628	-0.294067	-0.324563	-1.000649	-1.677181	-1.487875	-2.566223	1.699592	0.374686	0.159888	1.040484	0.348935	0.277297	2.584807	-1.420053	-2.387832	-2.156073	-1.341807	-1.874334	-3.493214	-0.732122	-1.682833	-0.744226	-1.188381	-1.200568	2.623876	-1.587640	-1.109817	-0.741204	-0.368636	-1.320546	-0.693728	0.204171	-2.162215	-0.917043	-2.527618	3.309090	3.014523	0.559023	-1.895732	-2.047776	0.554079
-2.530987	-2.040888	-1.631070	0.810276	0.086456	-2.185000	0.114955	2.675232	-1.518502	-1.404923	-1.343316	2.417331	-0.087100	-0.563553	0.275331	-0.991449	-0.543916	-0.004565	-1.870936	3.519979	1.899020	0.246448	1.628570	-0.981547	0.036373	-1.006654	-2.280262	-0.902612	-1.645592	-0.578991	0.348557	0.013267	2.269604	3.265765	-0.280545	0.247959	1.692790	-2.046888	1.415978	-3.894249	-0.607181	-0.512355	0.179114	0.894106	0.420571	-0.456651	0.658972	-1.399119	1.339902	0.402286
0.170520	3.514813	2.968729	-0.565993	-1.323889	0.268464	-0.243303	-1.558331	1.807785	-0.062343	-0.532536	-0.035159	-0.390071	3.207387	1.050283	0.923474	-1.329226	0.897082	0.779609	-1.913523	0.653789	1.332594	-0.261547	-0.738026	0.325624	0.716542	-0.263836	2.103874	-1.000548	-0.015856	-1.681701	2.006426	-0.035636	-1.003963	-1.339179	-3.244956	1.209005	2.027631	-0.709715	-2.228868	-0.154640	-0.961868	-0.878837	-0.418904	-0.819400	-1.807960	-0.483597	-1.264788	-0.417098	-0.788735
0.447479	-0.138965	0.628703	2.005881	-0.871053	0.749325	0.894936	-1.488753	-1.831358	-1.784429	-0.948050	0.197216	-0.392821	-0.469461	-0.592863	-0.615604	3.279212	1.673300	-0.596483	-0.404584	0.153839	0.362855	-0.604574	0.270696	1.786049	2.774410	2.384738	0.285393	-0.020189	-0.147324	-1.950783	-0.810479	1.489726	-0.025981	-0.376708	2.380214	-1.096903	-0.133447	-1.110384	0.816124	0.409124	-1.439238	-0.649344	-2.180052	1.550067	-1.373176	0.425043	3.252254	-0.435829	-0.382301
-1.096943	2.223927	2.167615	-1.036663	-0.587588	2.224910	0.618821	-1.394307	0.165770	0.008503	2.055566	-0.079173	-0.977215	-1.274794	-1.681470	0.786584	-0.794473	-3.517721	4.013651	2.111157	-2.082783	0.539224	-0.813685	-0.361681	-1.432220	0.555560	-1.936683	1.881433	-2.188541	0.050936	-1.623892	1.645933	0.934341	0.415042	-0.129888	-0.147423	-0.510185	1.435219	2.313000	-1.433178	0.996012	-0.154821	-0.031832	1.533067	1.764833	-0.794943	-1.695330	2.165113	2.364541	-0.838048
-1.393366	0.869104	0.373117	3.559063	-0.142514	-0.230352	1.311166	0.358578	-0.127625	-0.221282	-0.257423	-1.230511	0.116606	-1.901186	-0.924787	-1.609927	0.008548	1.614104	1.452583	0.854042	-2.499599	-3.018674	-1.715741	-1.764337	-0.783498	-1.453838	-0.613921	1.132761	-0.308636	0.774451	0.837368	-0.237264	-0.428044	0.339542	1.390056	0.540448	-2.265078	-0.399940	0.690107	0.918728	1.019493	-0.150468	-0.070127	-2.323475	1.185191	1.990749	1.074330	-0.039706	0.018655	-1.029419
1.230418	-0.306547	0.397759	0.574846	-0.969012	-0.939566	1.688381	-1.848643	-0.478243	-0.381430	-2.865240	-1.892478	-0.223234	-2.224081	-1.308806	-0.749039	-0.040740	1.410943	1.599221	3.207693	1.878158	-0.984383	-0.614800	-2.554505	0.565189	0.582816	0.133839	-0.553001	0.751514	0.760066	1.905335	3.231754	0.098535	-1.111947	-1.010708	-0.121002	-0.697791	0.885185	-0.284229	0.171192	1.726028	0.140510	-0.515670	2.784739	-2.237433	1.349271	-0.518428	1.308083	0.626339	-1.385436
0.457963	-0.759044	-1.560527	1.807627	0.140383	-1.138799	3.087848	-0.049295	0.537137	0.729243	-0.783979	-0.516687	-1.550375	0.288702	-0.035323	1.516127	-0.567670	-0.556902	0.014657	0.593451	-1.090007	1.738444	-0.592433	2.134835	-1.264484	1.010555	-1.817059	-0.172821	0.604919	-0.526297	-1.303250	-0.516877	-0.456209	0.295483	0.684112	1.548145	-0.370147	-0.945071	2.630796	0.221719	1.188710	-0.135261	0.458426	-0.489906	1.089413	0.445035	0.846899	1.747626	-0.381607	0.330266
-0.644397	-3.385241	-1.598486	-0.449141	0.104859	-0.088813	0.637487	-0.291680	-0.085596	1.656015	1.377713	-0.638918	1.011107	0.830251	-0.341024	1.748251	-0.630340	1.484040	1.593977	-3.583740	1.432700	0.209611	-1.187660	1.587277	-0.436618	0.410948	-0.989184	-0.791347	1.215447	0.078083	-0.338398	-0.444447	-0.348510	0.172059	-0.393865	0.835792	-1.148722	-1.058583	0.373157	-0.244008	-0.382871	0.241371	-2.130934	-0.941772	-1.248564	-0.431234	0.170221	0.452687	-1.571963	1.008407
-2.142001	0.284573	-1.232633	-2.791356	0.877572	-1.607138	-0.632791	-0.255701	-0.255139	1.335938	-0.146419	-0.493167	0.530980	-0.852054	-0.256184	2.108018	-2.376184	-0.604873	2.870764	1.579166	-1.290355	-0.434320	-2.499476	1.601623	-1.996955	-1.419512	-1.258259	-0.766863	-0.478192	-0.437181	-0.025783	1.290497	-0.643106	1.624572	-0.261004	-0.431537	-0.842426	-2.303051	1.369659	-0.385116	-1.024897	-1.541686	-0.555980	1.633288	3.830715	0.647642	1.408193	3.063686	0.775473	-1.624336
0.392272	0.593351	0.245987	-0.208682	0.001352	-0.155227	1.397768	-0.230716	-1.221809	0.152453	0.448436	0.282733	1.514225	0.120677	0.561518	-2.158426	-1.786751	-1.016076	0.746287	0.269253	-0.023042	-3.397000	0.821246	0.744354	0.517168	0.052476	-0.492237	-1.897106	-0.783095	0.544054	1.425000	1.055732	-1.203729	0.036267	1.053567	-1.180428	0.330842	0.650521	-2.054507	-0.401912	0.001881	-0.175990	-0.237487	1.394961	1.383402	-1.990362	1.624471	-0.889540	-0.361501	-0.413035
1.985837	0.934422	-1.453037	-0.163859	1.179472	-1.536458	-0.398793	-0.041399	-1.258070	-0.039685	0.719154	-2.067023	0.914475	-0.865180	0.364819	-1.543401	-3.063481	-0.859636	-0.317212	1.268761	0.191498	-1.175993	0.133162	1.178348	1.373027	-0.151208	2.239568	0.999324	0.279402	-0.669791	0.862886	-0.428548	-1.805787	-1.080283	0.940696	-0.562610	-0.401865	-1.047231	0.774161	-0.500926	0.847433	0.186991	0.066436	-0.530573	-0.640522	0.896651	0.171235	-1.278744	-2.236556	0.519933
0.896161	-0.335340	0.430940	-0.804278	0.314217	1.844665	1.177633	-1.727905	-0.777845	-0.342442	0.489605	2.793114	-0.850868	1.216169	0.910361	1.467547	1.705731	1.477139	0.467251	-3.140335	0.684177	-2.023358	1.873949	1.086459	0.542126	-0.501450	1.380435	-1.727090	1.009473	-0.212908	0.257176	-2.005056	-0.167293	-1.664606	-0.338242	1.042119	0.612275	-0.862087	1.102512	1.453114	0.975200	1.271506	0.567589	2.126680	-0.836893	3.121857	0.250557	0.398972	0.205806	0.937032
-1.172447	2.904092	-1.727857	0.234517	-0.772989	1.279969	0.081841	0.319167	0.515034	-2.679328	-0.304682	0.588213	-1.467186	-0.450145	2.636701	-1.050903	0.092226	1.707872	0.809845	1.331869	-0.480734	-1.435122	0.718130	1.861729	-0.361160	-1.801670	0.175238	-1.255794	0.595869	-0.858126	1.843712	-1.324270	-1.863048	0.913922	-0.595874	0.179508	1.387063	-0.630946	-0.751706	1.089356	0.508860	0.801573	1.058472	3.654480	1.071445	1.557472	-0.093482	-1.530070	0.406259	-0.639706
2.763745	3.623483	0.921656	-0.860963	1.758800	1.535457	-0.539365	0.468709	1.050449	0.750866	0.412779	-0.967004	-1.034284	0.826691	2.038794	0.033904	0.534656	2.223837	1.039666	-0.669655	-0.112548	-3.179186	-1.654262	-0.465766	0.242883	0.568429	2.107635	-0.036559	-0.747679	-1.053238	0.187952	-0.789165	2.138874	-1.474324	1.765665	0.497417	-0.780266	1.196012	0.827992	-0.253433	0.695843	1.660991	0.894372	1.840314	-1.156549	1.123179	-0.186181	0.011690	0.438553	-1.779465
0.206328	-1.042034	-2.066972	3.573854	-0.993703	-1.790546	0.725871	2.592155	2.381727	0.865354	-0.308041	0.012300	0.487709	-1.439559	-0.312608	0.506270	1.837141	-0.555531	0.074941	-0.481167	1.157171	-0.605581	-1.487898	-2.858642	0.689528	-0.267306	-0.316395	1.200740	-0.164968	-0.521066	1.203566	-0.321029	1.066922	1.742498	-0.228712	1.177834	-0.957455	-0.638797	-1.566811	-0.875238	1.123755	-0.539556	1.697987	0.222440	1.526883	-0.065262	0.106452	0.680843	2.336915	0.953487
1.858886	2.642428	1.865884	0.066873	-2.203796	-0.351329	0.781041	-1.426365	-1.091321	0.967193	3.066988	-0.514398	0.715216	0.407812	-0.192673	1.618037	2.172959	-3.057263	-0.226919	1.903141	-0.332216	0.158879	1.694065	1.118321	0.516719	1.198883	-0.666154	1.524480	3.123795	0.723458	-0.423944	-0.237065	-0.108678	1.343284	-0.125333	1.397979	1.904844	1.538483	1.604814	2.503452	-1.487208	-0.652480	-2.020758	-3.556464	1.165847	-0.833315	-0.454934	0.137410	-0.452773	0.714074
-1.350731	-1.369215	0.017024	1.455633	-2.222121	0.359840	0.599370	0.082897	-1.742799	-0.424742	-1.940561	1.410524	-1.982030	1.450706	1.910339	0.741346	-0.186654	-1.042217	-0.277971	0.248386	0.438107	2.862125	1.588017	1.375989	-1.223712	-1.695197	-0.021041	0.893969	-0.245126	1.476534	1.680738	-0.824251	0.525085	-0.480329	-1.303804	-0.394679	2.578463	1.336997	-0.282154	-0.356207	-1.703307	-1.337194	-0.473424	1.040649	1.696457	-0.276826	-0.198066	-0.631238	-0.833491	1.316331
0.188608	-0.900694	-1.196422	0.442004	-1.913000	-1.086467	1.022395	-2.575696	-1.099913	-0.501652	2.882393	0.206159	-1.413682	-0.801314	-0.840486	0.029188	-0.217458	-1.566474	-3.111648	1.566720	0.162707	-0.565002	1.053627	0.225947	-0.544861	-0.794941	1.195259	-0.116868	2.655831	-0.940873	1.416075	0.060959	0.018444	-2.212478	-0.729440	-2.481444	-0.240245	-1.022826	2.305464	2.925399	-0.138526	0.259843	-0.143000	-0.832313	-1.384509	-0.014140	1.384492	-1.646517	-0.811032	0.996750
0.997423	-1.970689	1.428092	0.636646	-0.741281	1.925687	0.858902	0.214934	-0.242198	1.792596	1.551176	0.068568	0.244557	-0.209535	-2.334924	0.298918	2.498345	1.196959	-0.767725	-0.481857	1.047474	0.449120	-0.519528	0.993868	-1.061147	1.375232	0.708830	1.526468	0.177498	1.655381	0.748348	0.408652	-0.709649	-1.204568	-0.275953	0.923153	-0.313006	1.232051	0.661519	-1.702759	-1.189800	0.279718	1.169880	-0.618075	0.304096	-0.195483	-0.595874	0.458875	0.072794	1.417647
-1.142321	0.898074	-0.132615	-1.154268	2.621686	-0.829099	-0.706622	-1.226205	-0.296935	-2.297473	0.611940	-0.578019	-3.420984	1.811348	-0.213301	2.349415	-2.519190	0.648417	2.627475	-1.886274	0.722838	-0.708158	-0.940001	0.720900	0.176727	-1.466896	0.609971	1.901171	0.263193	-0.609508	1.831655	1.288084	-0.485980	0.265594	0.532453	-2.837472	-1.005182	0.116611	0.061475	-1.468674	-0.338198	0.035568	0.082894	-0.760804	-1.286824	0.765406	0.931817	-1.494971	-0.441193	-2.250862
-1.015701	-0.252703	-2.111398	-1.007074	0.265431	-1.806032	-0.171045	-2.388856	0.308438	-0.557525	2.301167	0.990067	-1.523873	2.461030	1.997644	-0.433849	0.904091	1.598928	0.430943	-0.873899	-0.660260	-0.729692	2.872029	-0.335370	-1.953206	2.261876	-2.171847	-2.375841	1.126920	-1.760679	-0.362555	1.266098	-0.363774	-2.822626	0.802939	-0.808932	3.127785	-0.758726	1.010951	2.264885	-0.606850	1.279119	1.006859	-3.709919	-2.853455	-0.196883	0.911742	1.686236	0.817831	-0.541919
1.017396	0.017196	0.730298	-1.998117	1.595062	0.339771	0.782698	-0.953424	-1.330693	1.652893	0.643838	-0.743195	-0.977698	-0.713564	-1.063602	1.912616	0.855582	0.533243	0.898923	1.629372	1.458551	0.492464	-1.556893	1.065727	-0.418926	-1.512109	0.397680	3.256753	-1.145479	-1.463774	0.119263	-1.557942	-0.405151	0.560740	-0.865142	0.791080	-1.392394	-0.420519	0.987148	-1.527970	-2.011520	-0.509655	0.534532	-1.195466	1.126925	0.618791	0.181838	-0.302749	0.708791	-1.067897
3.034743	-2.843352	1.163980	-0.953494	1.715605	0.571197	-0.278324	1.073436	-0.908316	0.002016	-1.438984	-1.020217	0.437928	3.093395	-0.545332	-1.864555	-0.307739	0.281167	-0.692060	-1.666298	0.031889	-0.497661	1.195464	-2.543943	0.256822	1.975544	1.078944	-0.068455	-1.253141	-0.648555	3.436856	0.011582	-2.071904	-0.299832	0.744327	-0.657521	0.339053	1.032676	0.483982	-0.950730	-0.800670	-0.939921	0.870233	-0.552207	1.789067	1.505205	-1.292236	0.228615	0.962419	-2.617054
3.075228	2.434251	0.869231	-1.052667	-0.294076	1.240569	0.334768	-0.559813	-0.438646	2.052960	-1.394753	0.160730	1.173903	1.525244	0.109926	0.087990	0.074911	-1.389787	-0.750831	-1.277910	-0.257931	-2.476793	1.429980	1.152807	1.643862	0.325689	2.406248	-0.177598	0.158478	-0.718690	-0.872297	-1.268258	0.491750	-0.880582	-2.265228	1.569842	0.498707	1.039107	-2.696763	1.008215	1.643668	0.247813	-1.821333	2.959213	-0.741873	-1.223812	-1.645999	1.408420	-1.692423	0.224589
-0.381055	-1.205499	0.869976	-1.698638	1.908263	-0.151282	0.428747	-0.028433	0.570898	0.040935	2.277517	0.105645	-0.220832	-3.551602	0.770041	0.291459	1.275104	2.274606	0.955974	0.020448	-0.363762	-0.579213	-3.002511	2.032687	1.898840	0.452416	1.240262	-1.675806	-0.840519	0.478296	1.966823	-1.084149	-0.232814	0.616856	0.430919	2.913953	-3.202094	-0.028689	1.335568	0.231798	0.011625	0.769475	0.488238	4.280555	0.388129	-1.962032	0.526618	2.381368	-1.450867	-1.086979
0.161367	-0.808545	0.965926	-0.933468	0.292755	1.228790	-0.775554	2.305484	1.706381	0.824728	0.871605	0.439980	-0.618281	-2.646661	-0.509865	1.577653	1.931109	-1.025603	1.236933	4.057921	-1.689858	-0.344499	-0.738590	0.806361	-0.662630	3.145953	-0.390165	1.409011	-0.463434	-1.828225	1.436639	1.018952	0.537123	1.182293	0.009177	-0.719442	-0.670645	0.809969	-0.532543	0.127615	2.152612	0.705790	2.010716	0.974672	2.490099	2.199309	-0.187802	1.297938	1.797523	-2.018456
1.362872	4.335745	1.005364	0.040188	2.407619	-0.276967	1.233521	-1.148161	1.473462	0.854369	0.988735	-1.999127	0.347464	-1.469629	-0.029563	0.430891	-0.441169	0.222963	1.885463	-0.036257	0.700146	-1.196868	-3.125898	0.738230	-0.184812	-0.190161	0.097587	2.597040	1.581651	0.315424	-2.478571	0.414154	1.893788	-1.411177	2.556668	-0.682834	-1.944058	1.300944	-1.648923	1.359966	-2.846841	1.879080	0.349284	1.796684	-3.450603	1.745414	-0.227314	0.668810	0.760608	0.672866
0.609718	-2.076121	-1.716084	-0.076529	-0.633162	-3.807400	-3.144289	0.005976	-1.440817	-0.567131	0.255471	-0.644074	0.271558	0.137406	-0.117912	-0.192456	0.272941	0.229324	-1.526818	0.456206	-0.473539	-2.672839	-0.746584	1.382742	-0.400556	-1.065453	0.516095	-1.017396	0.199075	-0.444403	-0.180549	2.199753	0.808568	-2.120280	0.674902	-1.974229	-0.237145	-1.065740	-0.274302	0.750043	-1.631866	2.071623	0.233843	1.563444	-3.711392	-0.019279	-1.112532	-1.448695	1.069835	-0.960022
-0.282058	-1.430318	1.537467	-0.311436	-0.392397	0.547182	1.246319	-1.858455	0.341455	0.687210	1.063520	-1.514128	3.399103	-0.117879	0.903956	-1.985877	0.378223	0.743083	-1.722613	-1.400684	0.252187	1.659432	-1.598245	0.511696	0.199100	1.069121	0.683757	-0.065340	-0.548527	1.619996	1.128009	0.004580	-0.003619	-1.982649	0.414812	1.750277	-1.457588	0.520292	0.958399	-1.709230	1.175042	0.854281	-1.599728	0.331211	-1.160645	-1.011623	-0.550516	1.473233	-3.308407	-1.182727
-3.790732	0.865698	0.606453	-1.435022	0.079024	0.312634	0.229765	0.750794	-0.865084	1.346650	0.881845	-0.642150	1.091691	2.661307	-1.823486	0.359966	-0.140527	-1.263601	2.406091	-1.154744	1.167203	0.253690	0.149571	-1.695182	0.007146	-0.207354	-2.039198	-0.845898	-1.112879	-0.275274	0.824748	0.623183	-1.200079	2.429629	0.301084	-0.731954	0.316818	-0.420260	0.707940	-1.364276	0.220710	-0.230481	0.031719	-1.403718	0.567128	1.162180	0.014103	0.201485	-0.612048	2.477441
1.023908	-1.323870	-0.066670	0.798897	1.041325	-1.812538	0.017712	2.581656	0.865974	-1.024344	-0.171681	-0.559598	-1.136202	0.377885	0.550220	1.017876	3.638956	0.840061	-2.514727	-2.317543	0.242866	0.268286	-1.855861	1.170089	1.254015	0.224175	0.585771	-0.128440	-1.450928	0.684230	-3.160611	2.550976	3.452725	0.685714	1.109574	-0.197869	-0.759043	0.360552	-1.327629	-1.122290	-1.908276	-0.083629	0.139972	1.203021	0.240871	-0.993350	1.338736	0.884123	-0.648616	1.539226
-1.012939	0.651071	0.133800	-1.028209	-2.052884	-0.528118	0.624167	0.516251	-0.204417	-0.412813	-0.025940	-0.463744	0.144848	-0.365378	0.295159	0.413726	0.159049	-1.889474	3.391223	2.437954	-0.682785	-0.722993	0.387963	1.528692	-0.523463	2.036343	-0.480319	0.294175	-0.537347	0.819970	1.448947	-0.829119	-0.453060	1.325206	-1.461704	2.052700	1.319071	0.035261	-0.012782	-1.390266	0.984426	-0.231797	0.330135	-0.375371	3.253095	-1.758659	-0.624423	0.433738	0.431900	1.312261
-0.369282	2.216635	0.583816	-0.777868	1.822508	-0.992852	-0.777616	0.875536	-0.782199	-0.050637	-0.297904	-0.706378	0.300336	0.358982	-0.456860	0.449166	-0.990781	-2.051051	0.147666	0.404091	1.618478	1.818787	-3.041274	1.784679	-1.453062	-0.230442	-1.300790	-1.460808	0.798130	2.387275	-0.782445	2.358208	0.850582	0.064092	0.924809	-0.823831	-1.313524	-0.145211	0.035693	0.199472	-1.940909	-0.840932	0.248724	-1.084724	2.370368	-1.183762	-0.095050	-0.872244	-0.749920	2.512660
-1.801024	-1.121014	-1.158737	0.003359	1.097651	-0.849888	-0.924664	-1.011934	0.635432	0.397990	-0.085842	1.738165	1.161212	1.785939	1.106666	-0.659349	-0.469691	1.633785	-2.592095	-0.620809	-0.737886	-1.623583	2.085978	-0.974023	-0.212259	0.517718	0.691273	-0.022175	0.376834	-0.422099	0.492359	0.380103	-1.909625	-0.980751	0.920292	0.111843	1.301032	0.140633	0.370137	-0.574661	0.945086	0.725527	-0.483816	0.881211	-0.881836	-0.648351	-1.939126	1.364965	-0.348972	1.105630
-2.820596	-0.833050	-0.775136	-0.209983	0.568507	-0.367159	-0.447583	0.006374	0.299137	-0.375888	-0.620439	-1.930333	-0.093581	-0.238305	0.397791	-2.197952	1.056825	0.685903	-0.232529	-0.592801	-0.382911	1.440362	-1.702492	1.932137	-0.408197	-0.371454	-2.218797	0.276494	-1.408076	-0.878376	1.575025	-0.229460	-1.767301	0.408528	1.244714	-1.122132	-0.016106	-0.469711	1.442237	0.235801	-1.104679	1.381607	-0.161939	-0.116044	0.363642	-1.892484	0.989874	-1.431602	-0.405296	-0.660822
-1.514392	-0.466596	-1.249939	1.298651	1.437118	0.103209	0.058265	1.127578	-1.245148	-1.196893	-0.707865	-0.456507	-1.889136	-0.181407	-0.087251	1.445834	-0.230774	-0.261877	-0.047585	-1.613721	2.157344	1.089398	-0.509318	1.439741	1.023971	-0.182533	-0.658107	-1.862801	-0.918430	-0.590483	-0.567599	-0.259041	-0.582986	0.786757	0.546910	0.704894	0.055906	-1.868633	-0.727606	-1.902343	-0.550166	1.115210	-0.618263	-2.626724	-1.562482	0.829091	1.638166	1.911848	-1.339623	0.297425
0.576546	1.483087	1.788408	-0.605803	-0.254133	1.843386	1.434548	-0.143670	0.845610	0.218402	-0.121521	0.093952	-0.254013	-4.975648	-2.211894	0.759626	-1.398015	-1.496147	-0.902553	2.944325	-1.028905	-0.050927	-1.599918	-2.778729	0.845329	-0.481568	1.370189	0.745999	-1.806925	0.293934	3.737618	0.935125	-1.857239	0.627971	0.111403	-1.321158	-2.703245	2.454536	-0.439857	-0.331536	-0.891484	-0.653148	0.592949	-0.432149	0.108346	1.852847	-0.662186	-0.527505	-0.031492	-0.922812
-2.782844	1.335612	-0.332358	-2.286194	1.493998	2.373821	0.771279	1.274364	0.839104	2.143806	-0.961265	1.611640	-0.761348	2.866773	0.469440	0.576322	-1.494145	0.441686	0.810277	-0.524131	-0.690857	-0.463061	2.546190	3.307511	-0.400961	-0.020754	-1.939549	0.793489	0.085606	-1.421613	-3.806793	-1.509597	0.887131	1.487321	1.122478	1.106404	3.781671	-0.168253	0.161674	1.301222	1.661206	0.522339	0.207328	-2.853710	0.942094	-0.040154	-0.562925	0.906611	-1.572609	1.699529
2.107018	1.122050	0.622891	1.322336	-1.567083	1.755068	-0.351271	-0.236909	0.057475	-1.477899	-0.610366	1.036285	0.109911	1.710411	-0.415809	-0.042080	2.158635	1.271191	0.349390	-0.270404	-0.394614	-2.745522	-1.180537	-0.333826	0.512755	-0.588750	2.935735	1.749305	-1.549494	2.413852	0.155956	0.217625	0.135565	-1.905859	0.186175	1.332905	0.528272	-0.758307	-0.396406	-1.693931	-1.875073	0.555391	-1.824639	1.503930	-0.227341	1.072692	0.393131	-0.685513	-1.407814	1.807349
0.100367	-0.778549	-0.876882	-2.326253	1.255232	0.262930	0.148229	-0.145052	0.405478	-0.726421	1.518082	-0.528647	-0.039811	2.094375	-0.784824	-0.074029	0.542660	1.466875	0.119898	-1.830960	-0.424779	-0.486219	0.306033	0.491281	-0.189540	-0.350791	-0.364318	-0.635297	0.704380	-0.465200	-1.519919	-0.122581	-0.022190	-1.080755	-0.336768	-0.205346	0.486929	-1.097688	0.621972	0.603671	-0.008981	0.225927	-0.931663	1.652451	1.124279	1.015633	1.896065	-0.830367	-0.606425	-0.138573
-0.276538	-0.036610	-0.226847	2.509761	-0.757322	0.356451	-0.955232	-1.223092	0.905532	-0.962445	-1.439238	-1.237507	-0.110704	3.306997	0.370985	0.073407	0.515562	1.361495	1.207662	-3.316761	-0.457545	-0.266096	0.069615	-1.998610	-0.017559	-0.963307	0.469039	-0.054030	0.367384	-0.471912	-1.120678	-0.170508	-1.360558	-1.273836	0.712335	0.166869	0.904811	-0.717260	-1.229192	-0.212807	0.722378	0.605660	0.649835	0.615070	-2.653831	-0.135442	-0.902294	0.753545	0.615407	0.531551
1.189444	-0.532307	-2.337638	0.003427	-0.595739	-0.476727	0.777840	0.853330	1.080204	-1.385365	-0.877108	-0.036494	1.296205	-0.605060	-0.853044	-3.121839	-0.661537	-0.587887	1.636223	-0.091465	1.417102	1.652389	0.595331	0.106389	-1.282686	0.219647	-0.579893	-0.398507	-0.593759	-0.986491	0.670295	-0.272850	-0.379360	1.410354	0.504767	1.266089	1.318297	-1.731587	-1.558000	-0.481832	-1.603350	-1.617850	-0.129799	-0.049221	3.108982	-1.190617	0.817392	2.500794	-0.581599	3.673381
-1.560519	-1.206502	3.085315	1.590348	-1.074660	1.886139	2.368102	1.311930	-1.370306	-0.439381	2.316704	0.754338	0.720484	1.028570	0.468106	-0.447133	0.254670	-0.765293	0.208367	-1.863261	0.614810	-2.939465	1.286112	-0.371001	-0.215053	-0.480620	-2.302860	-1.039974	2.632670	0.888985	-3.493121	0.865272	0.774562	3.071412	-0.520737	-1.713433	1.250343	1.861960	-0.482754	1.153569	0.962696	0.125526	-1.078175	2.201978	4.246367	-0.501230	-0.756369	-1.525853	-0.483606	2.042846
-1.363356	1.656705	-0.566882	-0.313066	0.674591	0.246341	0.121852	-0.762303	0.410867	0.418712	1.755827	-1.735550	-0.720257	-2.483554	-0.412978	1.052314	0.333166	-1.040737	0.754190	2.126450	0.683616	-0.250090	-1.867054	-1.386167	0.654400	-1.023646	0.111063	-0.967023	-1.197402	0.094354	-1.433439	-1.391937	0.576236	-0.292450	0.428755	1.592232	-2.195674	0.554100	-0.261023	-1.478426	1.059995	-0.184930	-1.162099	0.176606	0.331670	1.928638	-0.174384	1.221173	-1.912456	-1.906652
0.445021	0.007608	-0.282149	-1.595528	-0.671868	-0.797575	-0.713932	0.207432	-0.790035	0.394629	1.655422	0.238287	-0.179368	3.327151	2.038192	0.534341	-1.372699	0.218625	2.124173	-2.378230	-1.238385	-1.220032	1.931597	-3.755572	-1.056809	-0.845846	-0.568571	-0.033174	-1.303419	-0.341004	0.533356	0.867476	-1.429880	0.166266	-1.698558	-0.773956	2.393427	0.146844	1.495352	-1.700590	-0.758224	-2.380767	-0.643991	-0.398516	-0.416444	0.434293	-0.046285	-0.409128	-1.271958	1.544309
-0.477332	0.672679	-0.518581	2.661986	-1.126195	1.562216	0.555355	0.000114	-1.291881	1.619027	-2.230031	-0.238890	1.002839	-1.363457	1.141624	-0.304890	0.059118	-0.803658	2.370789	0.910159	0.115393	0.983539	-0.196914	0.449956	-0.483847	-1.755552	1.037451	-1.580760	-1.577361	0.268100	-1.402897	-3.202306	2.093919	-1.128038	-0.782277	3.098416	-0.267105	0.061068	-0.308840	-2.385077	-1.986659	0.263333	0.263068	1.096604	-2.061045	1.665252	0.002119	2.417588	-0.313026	-0.692886
-3.311130	2.037553	1.428850	-1.832073	-1.893266	1.774325	-0.642919	-1.080985	-1.059023	-1.254048	1.379683	1.176900	-0.979452	-2.436847	-0.446743	0.412333	-0.031217	-0.343183	0.665667	3.306553	-1.673924	2.034621	0.073109	0.042201	-2.740283	0.688989	-3.084848	-1.022557	-1.550601	0.514064	-1.252071	-1.799633	0.031784	-0.954971	-0.577169	1.912042	-1.171074	1.181515	0.084050	-0.834311	-0.798586	1.292745	-0.266989	1.895975	-0.864548	0.020933	-0.779458	0.880742	-1.442868	1.085543
0.738260	-1.615208	-0.649773	2.273086	-1.418103	-1.662022	0.254202	-0.184009	0.536036	-0.182727	-1.183513	-1.162127	-0.315552	-4.181654	-2.081174	0.353192	0.904667	1.701204	-0.963421	1.715289	-0.537071	0.919121	-4.474532	-0.008415	-0.349044	-1.283947	0.929958	0.340942	-0.914341	-0.236788	0.302503	1.483394	-1.691190	0.757675	0.734582	-2.641271	-4.503905	-1.221206	-0.550819	-0.775363	0.651064	-0.562706	1.169854	0.679238	-1.119652	-0.778964	0.408763	-2.921905	-0.200761	1.201773
2.589068	-0.616188	-1.635796	-3.725019	-0.288823	-0.932825	-1.191133	-0.501891	-0.309849	1.141734	4.125863	-1.799878	3.726601	-1.699369	-0.407872	-3.112470	0.543583	3.029826	0.384806	0.769329	-2.478863	-0.298845	-0.815507	0.555418	-0.538787	0.400860	0.997585	-2.058994	-0.930401	-0.341641	3.204796	0.670332	-1.672840	-1.117639	-1.361862	0.502983	-0.737269	0.101431	0.537461	-0.128301	-0.367877	1.570265	-0.821999	-2.304105	-2.407300	0.650214	-0.779678	1.466559	-0.897621	-2.161294
-1.216652	-1.622955	1.624773	-0.295847	-2.510313	3.120312	0.283919	-1.681393	-0.733669	0.335297	-0.499206	-1.013284	1.174332	-1.130680	-1.967942	-0.073883	0.307601	2.308934	-1.388505	-0.265499	1.441579	-2.375197	-0.237815	1.149382	-0.330135	-0.600836	0.988535	1.497978	0.641530	-0.761779	0.608381	-3.511814	0.616054	-1.595667	-2.583289	1.473278	-0.954598	1.571493	1.809946	-0.453331	-1.015158	-1.000797	-0.840618	-0.614149	-1.725713	-0.318119	-1.217568	-1.957132	-0.558278	0.042286
3.380044	2.481939	2.395093	-2.910215	-0.633713	2.090564	-0.583756	-0.962299	-0.577822	0.625489	0.595058	0.886537	2.401434	0.544609	0.092292	-0.525045	-0.521528	1.475856	-0.316971	1.444707	-0.975211	-0.027911	-0.176773	0.960216	0.179492	0.933671	1.355692	0.363395	-0.691592	2.444644	-1.456496	-0.654286	0.267794	0.758725	-2.918395	2.511037	1.038105	1.293127	1.964654	0.232453	-0.002500	-0.715431	-1.022657	-1.248890	-0.395999	-0.321687	-0.740987	0.713726	-1.166117	-0.933223
0.868530	-1.080730	1.743411	0.967074	0.716679	3.304500	0.444610	-0.359382	0.228016	0.933520	0.673594	0.624039	-1.311486	1.240865	0.471976	2.865273	0.252226	-0.681494	-0.095935	-0.228549	-0.506330	-2.146082	0.890415	1.209530	0.930041	2.365659	0.578788	0.658124	-0.554126	-0.269412	-1.341051	-0.682624	0.203759	-0.520904	0.678004	0.862547	0.937980	0.481594	-1.375327	-0.655842	2.041509	2.194103	-0.513815	2.497971	-1.903727	1.698039	0.237459	0.797216	-1.655044	1.780948
2.276076	2.108680	0.953014	-1.503203	0.597435	1.530661	-0.891817	-3.436713	0.369773	0.825484	0.179029	0.368924	0.820975	3.180346	-1.584231	-0.810008	0.025587	-0.315131	1.740242	-3.319543	1.142945	0.616406	2.265303	3.417685	0.472913	0.693905	2.098630	-0.189083	0.405453	-0.176482	-1.603866	-2.403425	1.634761	-2.992660	-0.325895	2.746545	1.722756	0.840627	1.958181	-0.963134	-1.121314	-0.763830	0.147641	0.948120	-0.198308	-2.573502	0.516693	0.601831	1.181155	0.530343
1.730461	0.177266	1.703529	2.113400	-1.540310	2.525286	1.197137	0.302672	0.597409	1.635940	0.673336	-0.550723	2.394627	-1.299810	-0.474329	-1.024872	-1.860855	0.195147	0.798762	0.990050	-0.875958	-2.050466	-0.592711	2.706278	1.169155	1.049488	1.842042	0.488436	0.150472	2.010228	1.813117	-0.204650	0.229147	-0.250982	-1.056418	1.208801	0.859869	-0.307090	-0.223841	0.310440	2.046228	-0.442232	-0.691828	-0.242230	0.414242	1.545072	2.113488	1.374761	-0.291847	2.591360
-1.200036	-0.571126	-0.096974	0.696845	-1.846008	0.780826	0.088361	-0.933125	-0.118178	-0.142239	-0.501045	1.051253	-0.413860	0.768086	1.828366	-0.892769	0.319189	-0.465194	-2.816640	-1.653076	0.953924	-1.345229	1.423467	0.759918	-0.534287	-0.767683	0.489756	-1.730434	-1.096839	-1.061436	0.380604	1.077523	-0.352455	-0.490685	-0.673880	-1.718643	-0.220566	-0.283889	-1.073399	-0.987639	0.239779	-2.340694	1.254481	-2.822737	2.231942	-1.176957	-1.101607	-1.324240	-0.235485	0.010410
1.869738	-0.483514	-0.154733	-0.345300	2.429951	0.215900	0.410260	0.024614	-0.447803	-0.422376	0.974573	1.342939	-0.715429	0.717129	1.904008	1.749425	-3.118500	-1.504642	0.097326	0.962667	-1.835801	3.486206	0.854700	0.875925	1.283807	-0.130633	1.102043	-1.442334	0.531434	1.383067	1.978119	-0.370636	-2.867414	-1.608749	-0.907783	-1.244617	1.693870	-1.032492	0.234232	0.381202	1.093982	-0.779674	-0.816906	-0.484449	-0.502983	0.612987	1.455426	-2.584807	-1.501692	2.204576
-4.091033	-1.659797	-0.852024	-2.744711	-0.550574	-1.695697	-0.632595	0.471248	-1.113971	-0.115213	2.071277	-0.642453	-0.154551	-2.241124	-1.268341	-0.397542	-1.433617	0.112232	-1.012505	0.718179	1.086766	-1.692647	-1.264837	-0.153382	-0.878135	-0.702409	-1.290434	3.538652	2.097638	-2.065378	3.131768	0.315642	-2.532057	-0.883017	-1.289228	-2.312062	-0.655861	1.078407	0.531834	-0.771804	-0.250073	-0.012702	-1.387353	1.261439	0.372110	2.482713	-1.115414	0.560415	-0.409406	-0.398523
1.034523	1.698723	1.754593	0.071349	0.630087	2.592842	0.335164	1.453202	0.137252	-1.581274	0.265077	2.423560	-1.710665	-0.185980	-0.722747	1.099182	-0.842906	1.742454	0.721997	0.023653	0.572474	0.918566	3.755187	-0.396430	1.679777	-0.069411	1.003268	-0.254725	1.162166	0.426517	-0.729156	-0.451505	-0.320292	1.426200	0.005996	1.708930	1.643534	1.801750	1.408696	-0.132969	0.299905	0.084822	-0.303770	-2.027608	0.798564	1.045367	-1.082542	1.286896	-0.587836	0.565382
-1.006125	-0.141407	-1.989697	0.464561	0.836728	-0.590871	-1.245516	-0.623715	-1.375229	0.296119	-0.051236	0.752286	-1.269705	-0.256508	-0.607475	1.525673	0.501422	-0.231567	1.389882	-1.530837	2.938025	-1.188660	-1.202431	-1.761561	-0.558956	-0.093081	-0.971331	-0.440331	0.655279	-2.229756	-2.009768	-1.704524	0.340625	1.059559	0.231585	1.068860	-1.421405	-0.750000	1.369101	-2.824753	2.358203	-0.281790	1.437505	-2.891825	0.171784	-1.762775	-0.280619	1.968361	1.723451	-0.891157
0.170610	0.744997	-1.968404	0.191428	-2.290220	-2.956961	0.401570	2.546500	-1.823229	0.940538	0.930426	-1.515752	-0.426732	-0.511859	0.444050	0.620121	-1.103130	-0.495834	-1.693669	0.504210	-0.337639	-0.461717	0.797394	-0.505781	-0.049800	-0.579835	-0.661270	-0.319715	-1.640626	-3.533612	-0.829124	2.918498	-0.139147	2.537662	-0.669182	-2.201405	0.938186	-0.526839	-1.028644	-1.306267	0.310403	-0.795636	-0.046544	0.177167	3.235241	0.670309	1.783036	1.750815	0.058233	-0.335858
-0.081474	0.029050	-1.276381	-0.861746	0.806436	-0.019563	0.646118	-2.326216	0.985525	-0.207074	0.870458	1.957617	-0.105550	-0.111869	-0.149961	-0.046687	1.747605	0.083851	-1.197056	2.892260	-1.154673	-2.555446	1.249331	0.404050	1.757975	-0.504343	1.202589	-0.556755	0.600825	0.493752	1.888522	-1.515391	-0.449470	-1.765078	0.388228	1.429481	1.992112	-2.477247	0.471926	1.210377	3.422433	0.815932	1.083187	0.740794	-1.877773	-2.035346	1.851944	0.175014	0.526885	0.806269
0.524239	0.079639	1.280199	-1.794379	-0.245348	1.411589	-0.029733	-1.772083	-0.336777	0.304924	0.209408	-1.004099	2.245466	-1.185375	-1.954485	-1.790736	0.958996	1.004527	0.014203	0.655214	2.336764	-1.400254	-2.222996	-0.729532	0.042485	0.663052	0.730633	0.796189	-1.176253	1.648514	1.586043	0.551842	-0.697867	-2.307739	0.899243	1.934384	-2.389358	0.599742	-1.424684	-2.684142	0.782264	0.312624	0.272871	2.136581	-2.026122	-0.160018	0.022761	1.339269	1.802086	-0.115094
-1.988456	2.556507	-0.374100	-0.109887	1.273195	0.065873	-0.173245	0.780767	0.044749	-0.462752	-0.312930	-1.015222	-1.557908	3.081634	-2.261871	1.719663	-2.440270	-0.364360	-0.569602	-3.434058	-1.152185	0.927485	0.457076	1.741955	1.171494	0.769983	0.654897	-2.256983	-0.754961	-0.395203	-1.009833	-0.366094	0.799042	1.469604	-0.060840	0.132966	0.566036	-1.834509	0.831790	0.310368	0.916480	-0.046006	0.242280	-0.078771	0.129475	0.988541	1.086104	-0.505080	-1.259550	-1.785913
0.206731	-3.958821	-0.914577	-1.025424	-1.375303	-1.831321	-1.390669	0.209470	-0.050567	-0.401628	2.139097	0.110825	-2.888243	-1.983514	1.652548	1.380045	-0.464482	-1.402452	1.250828	1.887407	0.044533	0.189097	-0.079269	-1.632300	-2.375057	0.858183	-0.974480	2.497347	-0.167756	-2.445229	0.538599	3.208354	-0.163122	-1.594087	-1.786865	-2.857064	-0.202337	0.358592	2.101466	0.963575	-0.867629	1.922798	1.205947	3.191144	-2.616694	1.066251	-0.240400	-0.316227	0.907162	-0.144473
1.965026	-0.357026	-1.649244	0.434373	1.142729	-1.833342	0.486750	-0.614538	-0.732442	-1.267481	-0.378954	-1.888053	-3.351368	-0.354441	-0.994906	1.150639	1.261758	-0.887815	-0.913904	-0.134373	-0.917413	2.640509	0.253825	0.855900	0.300064	-1.956167	0.486958	-0.413225	-0.884372	-0.768888	1.829079	1.238843	-0.039059	-0.115245	1.415979	-1.666606	-0.820552	-1.799026	-0.444187	0.357395	-0.579260	0.480534	-1.802550	-1.781429	-0.721128	-1.669814	0.763471	-1.628688	-1.692321	0.087653
1.117399	-0.981443	0.045832	-1.000359	-2.097125	-0.686071	0.053416	0.095636	0.460560	-0.396064	0.145357	0.820541	-1.415733	-1.426581	-0.513701	0.795073	-1.292808	1.455510	0.621192	1.470878	0.370294	-0.231063	0.312218	-0.118125	0.475416	0.797007	0.943962	0.082787	-0.640564	-0.401601	1.522285	-1.207067	-1.487308	-0.355709	-2.878203	1.705307	-1.645533	0.959058	-0.345243	-1.137738	-0.318841	0.315113	1.307931	-2.428286	-1.227501	0.272749	-0.022015	0.292261	-1.441041	-0.912311
-1.613162	-2.004391	0.030445	1.050886	-1.379062	-1.438021	-0.915468	0.935415	-0.114507	0.709145	-0.184004	1.612628	-0.407747	2.174381	-0.422410	1.758302	0.145812	-0.090695	0.701022	-1.164335	1.817913	0.602151	1.237530	-0.740429	-1.539037	0.944671	-0.600123	-1.427641	-0.106383	1.108994	-2.271861	1.174078	-0.105006	-0.630609	0.411679	0.094030	1.229196	-0.732569	0.281636	-1.594912	-1.195967	-0.122997	-0.688959	0.774227	-0.757116	0.111684	-0.301279	-0.249421	0.416302	0.541310
0.048113	-0.210211	0.886320	-0.786309	1.394271	2.125877	-2.605881	-0.368865	-0.503848	-0.137051	1.810042	-0.446717	-1.989543	-2.524812	-1.525738	3.242920	-1.002816	-0.702765	1.416409	1.371679	0.811757	0.959234	0.913727	2.477149	2.495451	-0.331972	2.634525	0.471542	1.275689	0.706301	-0.530241	0.114519	-0.594454	-0.055183	0.604045	-0.832582	-0.873681	0.228892	-1.591438	0.076279	1.279557	0.948464	-1.030064	-1.258883	-1.688462	0.871978	-2.104085	-1.747859	-0.687078	2.051381
1.493552	-0.172112	-0.111099	0.870179	-1.494733	-0.578923	0.819398	-1.614450	1.312411	-0.242163	3.125814	-2.019286	1.183673	-1.685504	-1.494066	-0.699202	0.049370	-0.434940	2.689482	2.227266	3.101915	-3.245152	-0.699147	0.153481	-0.380400	-0.040779	1.584620	-0.408813	0.324651	-0.926392	-0.420740	1.156264	-1.051511	-2.525586	-0.977899	-1.089058	-0.542546	0.573214	0.294291	-1.396624	0.119296	-0.652046	1.846536	-0.318302	0.624508	-1.365725	-0.171628	-0.370990	0.877402	-2.648299
-2.867490	2.444310	-0.590931	-1.396073	1.182688	0.739059	0.715148	-0.401500	1.983869	0.724646	-0.422764	0.716922	0.254721	0.473008	2.219026	0.608000	-0.415358	1.466744	-0.085730	0.784887	-1.876792	-2.034421	0.804403	-0.601879	-0.644349	2.288117	-2.524603	-0.719127	-1.072236	1.183562	0.520864	-2.268290	0.328561	0.815510	0.592455	2.476766	0.314940	0.387155	-1.396428	-0.833544	-0.250089	-0.444336	4.172014	0.961965	0.826733	0.325175	-0.192989	1.588782	6.356624	-1.260387
-0.375654	-0.340989	0.470082	-1.365105	1.463343	-0.406316	-0.082065	-0.077081	-0.147043	-0.357193	-0.064670	1.265471	0.853271	-2.545414	-0.850965	0.288732	0.816451	0.658170	-2.429571	2.464008	1.700331	2.446491	0.665348	-0.867853	0.362039	-0.954469	0.631701	-0.781298	0.619251	-0.203444	1.678801	-0.141532	-1.153516	-0.447058	0.709224	-0.848472	-0.415874	-0.642458	-0.877272	-0.288596	-0.153530	0.416756	0.499341	0.558977	1.688469	1.113237	0.712971	-1.997884	-0.566265	1.832599
0.959361	-2.030758	-2.930919	0.415841	-0.551722	-2.595096	2.192956	0.567553	-0.420557	-1.261553	0.606767	-0.458438	0.187656	0.243839	1.186024	-0.982251	0.717568	-0.274776	-1.689996	-0.887781	0.050638	-2.669449	0.152733	-1.056633	0.243290	-0.716145	0.297107	-2.298362	0.544747	-1.243464	-0.639975	0.359615	0.036759	-0.375012	-0.750147	-2.258082	0.090856	-3.417601	-1.994763	1.193390	-0.312894	-1.812340	-0.394598	0.081624	2.432695	-0.952442	3.150954	-1.014715	-2.456112	2.031180
2.011279	1.204198	1.576302	4.270524	-1.535392	1.132835	1.388820	-0.602723	1.083243	-0.526885	-2.679607	0.594656	-1.065528	3.693855	0.010156	1.959944	1.410862	0.308008	-1.320786	-4.090869	-0.454817	0.868241	1.514221	-3.775673	0.489472	1.299893	1.274445	3.295781	-0.728333	-0.187552	-0.849496	0.054497	1.491595	-1.549802	-0.612623	-0.078833	0.720817	1.806653	1.544751	0.208919	1.608510	1.338276	-1.131973	0.478312	-1.884703	0.442626	0.828817	-1.841121	-2.036472	1.132765
-2.424990	0.422677	1.902203	0.618572	-0.125194	-0.311414	1.291814	0.879796	-0.868164	0.163011	1.525065	0.483078	-2.222507	1.437083	-0.668427	0.395358	-0.160332	0.235669	-0.477285	1.345130	-0.518312	-0.467238	0.313119	-1.583163	-0.666684	0.856308	-0.316286	-0.805422	0.218452	-1.687671	-0.861156	1.904211	0.681202	-0.661736	0.238969	-1.698502	1.179134	1.412826	1.648525	1.420047	-3.150138	1.499642	-0.078421	-2.652640	-1.737619	1.604809	-0.867976	0.617518	-0.049465	-1.333616
2.658683	2.342784	-0.208489	1.606975	-1.019604	1.459082	-0.172777	-0.056241	-0.241713	-1.002590	-0.588272	-1.655618	-2.012353	-0.273150	-0.094369	1.210810	-0.294699	0.207198	0.183091	-0.129478	-0.579866	-0.218371	0.038344	-2.011846	1.827644	0.619277	2.467320	-1.281211	-0.230293	-0.579387	-0.956015	-3.638327	0.697571	-0.145755	0.381544	1.552644	0.154357	0.476028	1.254620	-0.333849	1.620168	0.850289	-0.454981	-0.190537	-0.131197	-0.685804	-0.792083	-0.460817	-0.806575	-0.265339
1.675632	-0.218184	0.147278	-1.967501	1.598824	0.795912	-1.425161	-0.983433	-0.857513	-0.986097	1.055159	-0.777233	-0.198348	1.507172	2.111742	-0.324458	-0.450229	-0.939827	-1.489442	0.398957	1.104085	1.887685	0.330303	-2.693127	1.567748	-0.090042	1.659237	-1.516521	-0.741748	0.231380	1.055210	0.214765	-0.858154	-0.082933	0.777325	-0.596909	2.155743	-0.006733	0.473419	0.064700	2.224337	-0.250718	-2.068775	2.193095	1.041972	1.068830	-0.144099	-1.592465	-1.231445	1.955776
-1.247122	1.804452	-0.229944	-4.655496	1.474177	1.498747	-0.404829	-3.484058	0.575912	0.666745	1.247583	1.818148	0.672283	1.435802	0.000589	-1.197611	0.350308	1.023995	2.044632	1.333368	-1.317577	-0.301112	3.317720	-3.086866	1.057460	1.893807	2.883461	0.492473	-1.733029	-1.801637	-0.601688	-3.332819	0.302465	-1.336309	-0.464771	2.278016	4.473597	-1.181937	1.531257	0.653176	0.257120	0.314672	0.073535	0.649030	-0.855354	1.874639	-0.396110	1.500180	-0.659553	2.562290
0.332445	3.105600	0.929178	0.599655	-0.012387	-0.822516	0.645757	-0.936415	-1.122326	-0.840460	1.195236	0.760388	-0.676728	0.506785	1.146854	0.723803	-0.749437	2.329480	3.253936	-0.303671	-0.511605	0.608812	1.140766	0.383673	0.358102	-0.467158	0.126005	-0.365106	0.730129	0.711243	-0.521265	1.753652	0.577543	1.396267	-0.895681	-0.652814	1.426389	1.231752	1.597191	0.413176	-0.687672	0.379731	-1.686739	0.415463	-1.592702	0.956521	-0.668760	-0.967410	-1.585447	1.127364
0.938267	0.263358	-0.476672	0.904982	0.498911	-1.734721	0.727600	-1.448437	2.075982	-0.333695	-0.120749	0.678175	-2.117699	-0.758946	-0.861126	2.851433	-1.952049	0.061498	0.750629	-1.241240	0.070149	-2.156370	-1.304138	-2.042432	0.410441	-1.376242	0.957615	0.150281	1.674798	0.176955	1.823361	-0.671399	-0.211035	-1.155472	1.237828	-0.227769	-2.763613	0.144506	1.296458	1.698682	-0.028612	0.065655	-2.011751	-4.498548	-0.876580	2.031199	0.581830	-1.702158	-2.351732	-0.596586
-0.319419	-0.056430	0.779986	3.338288	-0.973503	0.978341	0.402103	1.239223	1.634874	-0.842559	-0.840177	0.766214	0.344186	0.300628	0.734923	-1.869699	1.384672	0.027578	0.340592	1.789401	0.758920	0.432597	0.333652	0.368032	-0.623545	-1.059835	-2.987062	0.143084	0.755846	-0.866284	-0.618795	-1.616899	0.256610	2.851885	1.608710	-1.760116	0.481823	0.585336	1.367700	-0.673780	-1.780300	-0.305951	0.178985	1.429015	2.336507	-1.557881	0.326968	-2.261863	-0.656663	0.208142
-0.357918	-3.102826	-1.690106	2.516020	0.375856	-0.449844	1.488816	0.614061	0.925699	-1.037790	-2.509305	-1.043290	0.638579	0.291374	0.584354	-0.601274	2.106572	-1.303293	-2.376430	-0.459361	-2.751964	0.378071	-0.252262	0.685444	-0.540905	-1.892436	-1.352223	-1.185341	0.472940	0.236197	-1.243322	-0.084392	1.346743	1.629189	-1.455945	-1.305379	0.514603	-0.992292	-0.596293	2.122615	-1.133890	-0.914831	-1.486235	-0.970988	0.715521	-1.336737	1.562330	-1.963935	1.516539	-0.476510
-0.246215	-1.261429	-2.792168	1.473377	-0.290034	-3.129101	0.030762	0.445771	-1.488687	0.994203	-0.849923	1.249906	1.050842	0.913981	-1.613378	-0.048463	1.454880	-0.440825	0.086868	-0.398179	-0.513984	-2.476611	0.990277	-1.720069	-0.558476	0.813655	-2.142609	-0.273791	-0.363980	0.138606	-1.367107	-0.490374	-0.388104	0.221147	-0.996905	0.080982	0.547390	-1.896048	-1.309168	0.449195	-0.646809	-0.109913	0.222882	0.738863	1.251703	0.066662	0.850555	-0.774164	-1.249659	0.119752
-1.223928	1.684869	-0.186649	-0.987560	0.975797	-0.304435	1.241456	-0.755394	0.530380	-1.353487	-0.563116	0.913832	-2.754053	-1.661472	0.210940	1.489318	0.416717	-0.718786	-1.486880	1.046094	-0.131939	-1.061765	0.513325	1.061406	-1.161054	-0.912168	-0.908010	1.372008	0.161385	-1.580362	1.462322	2.212406	-1.392018	-0.650865	1.155044	-3.572658	-0.847654	-0.166078	-0.687445	0.892347	-0.589803	-0.648901	1.553981	2.571373	0.585156	0.686597	0.921026	-1.795688	1.399634	3.012836
-0.666634	-2.547780	-0.321239	1.127987	-1.216391	0.096491	0.663933	0.842893	-0.287016	0.633344	0.577205	-1.127028	0.660184	2.492412	0.816308	-0.260458	-0.725447	1.294984	-0.099615	-1.187971	1.626886	1.082994	0.939815	2.149019	-1.098005	1.413900	-1.465512	-2.441093	1.444616	0.952283	-2.571625	-2.152865	0.054616	0.086225	0.059880	2.755679	0.032805	-1.975624	2.334928	-0.326899	-0.109117	0.001690	-0.288183	1.763277	-0.975904	-0.332192	0.665892	1.577527	-0.287560	2.196086
2.106526	1.658050	0.370160	2.897148	-0.533481	-0.705203	3.888918	1.235325	-1.612154	1.185670	0.459141	0.546363	0.137479	-1.423015	-2.152107	1.253812	-0.674110	-1.625083	-0.495796	2.960246	-0.038456	2.087074	-0.170953	2.292245	0.156064	1.023549	-0.921981	0.920292	0.195817	-0.635527	0.020308	1.262670	-0.532163	2.409585	0.370260	-0.628371	-1.301349	-0.079914	-0.948623	1.135948	-1.094406	-1.529592	-0.099934	-2.114921	2.162600	-0.235065	2.029263	1.767816	1.117157	-1.681821
0.997924	2.010697	1.414538	-0.743514	0.281693	0.280506	1.036349	0.306904	0.885373	0.473439	1.531952	-1.143491	1.023327	-1.503633	0.463749	1.798071	2.065594	-0.489552	0.830977	2.391517	0.342462	3.063533	-1.700162	-1.635154	1.593437	-0.248529	1.825135	-1.837838	0.533461	1.428658	-2.025511	2.662340	2.123261	-0.529580	-0.881362	-0.488004	-0.900646	0.695786	1.232522	-0.021059	0.011303	-0.395502	1.488411	-2.276571	0.752703	1.699948	-0.747423	0.065339	0.124373	-1.956880
-2.349636	-0.459199	0.883752	1.767199	-1.998168	0.899377	1.928656	-0.258667	-1.515179	-0.533478	-1.206491	-0.735261	-0.399175	-1.262780	-1.824583	0.982195	-1.641707	0.227744	1.075397	1.088205	-1.677035	0.366820	-1.314519	-1.331544	-1.063953	3.422873	-1.270556	-0.704870	-0.369519	0.449243	-0.759637	0.492234	0.881821	0.888675	0.294756	0.598408	-1.605497	0.370459	1.389000	0.031455	-1.996483	-1.506103	-1.146897	-1.403284	0.883651	1.325422	0.608276	0.747956	-0.520556	0.462894
-1.335535	1.077225	1.355941	0.689389	1.000411	1.249109	1.636431	1.292535	-2.392223	1.110077	-0.388374	0.425101	1.033016	0.824752	-3.496978	1.319113	-0.955988	0.507433	-1.539494	-0.406569	1.245625	1.872470	0.743451	-0.924545	0.582338	-0.991466	0.079119	-0.357912	0.901212	2.172588	-1.068398	0.529616	-1.675489	1.875324	1.997740	0.825964	-0.884473	-0.084468	0.542758	-1.314281	-1.482909	0.289821	0.873417	-0.089055	1.116299	0.811737	1.320225	-0.757237	1.450559	-0.427520
-0.612450	-0.941550	0.153075	-0.898017	0.687172	0.298675	0.474993	-0.478981	0.425549	0.933545	0.185084	-0.958509	1.036978	-0.412427	0.659559	-1.633196	-0.913645	-1.347585	0.551427	0.900115	-0.258088	-0.961513	-2.697090	1.296150	-2.046183	1.225609	-1.200657	0.613133	0.516149	-1.618828	0.031781	-1.259980	-0.602282	-0.721611	0.582250	1.303147	-1.695491	-0.121860	-0.818973	1.089404	-2.947892	1.084637	-0.274664	1.566736	-1.126386	-2.030480	0.919341	2.702006	-0.216534	-3.204410
-2.765944	3.466303	-0.879107	0.529952	-0.065598	-1.269316	-1.106270	0.357066	1.914798	-0.805922	0.472204	2.589887	0.404816	3.310283	1.434717	-1.843618	0.701132	0.493746	0.283100	-0.927070	1.348372	-0.151094	1.812161	-0.458054	-1.672662	-3.809606	-3.382540	-1.090717	0.392573	0.521923	-0.416073	2.025761	1.175228	1.287325	1.020882	-1.914655	3.318180	-0.435916	-0.883106	0.035468	-0.521418	0.635713	1.554660	0.518321	0.919161	-1.011439	-0.867690	-2.083695	2.541119	1.072399
0.588885	-2.866178	-1.967560	-2.987313	1.582208	-1.268153	1.760298	1.964606	1.058498	-0.462196	1.136564	0.454789	-0.203009	-0.884031	0.322647	-1.512946	-1.306254	-0.291786	-0.348787	-0.455305	0.463497	-2.522026	-1.427560	1.207576	0.774168	-1.984187	-0.309220	-1.139562	0.513872	-0.019431	1.390882	-1.096435	0.476316	3.720719	1.964797	-0.041245	-0.415806	-0.538289	-1.712056	-0.548116	0.754820	0.163403	0.434055	-2.434597	0.679709	-1.035913	1.184347	-0.885750	-0.560930	0.908908
1.344573	0.606975	-0.541287	1.099864	-1.585486	-2.042268	-0.058185	1.080872	-2.051856	1.472316	-2.263806	0.415139	0.085911	0.513966	-1.206243	0.721057	-0.919034	-0.399740	0.984639	-1.780836	-0.570168	2.726863	-0.647238	2.371414	-0.101477	2.045727	-0.116995	-0.406063	0.787939	-1.644433	-0.197328	3.121749	-0.924968	0.036654	-1.755963	-1.240937	-1.142826	-1.457899	1.089686	0.852938	-1.625175	-2.104622	-1.520634	2.309769	0.057885	1.238730	0.990914	3.011323	-1.476025	0.160387
-0.380030	1.562679	0.544812	0.381341	1.848644	-0.650217	-0.339676	-0.923040	1.595440	-0.107003	-2.184109	-0.629987	-0.594890	-0.964808	-0.133875	1.016976	-0.651423	0.365331	-1.478882	0.175760	-0.525710	-0.578017	-0.101478	1.574385	-0.248681	-0.610281	-0.811397	-1.267319	-1.297708	-0.328781	0.577431	-0.560215	-0.317581	-0.120076	0.679503	-1.283453	-0.628033	0.890936	0.128082	1.160098	-0.652773	1.937632	-0.156849	0.644265	-1.589518	0.768110	-0.362908	-1.951181	-0.149597	0.539936
0.554759	0.619035	1.299656	0.046342	0.170730	0.636500	1.243603	-0.471199	-1.444423	-0.453610	-1.218375	-1.637269	-0.367383	0.551233	0.051169	2.155865	1.812859	0.480055	0.763397	-1.347441	0.015079	0.658453	-0.700717	-1.330809	-0.720167	-1.658362	1.411899	-1.224532	0.553485	1.791371	1.958568	1.710435	0.615284	-4.523673	-1.068443	-3.073819	-0.008242	-0.108428	0.112669	2.198299	-2.371068	0.298931	-0.271936	-0.678606	-3.307376	-0.110324	0.975518	-2.526491	0.182506	-0.076803
-0.534222	-0.938280	0.592744	0.641444	0.404544	-0.077183	0.360475	2.475418	1.606854	-0.141399	1.223317	0.194649	1.439740	-1.251956	0.402181	-1.130023	-0.485235	-0.855428	0.731854	2.505567	-0.625206	5.535877	0.664373	-1.793274	-1.505469	1.614050	-2.005186	1.535128	1.569115	1.010130	0.795271	2.696761	-0.236402	0.997289	2.523559	-0.448439	0.422633	1.159001	1.296007	2.158386	1.209123	-0.125723	1.606496	-0.762760	1.657313	1.362787	0.552381	1.110304	0.340301	0.930316
