X13	X15	X19	X11	X20	X4	X27	X18	X50	X21	X2	X6	X1	X41	X10	X42	X24	X25	X37	X16	X38	X3	X17	X31	X26	X5	X46	X35	X22	X36	X44	X47	X43	X12	X14	X7	X39	X49	X23	X33	X30	X8	X29	X48	X45	X34	X9	X28	X40	X32
-0.830114	1.364479	-1.648205	0.400813	0.128157	0.001960	0.697883	1.341700	-0.151177	2.050929	-0.023947	-2.906904	0.025476	-0.473929	1.542945	-0.529563	1.822406	-0.338167	-0.564369	-0.657944	2.655451	0.670863	1.365640	2.047152	-2.123519	1.211261	-0.617502	0.929105	2.054488	0.824149	1.073277	-0.052757	-0.313157	-0.572661	1.126057	0.418363	-0.595487	0.871270	-2.321092	2.589742	0.939533	-2.598570	-2.165754	0.825841	-0.033700	0.382216	0.669650	0.206634	0.901741	2.000870
-1.840957	0.687667	-0.182880	0.718308	0.254236	0.883219	1.104782	-0.664974	-1.750280	1.203517	0.199019	1.095354	-0.758845	0.018754	-0.586859	-0.526275	0.098579	0.740745	-1.656861	1.624205	-1.706368	-0.285152	1.398349	0.274660	-1.987471	2.519910	-0.699455	-1.880193	0.938613	0.459344	0.819890	-1.290910	-0.190085	-1.331859	-0.457094	-3.058590	-0.306133	-0.106385	0.702371	0.945257	-0.593306	-1.858129	0.714512	-0.231178	-0.461378	-1.293352	-1.800412	-0.215728	0.353047	0.373119
-0.450924	1.537822	-0.464113	1.533978	1.060436	1.016381	1.018630	0.279882	0.048526	-0.697543	0.711046	1.559935	-1.169304	0.444303	2.352288	2.311203	1.223517	3.623163	1.648062	1.186382	1.782592	0.420028	-0.286647	-1.628166	0.041594	-0.643498	-0.964425	2.433940	2.536239	-0.522686	1.410783	-1.347173	-0.250944	-0.047134	-2.138617	4.132993	0.073521	-0.770950	1.082206	0.793009	1.133816	1.766808	1.071072	-1.869864	0.592533	1.403963	0.402580	-2.398969	-0.642743	0.898264
0.799477	-1.191738	-0.488560	-1.051333	-0.515325	0.530348	1.745500	-1.281324	-0.229411	1.691276	-0.499613	-1.063582	0.641985	0.089695	4.042164	0.848480	0.742262	3.798701	-0.934303	0.674125	1.294357	0.727997	2.156469	0.131115	1.104731	0.204637	-2.980076	5.074023	-1.062199	-0.554802	1.416708	0.285114	2.126083	-0.300805	-1.412482	0.870383	1.037959	0.650353	0.824585	0.883881	1.841009	-1.265202	-0.286608	0.401432	0.556338	3.136173	1.121260	0.530846	-1.343256	1.980987
-0.090477	-1.690821	0.093445	-1.164444	0.515925	0.725227	-0.436688	-1.484585	-0.042968	-1.091068	-0.116968	1.171518	-1.035640	1.603781	2.035543	-0.331515	2.389431	2.077615	1.034038	-1.391022	0.567822	0.934591	0.408483	0.370971	-1.863868	0.003103	-3.200232	2.261533	-1.386391	0.454937	0.650640	1.514667	1.919611	0.920441	-0.841733	-1.430883	-1.003776	-1.591329	-0.307032	0.842475	-1.044469	0.040818	0.057992	0.412626	-2.782484	0.978152	1.662372	-2.870962	-0.580461	1.752073
-0.623756	-1.539476	-0.304753	-2.446953	-1.635920	1.171209	-2.680174	0.234874	1.162178	1.073652	1.202615	-2.216867	1.224019	-0.445234	0.246037	0.590471	1.004447	-0.021860	1.244584	0.952828	-1.779844	0.067367	-0.782700	0.764465	1.618892	-0.654532	-0.030142	-1.673509	-0.874134	1.508315	1.629583	-0.909821	1.117926	1.345120	-0.342414	0.018200	-0.346124	-0.378274	1.073944	-0.518537	1.232430	0.609507	-2.953976	-0.281683	-1.866924	-2.034623	-1.173790	0.544926	-0.543807	-0.554097
-1.470868	0.504635	-0.221303	1.953750	-0.289957	-1.550009	1.048503	-0.103155	0.582275	-4.084664	-0.345263	2.270638	0.943591	0.125276	-3.933750	-2.602901	-0.954751	-3.252300	-2.358490	-1.736999	-1.234039	-0.203986	-0.256316	-6.038650	-0.423953	-2.252532	1.187874	-4.651625	2.897782	1.137283	-1.516289	-2.100102	1.053811	-1.824939	-0.252856	-0.761159	-1.867946	2.208312	-0.788176	2.832476	-0.870427	1.947985	2.817518	-1.075846	1.634498	-3.198821	-1.172045	-0.072915	2.390772	-0.055728
1.232358	0.858475	-2.488009	2.290860	-0.690650	-1.775234	1.290085	-1.641530	-0.840648	0.816426	0.455312	-0.399218	-0.337407	-1.605624	1.151045	0.848295	-2.044138	0.262603	-0.573822	-1.938040	-0.533832	-0.249878	0.640958	0.731398	0.847215	-0.767657	-1.398243	0.312223	1.815509	-1.067229	0.429202	4.224949	-2.796057	-0.600789	-0.879156	2.087163	1.068182	-0.421922	-1.214917	-0.575839	2.996782	0.892520	0.544219	0.754115	0.176601	-0.020624	-0.840718	1.217755	0.618255	0.361065
0.815743	1.009344	-0.286255	1.248386	-0.187968	-0.144376	0.211841	-0.653834	-0.637946	-1.531971	0.169097	3.261980	-1.554157	0.441059	-0.920609	-0.463919	-0.040276	-0.536961	-1.445800	1.103228	-0.300426	-2.797166	0.702132	-4.126092	0.405678	0.074583	1.047571	-0.455822	1.621166	1.422492	0.699065	1.671083	-2.392076	-0.826521	0.065020	0.305055	0.533373	-0.775633	-1.117165	1.613485	0.944841	0.035140	2.283302	-0.538913	2.489191	-0.371158	-1.118889	-2.020855	0.884197	0.877775
1.192378	-0.021878	-1.440894	0.406517	0.325182	-1.240042	0.931819	-1.772531	-1.031242	-3.501122	1.088610	0.935977	-0.846149	-1.108338	-0.683643	0.832502	-0.038250	-0.611196	0.630385	-1.768878	-1.370297	-0.690134	-0.859996	-2.040865	0.248615	-2.316822	3.081600	0.826060	0.655198	1.726186	0.111044	2.905837	-0.745379	0.507365	0.435873	0.101461	-0.391914	2.059669	-0.207559	-0.389983	-0.402686	0.359873	0.263093	-1.518588	-1.959809	2.476313	-1.717060	-3.338348	-0.226635	-0.220843
-0.429634	1.257905	1.799402	1.390753	1.332030	-0.352479	0.675894	-1.117831	-0.523035	1.962452	0.751225	0.086981	0.186566	0.601137	-0.841513	-0.374549	0.673705	-0.328380	1.382102	-0.096417	-2.325639	2.361926	2.853102	0.689131	-0.897820	1.528874	-0.190723	-0.916564	0.539625	-0.110592	1.720178	0.130373	-0.594162	0.506287	1.373885	-0.855299	1.262723	-0.736413	-1.868500	-1.636545	-0.109285	2.828505	1.752291	2.056107	2.890447	0.688021	2.463742	0.655418	-0.003496	1.843031
2.876760	-1.436813	0.955379	-0.541629	0.216067	-0.632476	-0.314433	3.353066	-0.129459	-2.846487	-0.686189	1.430386	-1.982755	0.887960	-4.103485	-0.933314	-0.490823	-2.386885	-1.000344	0.421536	2.638681	0.387389	-1.838815	-2.891484	-0.940195	-0.930939	-1.253498	-0.103232	-1.815757	1.095512	-0.391853	2.505621	0.098453	-2.001924	1.350435	1.465010	-0.430953	0.315428	-1.240403	1.114749	2.579770	-0.522319	1.165202	-1.883267	1.371456	1.008043	1.225030	-3.338141	-0.808512	-0.715032
-0.193449	1.569088	-0.870118	2.355141	2.457739	-2.096461	0.999193	-2.389920	-0.269910	-0.843056	1.515830	1.396707	0.393892	1.958584	-1.322286	0.104357	0.149550	-0.630198	-0.165764	0.403642	-4.254660	0.808072	0.726839	0.998624	0.466838	-1.635411	0.799373	-0.896922	2.658089	0.383194	-1.283457	0.673083	2.091446	0.964131	-1.661719	-1.099711	-0.586001	0.331892	-0.765469	-2.119346	-1.552507	2.302634	2.013309	2.118273	1.138280	0.289559	0.906492	-1.115701	0.148786	1.314858
-0.757548	0.480921	-2.439949	0.180994	0.686094	-0.834481	-2.385122	-1.457229	0.036559	-2.221913	0.033142	0.684781	-0.210617	1.280398	-0.610788	1.906104	-0.479318	1.302294	-0.334629	-1.188986	0.536388	-0.622116	-0.554245	0.417537	-1.524920	-0.211833	0.919022	-0.266289	0.185040	-1.105692	2.716017	0.918598	0.328087	-1.673218	0.012354	-1.509624	-1.809362	0.259391	0.750811	0.077516	-0.980870	-2.244773	1.550265	0.764777	-3.011857	0.093619	2.669756	-1.951677	0.029767	-1.092341
-1.933097	1.978095	0.117875	0.532217	0.542619	1.713076	1.080836	-0.471239	0.192214	2.890257	-0.268060	-3.815626	-0.618565	1.212352	3.273140	-0.949810	0.965270	0.805946	-0.189404	-0.841468	0.675629	-0.674948	-1.987199	1.302294	2.888525	0.812042	0.088948	1.519298	1.567513	-1.977600	0.419917	-1.261666	0.613291	-1.191575	-1.352739	0.237833	-1.081943	-0.356037	2.737823	1.140587	0.228924	0.105933	-4.320510	1.922336	-0.990329	-0.170594	-0.188165	1.724467	1.492198	-1.381859
-3.045825	-0.295332	0.077239	-0.509982	0.914036	0.012115	1.905784	-0.281669	-1.573765	-1.068438	-0.378048	1.889683	0.433311	-0.095694	4.734656	1.398985	1.653441	0.971408	2.015066	0.521304	2.082306	0.859358	-2.455696	0.499147	-0.282809	-0.857603	-2.614594	1.143369	1.343591	1.951001	1.566246	-1.317184	1.816906	2.761788	-1.156366	0.156324	1.014714	0.383386	-0.604626	-1.186013	-1.185629	0.350893	3.108958	-1.890567	1.206280	-1.896642	1.405086	-1.363616	-1.261703	0.332074
1.991945	-0.690718	-1.973122	-1.206367	-0.589672	2.243511	0.756019	-0.322565	0.754332	-2.089741	-1.756221	-0.753491	0.830503	2.472645	1.078070	1.767233	0.645098	2.111985	-1.497819	-1.153925	-1.407731	1.111921	-1.047564	-0.504131	0.920869	-0.178121	0.381669	1.524383	-2.545929	0.698163	1.290563	-0.150605	1.243892	0.922144	1.086826	0.651042	-0.352395	0.114058	0.604369	-0.343194	-0.516732	1.899366	-3.259370	-0.567137	-2.778730	0.869497	2.745580	-1.759394	1.079234	-0.162084
-0.929439	-1.025162	2.936279	-1.460853	0.485196	-2.967056	0.692141	-0.274695	-0.317247	0.593561	0.727642	-2.333047	-0.991282	0.148810	1.987284	-0.067530	1.506216	2.486318	1.221400	-1.628088	-2.678484	1.694906	-0.032662	-1.675167	-2.724897	-1.195516	-0.899126	0.846744	0.514437	0.022202	-3.387068	-0.974156	-2.917889	1.638479	0.441742	-2.958124	-1.034073	-0.519592	-1.516158	-0.828103	-2.018647	0.518758	0.373315	0.933767	-0.116501	-0.440501	-1.951794	-1.061538	1.006823	1.137060
-0.059415	0.997626	2.622301	1.531492	-0.293860	-1.700776	1.296416	-0.089334	0.341152	-0.344462	-0.492135	-0.388107	-1.489392	-0.356761	1.729301	1.387586	1.783374	0.999252	-0.029036	1.192339	0.806539	-1.372509	1.109828	-0.428538	-1.720362	-1.041468	0.048590	-1.125581	-1.941723	0.093022	-1.063781	-1.936727	1.135363	0.293632	2.346282	-0.953042	-0.192181	-1.636048	0.382063	2.001744	0.942509	-0.231702	0.968919	1.143806	-0.507971	-2.432385	0.828376	-2.460927	0.079313	0.543092
0.186299	-1.238918	-0.353750	-1.277152	0.401287	1.224662	0.479750	1.332236	-1.468988	-0.710573	0.262091	1.356030	-1.392713	-1.015960	0.366347	0.150968	-0.763700	-0.221150	1.153419	-0.581189	0.308812	-1.548515	-2.459470	0.318836	-0.386090	0.360603	-1.956449	-1.323956	0.189205	1.237626	1.805527	-2.224767	0.320748	0.549232	0.004885	-2.240468	0.616979	0.641002	1.522423	-0.069157	-2.731286	-2.390835	0.023138	-0.765683	1.291436	-1.205977	0.617309	0.014635	0.005155	-1.971079
0.083598	0.463127	1.472317	1.133520	1.852836	0.230030	-1.589350	1.203777	-0.490968	-0.042016	1.213041	1.001659	1.706695	0.598645	-1.552630	0.020019	-0.396158	0.018765	0.243823	0.512478	0.873943	2.162916	0.737023	1.373756	-0.889106	0.211041	2.678012	0.137645	1.057143	0.867549	1.030889	-0.864270	-2.305203	-0.511056	0.664695	-0.950195	1.864269	1.184909	0.436630	0.734017	-1.451347	0.433370	0.112131	1.953439	1.905368	1.342724	-3.427050	0.974193	1.328374	-0.235775
-2.836858	-0.523197	0.317369	-0.514464	-0.377278	-1.988858	1.097039	-0.817441	-1.146580	-1.858552	0.252403	-1.878451	0.481680	-0.780656	1.330643	0.594921	0.464353	-0.291904	2.225243	-0.116845	0.317955	-2.260573	-2.077737	0.854275	-1.058667	-3.466564	-1.128879	0.163184	0.840908	1.105284	-2.938581	-1.270010	-0.354161	1.340624	2.720901	-0.828041	-0.483538	-0.625740	-3.177617	-0.805876	-0.270012	1.225440	1.720344	-0.181626	-2.682577	-0.690668	-2.219096	-0.798179	-0.735748	-0.272582
1.265113	-0.485526	-2.772833	0.415754	0.214249	1.025996	1.433254	-0.605344	0.405012	-1.310588	-0.709599	-0.018085	0.930892	-0.830609	-0.415192	-0.714669	0.153591	-1.788068	-1.761703	-0.176945	-0.352338	3.048485	0.859922	-0.006797	1.906924	0.409005	0.229164	-2.424561	0.397080	-0.187361	1.087159	-0.038778	0.901414	-0.620797	-0.884348	-0.686206	0.535131	-0.107255	1.622430	1.789722	-0.453613	0.498092	-0.862616	-0.658445	0.777240	-2.045015	-1.884418	-0.419212	1.428723	0.535695
1.498496	-0.125627	-2.822354	1.080578	1.726818	-2.022868	1.673260	-0.458721	-1.315273	-0.483823	1.682038	0.050502	0.045021	-2.322870	-1.199796	-1.869048	-0.030084	-1.758226	1.485753	-0.195803	1.762682	0.132742	1.101746	-1.252144	-1.705186	-0.347694	-0.002589	0.200290	-0.593584	-1.157127	-1.685296	1.378838	-1.975779	2.320465	2.515292	-1.045233	-0.449292	-1.443912	-1.035584	-2.966332	-1.224065	0.540760	1.081762	1.858546	-1.111268	1.030431	-3.506600	-0.713523	1.855577	0.114634
0.748161	-0.598945	0.198788	-1.010338	-0.543122	0.984994	-0.913214	-0.111670	0.269350	0.545965	-0.766863	0.523704	-0.688929	-0.107505	0.974693	-0.029502	0.597384	0.146838	-0.295624	-0.225257	0.089114	-2.330122	-2.683456	-0.189017	-0.923376	0.814238	-0.903179	-0.163154	-2.012312	-0.314828	1.006282	-1.012862	-0.774900	-0.856421	0.405423	2.571976	1.836051	1.377222	2.939114	0.481936	2.826520	-0.793803	-0.647789	0.481210	2.132434	-0.224689	-0.396483	0.024006	-1.089658	-2.633986
0.179965	-2.702265	-0.078330	-1.325065	-0.134683	-1.151327	1.811512	2.226837	-0.526224	-2.391224	-0.397949	2.040608	0.286971	0.579579	-0.128355	-0.079661	-0.699423	-1.190512	0.610264	0.466162	-0.550682	-0.209028	1.615320	0.523900	-1.555419	-1.295712	-0.558573	1.498083	-1.533177	0.153181	0.836817	1.392845	0.035743	0.398904	-0.244745	-2.856329	0.985608	1.119302	-1.889313	-0.527413	-1.193974	-2.646156	2.272882	-1.731561	1.058227	0.424213	-0.261836	-0.628765	-0.232958	2.293131
-1.882198	1.492802	2.597842	2.049009	0.678467	-0.573398	1.349857	1.322297	-0.880356	1.377724	2.242066	-1.029483	0.552658	0.031777	-2.905378	-0.449377	-0.581324	-1.249451	1.004240	2.532848	1.512827	-0.042776	-2.302710	1.867243	-1.436545	-0.132472	0.147842	-0.219873	2.426099	0.487996	-0.357376	-1.333368	-0.914171	0.190275	-0.276296	-0.675497	0.834388	0.041013	-1.506391	-1.739548	-0.344076	1.740667	1.456055	-0.666384	-0.380148	2.258922	-0.623729	1.505227	0.110786	-0.174913
-1.742211	0.824634	0.426988	-0.607811	-0.333010	-0.929129	-2.605250	-2.071559	-0.656255	0.931971	-1.069312	-0.622349	0.441119	0.556745	-0.477993	-0.318656	0.732765	1.117096	-0.481828	-2.765887	0.138999	-0.811336	0.263282	2.749939	0.308766	0.479008	1.755439	1.705167	1.713183	0.701265	1.854812	-0.616907	-0.668438	1.493730	0.997416	0.139021	0.323262	1.775153	-0.525029	0.261414	0.083397	0.914528	0.552657	-0.967581	0.306539	1.809089	1.195260	0.307690	1.497214	-0.064628
1.359837	-1.978294	0.178622	-0.682995	1.082691	1.731354	3.101020	1.958592	-1.062629	1.901722	-0.717988	0.228751	1.044769	1.390774	-3.156445	-1.836797	-0.346232	-1.933940	-0.705428	0.101722	-1.065347	0.728386	-0.753552	0.880291	-1.091188	1.884064	1.178656	2.635183	-0.334265	-2.095550	-2.078969	2.894636	0.279742	-1.344436	-1.610154	2.384756	1.115268	-0.702677	2.058360	0.697524	1.328654	0.693845	-2.485458	0.044910	-0.556063	3.697628	-1.202686	1.865852	0.168458	-0.708420
-1.631585	-1.134154	-1.419159	-0.083484	-1.208293	-1.954252	-0.312985	-3.118821	-0.471974	-1.568588	-0.410111	-0.560871	-1.338772	-2.332737	1.663474	0.982504	2.474056	1.841647	1.369409	1.052756	-2.517747	0.314078	0.960694	1.128470	-0.225683	-2.446425	0.831180	2.707855	0.285200	0.983612	-0.751288	-1.373757	0.503728	1.669218	0.232121	1.533399	-0.004534	0.084357	-1.188992	1.872394	-0.694521	-0.050661	2.121755	1.778329	-1.548735	2.377874	-1.658134	-1.685996	-1.425018	1.919219
0.300661	-0.809089	-2.327063	-0.488684	1.305540	-0.009361	0.460610	1.283384	0.101419	-0.789002	-0.441461	0.880023	-0.759177	0.077989	1.827751	1.465288	0.024546	1.893360	0.551768	1.285216	0.314952	0.107781	1.040449	-1.293071	0.686943	-0.372291	1.322131	3.014613	-0.353496	-0.048827	-0.794961	-0.938649	0.877800	-0.585186	-0.130746	-0.782244	-0.288815	-0.061810	-2.062674	-0.245751	-0.572544	-0.089125	1.048978	0.296276	-0.843940	2.382489	-0.124212	-0.459802	-0.909403	1.958555
0.339400	-0.999098	2.090583	-0.983918	-2.079730	0.752882	-1.873835	0.628021	0.280375	2.086261	-0.475513	-1.739173	-0.894807	0.404468	0.680319	0.370280	-0.206337	0.255181	1.198894	0.867026	-0.245581	1.085608	-0.409274	0.622774	-0.488398	0.029965	-0.076144	-0.354519	-1.847529	-0.444614	0.228344	-1.375137	-0.925357	-0.788283	-0.181866	-1.831148	0.489652	1.241085	1.822499	0.713114	-1.726604	0.088376	-1.627878	1.932528	0.929737	-0.635126	-1.350645	0.618921	-1.712701	-1.333992
1.370171	-2.141312	-2.522033	-2.618004	1.036195	-1.671055	0.099747	-2.424277	-0.828728	1.622143	1.472754	-2.204400	0.990704	-0.069371	-0.054442	0.410486	-1.278687	-0.369597	-0.359394	1.775408	-0.257776	1.470856	-2.321927	1.587034	-0.106165	-0.393521	1.818600	3.145988	-1.806922	-0.498685	-0.247126	0.191796	-1.967011	-0.556717	-0.291025	-0.054000	-1.283191	-0.604910	-0.671601	0.046656	0.808757	-3.758441	0.420167	-0.690635	-0.856889	3.195681	-4.569051	2.372718	-0.197084	-1.488326
0.760236	1.068164	-2.426093	1.337695	-0.654780	1.003349	-0.347839	1.100580	0.557214	0.411207	0.638954	-0.683044	2.157515	0.543035	2.435574	1.094425	1.474310	1.048749	0.474497	-2.317512	2.112854	0.187308	1.907034	-3.087875	-0.030490	0.332829	-0.043534	-0.104719	3.054490	1.428276	-1.872057	-0.430204	-2.432890	-0.714113	0.922909	1.116200	-0.070240	2.592315	1.263493	1.572470	-0.926013	-0.538312	-1.645674	-1.350481	-0.156988	-0.690284	-2.107505	1.532849	0.984993	1.287788
-0.594784	0.651163	-0.663034	0.012140	0.718609	1.104756	-1.299627	1.254273	-0.591124	1.917743	0.710462	-0.369319	-0.205431	-0.381455	0.195341	0.138123	0.464397	1.498603	-0.654407	-0.505629	1.450713	0.677967	-1.152033	2.497534	-0.367373	0.330732	-0.489917	-0.149381	0.385535	2.318985	-1.097462	0.416820	0.660861	0.661100	-1.484656	-2.568107	1.153899	1.728163	0.495963	-0.205573	-0.294420	1.266900	-0.773432	1.811476	1.502903	0.143212	1.389826	1.436380	1.070940	-0.338812
1.371325	-0.340684	0.653768	1.127708	0.201370	-0.790242	-3.521108	-0.772058	-0.858721	0.000683	-1.287018	2.115760	0.116794	0.234223	-0.440792	0.292221	0.001121	0.001796	0.102641	-0.449160	0.105573	1.909491	1.351744	1.634874	1.913657	0.531810	-1.664744	-0.586320	-0.439699	1.671189	0.589677	1.395401	-0.547834	-1.597145	0.925260	0.352595	-0.681370	1.822027	-0.661546	0.894769	0.924491	0.643303	1.422091	-0.292264	-0.383557	0.019277	-1.778936	0.314017	-0.727307	-0.443963
-0.078432	1.231050	1.500197	1.313634	-1.765635	-2.070550	0.421864	-2.002729	-0.960692	1.918817	0.119925	-0.436975	-0.792391	-0.547661	1.212937	1.475445	-0.588137	2.137097	-0.460551	-0.198154	2.002678	2.131182	-1.924076	2.974570	0.373628	-1.082869	-1.709862	-0.036786	1.588400	0.043892	-2.317709	0.519036	-0.311578	0.036977	-3.415617	-0.353487	0.975614	-1.183161	-0.869116	-0.963615	0.883437	-0.367062	0.400835	1.245329	-0.587023	0.274999	0.724309	0.567811	0.145529	0.262193
4.058745	2.047893	0.200721	1.374888	0.046578	-0.832309	0.039567	2.189388	-1.269496	-0.651436	-1.739661	0.118921	-0.670820	0.139594	2.097109	-0.130727	-0.959381	1.113391	-1.313643	-2.137633	1.794033	0.598391	-0.781415	1.606173	0.217746	-0.398044	0.052285	0.701156	-1.331851	1.437882	-2.152235	1.686882	-0.129764	0.624406	-1.919510	1.741467	0.882146	1.961771	-0.225553	0.216581	0.699485	0.496416	0.100462	0.616003	0.818730	-0.036021	-0.685663	-0.420445	1.225657	0.688743
0.841271	0.545032	2.034053	-0.443049	-1.973514	0.678557	-0.007889	-2.262846	-0.789890	0.079778	-0.558162	-0.779349	0.532229	-0.060183	0.751295	0.442417	1.003458	-0.300344	1.532572	1.394438	-0.959311	-0.866052	3.098250	1.188037	-0.721270	-0.271033	0.703725	-1.700525	-0.444680	0.482617	0.173614	0.383424	-0.764335	3.341986	1.582205	-1.719608	-0.058070	1.176852	0.587034	-0.688726	-1.539314	0.425214	-2.120903	0.426287	1.221424	-2.235140	-2.138382	-0.475401	-2.430813	0.426808
0.707183	-0.969673	1.930055	-1.052697	0.772335	-0.383412	0.520743	-1.372223	-0.315844	-0.597523	-2.576211	0.760449	-0.785086	-0.429671	-2.548535	0.318319	0.032699	-0.241941	-0.648557	-0.261272	2.618111	0.345915	-1.595195	0.856427	1.711352	-0.561305	0.208233	0.587277	-2.292672	2.860035	2.190294	-2.174922	1.068063	-0.322167	0.714984	-2.663294	-1.499514	2.070590	0.484655	0.808328	0.731552	-3.747162	0.320270	-0.927849	-0.877675	1.704447	1.669147	-0.523013	-1.407989	-0.612102
0.093109	0.557830	0.676889	0.790694	1.262142	-1.058025	1.077625	-0.959839	-0.178897	-2.190364	1.498191	2.560876	-1.120877	1.630394	-0.679300	0.271259	1.283649	-0.632913	-0.136768	-1.994055	-1.186500	-1.248175	1.773270	-1.942041	3.166394	-0.741227	2.263228	0.384067	0.845767	-1.028708	0.037447	-1.781067	1.868519	-0.380357	-3.745742	-1.499364	1.538872	-0.764212	0.386945	1.884921	-1.055129	-0.088950	2.343951	-1.916295	1.203637	1.461532	-0.619341	-2.353410	-1.080154	1.656717
-0.289463	-1.379146	1.155941	0.412640	1.308016	-0.002606	0.900268	-2.580285	-0.317551	-1.624396	-1.013509	2.779771	0.532967	-1.496310	-1.381378	-1.753810	0.335940	-0.937150	-0.276115	-1.525263	0.110257	-0.284936	-0.981218	0.023657	3.714472	0.351950	0.374193	0.602012	-0.143417	-0.380681	-1.490891	-1.390112	1.661011	0.678826	-0.697869	1.311816	-1.927092	0.516961	0.076971	-0.468876	-0.765227	-0.632111	2.214285	-0.299174	-0.139938	0.757029	1.651639	-0.296904	-0.485438	-0.303175
-0.614831	1.155961	1.849161	1.033355	-1.043245	2.127717	1.134018	1.423253	-0.550740	-0.078861	-0.526214	-1.945938	-0.365909	1.150440	2.762967	1.598208	1.117074	2.373808	-0.196441	-0.346915	-0.612443	-0.086239	-0.991119	0.653932	-0.811646	0.900768	-0.199936	2.535854	1.494188	1.468351	0.005620	-1.023663	-0.612822	-0.434713	-0.728095	0.923395	-0.363274	1.123108	0.549773	0.750740	-1.226052	3.449556	-3.363419	-0.027296	-1.116509	1.884148	-1.856113	-0.346865	0.938120	0.554489
-1.242864	-1.239405	-2.421168	-0.779790	1.882447	-1.168665	3.204316	-0.611903	0.627106	-2.267913	1.187830	2.770614	-2.102196	0.660805	1.048701	-1.281795	-1.234385	-1.386009	0.443083	-0.900273	0.603339	1.564362	-0.011675	-1.686269	0.652393	-0.605925	3.026586	0.781653	-0.950871	-0.792272	-1.077109	-0.027665	1.986444	-1.820604	-2.563522	0.545900	-0.618925	-1.456169	-2.177390	0.307284	-0.138403	-0.975184	3.346059	-1.628116	1.509467	0.836744	-0.450277	-2.377908	0.839520	1.123028
-0.996978	-1.898272	-0.726450	-1.132129	-2.110892	2.132635	2.537322	-0.517720	0.743437	1.782397	-0.910359	-0.316710	-0.176303	-1.360988	-0.267926	0.385422	1.360954	1.352840	-0.376420	0.672651	-0.744627	0.718034	-1.317357	0.736977	1.785854	2.334563	1.072553	0.487870	0.757640	1.583553	2.239057	-0.278370	-3.162656	0.210013	-0.218282	-0.814910	-0.329458	-0.621509	-1.460599	1.175786	-3.047648	-1.233863	-2.441977	-1.660056	-1.538360	0.276307	-3.516955	1.003685	-1.146872	0.488455
0.961722	1.322010	-3.147693	-0.269044	0.214779	0.249904	0.712475	-0.869568	-0.983144	0.811310	0.991385	-1.518743	-0.344682	1.112633	-3.122186	-1.622161	0.516606	-2.555095	0.399001	0.208073	2.039185	-2.531973	0.437098	1.796809	0.866041	-0.090342	-2.638227	0.496624	-0.528985	0.513695	0.801033	2.190066	0.748706	-0.663507	1.149298	1.555548	1.240064	0.256771	1.959013	1.763826	0.737516	-1.074822	-1.824502	0.344447	1.488032	2.592692	0.575334	-0.865221	-0.378514	-1.798834
-1.591400	0.112306	-0.820039	1.290177	-1.105437	1.140178	0.821240	1.574381	-0.460593	1.150168	-1.907896	0.331412	-1.130066	-1.587782	-0.535842	-0.321998	-2.137322	-0.157428	-0.501894	1.583439	1.352244	0.087489	3.126654	-0.069101	1.008750	2.686594	-1.817226	-1.002335	2.074060	0.469526	1.900635	-0.902539	-2.029247	0.018971	-0.395325	1.987157	-0.864445	0.859156	-0.795377	-3.964847	0.393663	2.106166	-0.371982	-0.496730	-1.814506	-0.690097	-1.978421	1.398931	0.087546	1.080539
1.303156	0.330314	-1.237484	1.072137	2.704180	-0.260633	-0.143806	1.676884	0.514619	1.222513	1.129445	0.752487	-0.620276	1.839329	1.395259	2.011186	1.399205	2.941323	0.173153	-1.535305	-3.952688	-0.910175	-1.080728	-1.995588	1.171110	0.839809	1.439011	-0.661478	-0.371766	-0.560082	2.202773	-0.061713	-2.745082	0.760592	0.336668	-0.950642	2.533049	1.293357	0.620711	0.837110	1.933789	-0.478608	0.874357	-1.273579	0.990011	0.024544	0.133996	-0.041162	1.195311	-0.343028
-2.569673	0.902745	0.298604	0.340513	0.369968	0.312569	-0.371681	-0.747357	-0.224289	0.244808	0.594956	1.993151	1.001835	0.395218	-2.242706	-1.104536	-1.483720	-0.622724	-1.447166	-1.758935	1.104973	0.649027	-1.243609	-1.330246	0.066808	0.728375	1.795460	0.021735	1.694519	-0.418964	-0.435734	-1.071220	1.178121	-1.955440	-0.481580	3.586160	-0.253036	1.253957	0.736145	0.213402	1.600040	1.323326	3.462664	-1.942121	-1.829132	2.101960	0.656000	1.711293	-0.675935	-1.059114
1.913941	1.588363	0.733838	2.231025	1.830351	2.457784	-1.651584	0.898520	1.128812	0.729461	3.053406	1.937130	0.744288	1.460454	-3.198603	-1.784179	1.446640	-3.593906	1.937038	0.768113	0.223019	1.249412	-1.786122	-0.442897	-1.072215	0.898210	0.153787	-2.938839	-0.361182	-0.231133	-0.070184	0.494363	0.775801	1.522366	-1.818065	1.113164	0.248608	-0.240781	1.664583	-1.074691	2.732957	1.836787	-0.510765	-0.396497	1.900964	0.592702	1.524431	-1.112388	0.481921	-0.925684
0.213728	1.976143	-1.672631	2.326633	-0.380502	0.323510	-0.474204	-1.086579	0.161783	2.773293	-0.350898	-1.455419	1.782583	2.896137	0.195962	-0.516701	-0.469817	0.539729	-1.448208	0.627391	0.169665	-1.522497	-2.779233	3.497671	-0.073262	0.910151	-0.161171	-0.684680	2.081991	2.018611	-0.620013	-0.700619	0.121976	-1.605862	3.112904	-2.242870	-0.514977	1.379194	-2.002606	2.514920	1.188379	0.746576	-1.722420	0.349574	-1.020917	-0.476850	-0.432252	2.734957	-0.173180	-1.233869
-1.350178	-1.850269	0.710904	-1.127798	-0.247291	3.566954	0.378825	3.020913	0.612467	0.726071	-1.200018	0.667725	-1.239880	-1.166370	0.819381	-1.003671	1.584762	-1.226331	-1.531688	3.460396	-0.385478	-1.076075	-0.695422	-0.376371	0.002989	0.612724	1.170934	0.424555	0.362970	0.076898	2.551648	-0.608189	0.473733	0.024575	-1.616334	2.896701	0.753564	-1.611550	0.805602	1.384262	0.419629	-0.056207	-1.440360	0.755568	2.314198	-0.725704	0.097000	-1.673761	-0.779485	0.253217
0.268726	0.664637	0.408397	-0.427649	2.959763	0.815297	-0.683986	1.202725	1.570520	0.762447	2.428532	-2.015774	-1.621072	-1.173441	2.363240	0.860223	1.524183	1.574299	0.683355	-0.717847	-0.733452	0.012768	-1.593756	1.871020	-1.426191	-0.238965	1.550809	2.621748	-0.470699	0.070989	1.503183	-0.564518	0.943015	1.410089	0.588601	-1.485774	-0.001011	0.334960	-0.019180	1.573648	-1.713546	-2.155901	-1.716790	1.876949	0.275081	2.886161	-0.419323	-1.978108	0.515735	-0.830011
-1.487413	0.097653	1.149979	0.723626	-0.768045	0.955181	1.633203	-0.581155	-1.009525	0.324032	-1.197432	1.176892	1.032324	0.248322	-0.087128	-1.416886	-1.043538	0.415125	1.101782	2.529178	2.020470	-0.512035	0.371787	1.115023	0.108508	2.134015	3.405515	0.025301	1.016041	0.102887	0.440417	-0.687053	1.627258	-1.006334	-0.390480	-1.502231	1.965124	-1.927979	-0.039687	-0.911830	-2.232469	2.070334	0.824979	-0.575337	1.333351	-0.405885	1.643376	1.331500	-0.651821	0.042089
3.442201	-0.147271	1.760598	0.677836	0.745355	-0.904267	-1.530394	-0.181830	-0.253824	-2.511402	0.046282	2.973345	-1.119767	2.223828	3.529676	3.452133	-0.052427	2.590331	-0.911337	-1.044157	-2.965248	1.124412	0.885926	-1.093905	2.440172	-0.140809	-2.385973	3.492690	-2.344373	1.722973	-0.437034	2.692168	0.878004	0.136267	3.422068	0.163989	-0.723158	0.514856	-0.799390	-0.325953	1.599392	1.661463	1.970770	-2.359672	-1.346933	1.412766	0.240908	-3.003460	2.147060	0.622448
-0.731644	2.054418	0.773465	1.340375	-0.974270	-0.603721	0.802465	-0.548187	-0.396076	0.408807	-0.953442	-0.628476	-0.080954	0.030746	-1.970411	-1.285620	-2.252659	-2.745267	-0.907644	2.262821	-0.268818	-0.821540	1.573844	1.321335	-2.356319	-1.158726	0.980772	-1.125316	1.820236	0.377861	1.196707	2.266813	0.299783	-1.335409	1.321365	-2.793766	-1.292747	-0.520117	-0.124641	-0.852521	-1.111696	1.385277	0.512640	1.112019	0.379017	-0.432245	-1.164992	2.325226	-0.100986	-0.220529
-0.901194	1.553837	1.174674	-0.159432	0.966680	-0.332305	-0.110750	-0.753248	-2.201434	0.246629	0.384836	-0.488481	-0.249868	0.461487	-2.685890	-0.352045	0.236366	-1.453439	-0.641087	-1.043535	0.315191	0.558411	-0.096647	0.931367	4.227050	0.708333	-0.084431	-3.321522	0.317821	0.058467	0.715383	0.387707	2.805845	0.200428	-1.287472	1.214161	-0.353265	0.774530	-0.715735	0.656626	1.450624	0.957203	0.625240	0.716718	-0.413512	-1.726745	1.588817	-0.985559	-0.382494	1.103607
1.957540	0.438427	0.358748	0.919866	0.601911	-1.246470	-0.694204	-0.765281	0.511299	-1.784867	1.889304	0.398484	-0.442972	-1.197281	0.856361	1.278625	-0.449179	0.207407	0.501271	0.495856	1.464809	0.630172	0.582736	-0.793549	-0.631214	-0.726547	1.179257	-1.206175	-1.050152	0.386923	-2.139210	1.230464	0.779876	-0.167119	1.252285	2.386218	0.946569	0.651177	-0.026980	0.592623	0.591289	2.116853	0.119924	-0.174342	-0.595123	-0.961867	0.232053	-0.746326	0.096780	-0.453607
-3.458184	3.505446	2.001945	2.025220	1.141448	1.333589	2.322498	-0.701888	0.431829	1.829776	0.843636	-2.251712	-0.038763	-0.336900	-1.392431	-0.282775	-1.099355	-0.737383	-1.529868	0.361163	-0.489525	1.273258	2.663044	-0.649467	-1.109897	1.350924	1.690076	0.917885	0.427370	0.625105	-0.096254	-1.878229	-1.392316	-1.083576	0.122148	-0.661010	1.469620	0.980006	2.714869	0.078591	-1.089408	3.904213	-1.485717	-0.736364	0.818625	3.129672	-2.790119	1.936151	1.094108	-0.238159
0.662572	-1.535510	-3.005194	-1.788550	1.668540	0.124333	0.143899	-0.703423	-0.454058	-0.302479	3.223732	0.416390	-1.774100	0.958083	-0.352069	-0.079495	1.737001	-1.191351	-1.600883	-0.793949	0.761272	2.417666	1.535895	-0.564210	2.068582	0.029179	1.806345	0.306903	-0.830179	3.301211	-0.784888	-1.697456	1.511249	-0.555460	1.233285	-2.987954	-0.287351	2.361461	0.239004	1.959677	-1.337203	-0.841782	0.319833	0.062050	0.306790	1.077485	2.149421	-3.313806	0.865080	0.609100
0.927530	-0.725473	-0.278840	-1.954361	-0.405141	-0.260649	-0.564303	2.421084	2.604731	-0.298042	-1.950496	-1.975795	0.572856	-1.583863	1.064015	-0.749535	1.110226	0.743738	-0.642762	-0.635491	1.067953	-0.077065	-1.932362	1.189824	0.267116	0.150072	-2.920191	0.514248	-1.173986	-0.426081	0.109851	1.038421	0.156520	-0.302904	-2.419384	1.060835	0.848057	-1.044788	0.161555	0.522190	1.133986	0.731983	-1.871990	0.717221	1.457018	0.006780	1.961849	-2.484590	-1.184014	-0.172928
-0.647820	1.343475	-2.448710	0.295070	2.194964	-0.160014	-0.813672	-0.249122	-0.862562	0.092517	1.767105	-1.241244	-0.314036	0.453176	0.618276	0.480443	-1.438617	1.216836	-1.214757	0.873382	0.696191	-2.184023	1.398928	-0.728508	-1.059954	-0.633621	0.977155	-0.400237	0.420617	-1.098101	0.695285	-2.918160	0.079465	0.143808	-0.150960	1.872527	0.662032	-0.218162	-0.756211	-1.442831	-0.139818	0.347610	-0.418040	-0.291512	0.357233	-0.161833	-1.561159	-0.069249	0.141237	1.150702
-0.525680	0.801482	-3.288659	0.030272	-0.251917	-0.326107	-0.990666	0.014363	-1.930157	1.064355	0.052627	-2.822373	-0.263427	-0.079756	0.090283	0.436643	1.452681	-0.537811	0.177725	4.214965	1.381094	-1.519195	0.525211	-0.130362	0.805945	-0.650294	-1.598245	-0.079420	2.434345	0.462780	-0.462499	-1.170974	-2.849279	-0.406169	0.383569	-0.678354	-0.597159	-1.355230	-1.902661	1.240601	-0.061777	-1.182551	-1.233186	0.560147	-0.647390	-0.482205	-2.771663	-0.079345	-1.539572	1.013456
-0.093505	-0.419973	0.910818	-0.334518	-3.301545	1.676433	-3.539954	0.537008	-0.576036	-3.146799	-0.472679	2.185655	-1.088659	0.978916	0.529054	-0.629783	-1.010132	0.256705	1.448921	-2.069825	-3.331171	-1.187299	1.662231	-0.720915	1.438724	-0.111333	0.334493	-1.377988	1.169560	-0.151811	1.064236	-1.587458	1.832756	-1.012865	0.058128	0.879917	-0.878951	0.046497	-1.050928	-0.295198	0.038975	2.359614	-0.021036	-1.638127	-1.234329	-2.486835	-1.069930	-0.768957	-0.351019	1.547345
-0.285879	-0.468759	1.522110	1.152905	-0.809801	-3.283161	-1.484325	-0.948566	-0.805826	-2.994291	-0.538667	2.332484	-0.464837	2.778684	-2.934044	-0.221946	0.288459	-0.398219	-0.719474	-1.887479	1.623583	-0.429047	-0.931453	-1.829003	-0.805003	-1.544948	1.495686	-1.589522	2.288918	1.666585	-2.567735	2.114128	0.599137	0.001727	2.031054	0.714814	1.758295	0.833283	-0.776048	0.053616	-0.282986	0.475979	4.152080	0.757164	-0.322643	-1.124121	1.921679	-2.156678	0.521277	-0.111439
-2.238499	0.067402	0.029716	0.816342	-1.541899	1.688584	-1.886244	-0.998561	0.030948	-0.743183	-0.602638	1.775150	-0.102386	0.530960	-0.210750	-1.726516	-0.337646	-0.944811	-0.668138	-0.110204	1.809380	0.164587	0.624762	-0.097173	-0.659188	1.050066	0.205305	-1.604675	1.408948	0.330425	0.078732	-0.676519	-0.104417	-1.005348	-3.880682	-2.449830	-0.713858	-0.178988	1.642543	1.696820	-0.560201	1.457717	1.237267	-1.715864	-0.944609	-1.618032	-0.597834	0.077960	-0.360726	0.966036
-1.560664	-1.074205	-1.339489	0.817013	2.176676	2.318266	-2.524992	0.156160	0.905598	0.330196	1.147444	0.669836	-0.058256	-0.180610	2.425749	0.825697	-1.515610	2.327395	-0.766002	0.409806	1.892777	-1.338910	1.296724	1.101654	-1.542700	1.472552	-1.881515	3.576854	-0.129383	0.555433	1.860247	-0.975417	-0.559479	-0.752783	0.229071	-1.150078	-0.390253	0.780795	0.864478	-0.373269	-0.580787	-0.390621	0.044092	-0.274884	0.724605	2.139263	-2.856674	1.757209	1.217053	-0.339504
-1.588239	-2.935971	-0.149659	-1.185723	2.270152	0.267977	-2.894150	-2.054906	-0.550513	-2.247647	-1.369320	2.166563	-0.938691	1.856455	0.717882	0.773663	-0.714837	2.219814	-2.120800	1.707041	-1.131588	1.837989	-0.960917	1.005964	0.956971	-0.102319	2.162414	3.107508	-0.626833	0.068138	-0.655417	-1.039922	-0.210440	-1.917093	-3.554824	2.690327	2.647965	-1.119810	1.319470	1.100169	0.430218	-1.441827	2.289405	-2.525368	4.970088	1.438604	-2.155464	-1.752074	-0.349878	-0.164178
-0.871594	0.240396	3.176728	1.586147	-0.791738	-0.716711	0.359720	-1.261721	-0.409944	-0.982429	-0.531697	2.259851	0.980809	-0.321260	0.459537	-0.350806	-0.647096	0.905386	-0.262675	-1.404932	0.994121	2.925073	2.477570	-1.425816	0.623012	0.146671	-0.898206	-1.257701	2.226015	1.017425	-0.689045	-0.719738	0.665399	-0.579870	1.870466	1.125152	-0.193738	0.882469	0.084138	-0.739330	1.043236	0.871401	2.767979	-1.668694	2.312046	-1.540589	-0.970507	1.373592	-1.485384	0.483671
-0.671774	0.073468	0.036985	-1.048220	-0.577593	-0.029821	-1.914921	-0.044391	-0.680544	0.735349	0.072904	1.834347	-0.811662	-0.427456	-4.975775	-1.137157	2.064933	-1.708490	1.817077	-0.070439	-0.124773	0.674765	2.337937	-1.718340	-0.573815	1.307222	-0.144036	-5.086371	0.214208	-0.715846	1.720712	-0.112436	1.213869	1.570360	-0.716122	1.003501	-0.202190	-1.142159	-0.711882	0.457758	0.689668	3.432894	1.478380	0.195184	1.450439	-3.481061	1.118204	0.591366	-0.195314	2.018478
0.234914	-2.780811	-0.301398	-2.677437	-1.764064	-1.855478	0.345056	0.808376	-1.146562	-2.558647	0.788724	1.935146	2.003308	1.329869	1.580611	0.409382	-0.196216	-0.016637	-0.849265	-0.870966	0.076668	0.306170	2.839799	-2.276660	-1.327364	-1.872426	-0.784593	-0.493921	-1.740415	0.304225	-1.791818	0.218072	-1.559930	0.149297	-1.724604	1.133773	-1.454452	1.018545	-1.625667	0.396007	-0.221941	-2.250966	2.548770	0.811418	-0.892580	-1.260202	0.170997	0.457505	-0.468922	2.714449
0.380602	-1.389309	0.580044	-1.310186	-3.765632	-1.181771	0.642651	-0.355019	2.009902	-0.423103	-2.860037	-0.843689	1.144425	-1.087963	-1.073994	0.468163	-0.413521	-1.594721	-0.036272	1.067139	1.048541	-2.136253	1.379973	-0.812813	2.517244	-2.022103	-0.560262	0.090858	0.322521	-1.562384	-1.451045	-1.084683	-0.514560	-0.384962	-0.090013	-1.543764	-0.487822	-0.972454	-1.748220	-2.442929	-0.036446	-0.723886	-0.269415	0.364470	0.143021	-0.512146	0.006277	2.271935	-0.840014	1.282334
0.618658	1.998834	-1.323769	1.650052	-1.400758	-0.674122	-1.612684	2.276138	-1.392890	-1.283826	-0.534168	-1.852330	0.155345	-1.522359	0.817245	1.107240	1.450734	0.526544	0.097814	2.160769	-0.485471	0.078088	0.959903	-0.210304	0.562379	-1.324997	2.498589	-2.141741	1.023213	0.090507	-1.320077	-0.247661	0.672003	-0.157494	-0.523039	1.849496	-1.029601	-0.094250	-0.385364	0.015056	3.018811	-0.058346	-2.103763	0.189753	-0.207467	-3.011380	0.551096	-1.560225	-0.727788	1.504662
1.611367	1.349830	-1.289772	0.074582	0.589704	-0.614709	0.995141	0.413386	0.008288	0.042538	-0.137121	-0.972661	-0.457201	1.635837	2.844156	0.075974	0.688549	1.864178	-0.506006	-0.095642	-1.787570	-1.336607	1.540480	-0.180289	-1.305065	-0.591864	-0.701956	3.356925	0.604064	-1.127630	0.629436	1.656821	-2.307997	0.074301	2.359778	1.352205	0.459040	0.052871	-1.127202	0.246172	0.664155	1.793019	-0.341784	-0.075515	0.930661	2.174437	-3.219369	-1.557407	0.540790	0.390558
1.717140	-0.117056	1.262163	0.205121	0.408321	-0.113724	2.014854	0.916538	-0.082231	-1.883487	1.690776	3.303670	0.060569	-1.198646	1.950333	1.536264	-1.373891	0.877063	-0.468236	2.119244	2.189010	-0.089547	-1.924561	-2.789756	-0.239724	0.434112	-1.114404	-0.621010	0.082532	0.221141	-1.829067	1.301435	-1.378596	-1.505975	-2.296271	-1.667672	-0.305782	-0.377475	0.433559	0.601343	-2.435282	-0.313571	1.975479	0.558982	-1.275751	-1.002985	-3.349969	-0.278294	-1.362935	-1.016185
-0.722198	3.162443	-0.483586	2.374760	-2.041838	-1.140620	2.149138	-0.883590	0.745268	0.386066	-0.039967	-1.342199	1.692614	0.876422	-2.339281	-1.784344	-1.062246	-1.777854	-1.238340	0.137082	-1.185291	-0.445687	-2.312809	-0.045059	-1.393358	-0.117853	2.350552	-2.483039	5.996023	1.719501	-1.208345	-0.562884	-0.241334	0.474113	1.346779	0.808458	-2.212438	1.476806	-2.157145	-1.293741	0.383190	1.509488	-0.635994	2.285659	-1.219476	-1.621121	2.388262	1.872946	0.007043	-1.271374
-2.555277	-1.008582	-1.385410	-0.185146	0.767763	0.011781	-1.533070	-0.564686	-0.889683	-1.801891	0.355911	1.743884	-0.372004	-0.867164	-2.518081	-0.719618	-1.483022	-0.378372	-0.651829	-0.437225	2.601122	0.746993	0.259612	-1.604770	1.701627	-1.393218	-1.077623	-0.067383	1.986700	0.827629	-2.153468	-3.636645	1.295465	0.858220	2.839683	-1.692033	0.246699	-0.370778	1.032064	-1.733378	-2.255292	2.164732	2.124430	0.530888	-0.686669	1.371844	1.783306	-1.415129	0.598867	-1.636446
0.849381	1.587658	-0.282899	2.143620	-2.457365	-2.080790	-1.248415	-0.790224	-0.194893	-3.717883	-1.742894	1.965285	0.624250	-0.057174	-1.552151	0.407293	0.126747	0.024790	-0.032266	-0.722699	1.042842	0.966711	-0.456341	-1.467465	-1.236027	0.064046	1.749987	-0.975787	3.192471	-0.117265	-1.851486	0.117138	-0.091950	0.750842	0.525022	-1.087972	1.151772	-0.972537	-1.486588	0.760233	-0.886997	1.182483	2.765284	-1.830259	1.481889	-0.041642	-0.984601	-0.997214	-1.258457	-0.316224
-1.574446	3.581058	0.312150	3.280198	0.433746	-1.545528	-0.866825	-1.656887	0.277888	0.087346	1.294543	0.767943	1.317323	-1.709114	-0.098503	-0.560846	-1.349613	0.345171	-0.089692	0.251818	0.410531	-1.383903	0.278851	-1.084779	-4.067836	-0.130851	4.414253	-0.378667	4.805812	-0.607404	-1.498390	-1.591198	1.302769	-0.419223	0.564894	0.629025	1.113364	1.270135	-2.089528	-0.348555	-0.714609	1.588105	1.561634	1.629047	0.022235	1.580516	0.767248	0.554432	-0.204073	0.742898
2.017661	-1.059495	0.726364	-1.212879	0.435014	-3.072375	1.215230	-1.022120	-0.765446	-0.184009	-0.268223	-1.158757	-0.506896	1.844676	1.732943	0.489547	1.466812	-0.374620	0.884476	-0.376121	-0.819641	0.495696	-3.003022	-0.742827	-0.571332	-0.928522	-1.733094	1.634287	-1.315294	-0.564665	-1.654236	0.751043	1.107241	1.863126	-1.343910	-1.418313	-0.197502	-0.046637	-2.630184	-0.869935	-1.228004	-1.966235	0.587146	2.190872	-0.104393	0.323359	3.431590	-0.939128	1.569066	0.983464
2.462817	-3.496268	0.028578	-2.980067	0.619864	-0.543437	-0.429457	2.065724	1.008096	2.561000	1.401324	-1.249499	0.904282	-1.002117	0.573307	-1.462309	0.041014	-0.134133	0.415493	0.101169	1.173144	0.254488	2.603648	0.837737	-0.362372	-0.748619	-0.381998	1.822539	-4.429162	0.478209	-0.379569	1.785411	0.532340	-0.110749	2.160700	3.832276	0.275732	-0.231455	0.903086	0.157303	2.230644	-2.219566	-1.284622	2.633289	0.999530	1.183543	0.121245	1.361042	0.014592	0.556553
-0.918677	-1.433802	2.484023	-1.869595	2.416014	0.786695	1.132186	-1.532841	-0.578850	3.725881	0.481699	-2.422373	2.613621	-0.944759	-2.692870	-0.105919	2.280645	-2.065363	1.381277	0.852388	1.189511	-0.313536	0.916154	1.290596	-2.134485	1.281020	-0.647805	-0.958865	0.723425	-0.624576	1.588307	1.086413	-0.603129	1.550344	-1.169470	0.672955	-0.647960	-1.395495	-0.410981	1.570397	1.962139	-1.821464	-1.612716	0.701173	-0.018324	0.654368	-0.870996	2.502363	0.836052	1.589888
-0.537058	2.148257	-0.037710	2.628814	-1.182326	-1.693802	2.223364	-0.607970	-0.670141	-1.542178	-0.592559	1.541787	0.025748	1.531759	2.554800	1.201710	-1.291152	2.322733	1.559729	1.745459	-0.128851	0.885125	-3.196422	-1.789011	1.302609	-0.230560	1.117554	0.472792	2.175637	-2.191774	-0.561839	0.139750	-0.974822	0.825434	3.329694	0.614284	-1.142274	-1.162229	-1.401602	-1.515199	0.146682	0.868094	2.104497	-0.815484	-1.561970	-0.518360	0.033688	0.456752	-1.206604	-3.156402
0.118348	-0.648859	1.824029	-1.334091	-0.650336	-0.680338	1.476095	0.833637	-0.192497	-0.280830	-0.546355	0.181222	-0.084347	0.626869	0.712612	-0.548692	0.225221	0.829422	-0.298246	-1.146261	1.973143	-1.329417	1.729439	1.481510	-0.065613	0.098598	-0.118324	-0.623314	-1.406090	-1.174523	0.092978	-1.013178	-0.921027	-0.278182	-0.597531	-0.932197	-0.160550	-0.105155	-0.477663	-1.225721	-0.765202	1.224357	0.195066	-0.764412	1.201612	-2.659904	-1.021093	0.150513	0.424712	2.042034
0.135661	1.526962	-0.006359	2.592331	-0.021159	-2.471192	-1.247725	-0.084466	-0.274395	-1.758393	0.015671	0.159415	-3.177657	-1.320044	-0.750595	-0.228195	-0.560339	-0.967168	0.479873	-0.052744	1.483384	0.686243	3.327648	-1.607290	0.685397	-2.472565	-0.074835	1.669911	3.157325	-1.520375	0.681708	-1.305387	-3.273220	-0.330029	1.824370	-2.422680	0.364563	-2.043140	-2.158207	-1.275183	-2.649147	2.595487	1.653996	-0.281885	-2.501069	1.547204	-0.821025	-3.041364	-0.251365	1.754030
2.939681	-2.199743	-1.126076	-2.313100	-0.904039	1.260181	-1.681318	1.028423	-0.472881	-1.082994	-0.649759	1.833709	0.700546	-0.813146	-0.843677	0.875688	-3.635002	0.898190	-1.697033	-1.793943	-1.413013	0.657888	-1.028695	-2.530152	-2.606192	0.963364	-0.352497	0.907311	-2.662994	0.549201	0.663834	0.634241	-0.743956	-0.483256	2.876396	0.288024	-0.720606	1.137761	-0.797998	-1.547214	0.122705	-1.360456	-0.426458	-1.082868	-2.997134	0.532959	-1.043066	0.988271	0.755267	-2.083171
-0.838888	-0.169777	-2.574006	1.022405	2.519899	-1.299118	-0.206644	-2.962294	-0.013437	-1.929754	0.048492	0.016943	-1.130023	-0.412003	-1.037064	0.173279	-0.694051	-0.917598	0.083341	0.251393	-0.497936	0.422386	-2.382988	-2.512928	2.116894	-0.771157	0.937122	1.163590	4.006424	-1.867056	-0.663580	-1.626344	0.242824	0.011487	0.547655	-2.799289	0.904338	-1.330424	-2.244551	-1.399523	-2.586298	1.661549	1.751812	-0.313085	-1.163430	2.092312	-0.356831	-2.186164	1.740796	-0.522024
-0.647012	-0.613319	0.435931	-0.268730	-0.852078	0.689909	0.257983	0.048225	0.633463	-0.948106	-1.146790	2.760203	-1.189113	-0.970246	-0.306476	-0.525233	-1.473587	-1.252627	-1.122451	-0.267344	0.537298	-0.618079	-0.048533	1.827002	-0.335329	0.582986	1.468300	1.947557	-0.594449	1.293638	-0.725180	0.200212	-0.947444	-2.222828	-0.230772	0.243088	0.368076	1.841432	-0.386055	1.006868	-0.155728	1.159145	1.436728	0.187505	1.071354	2.252717	0.520552	-1.294433	-0.587651	-0.697283
-2.162768	1.570455	0.497796	2.594501	-1.524758	-0.413560	-0.515542	1.573118	0.400242	1.109365	-1.161530	1.061742	-0.090786	0.412373	1.962575	0.755731	-0.054806	2.512132	-1.523178	-1.168893	1.061358	-0.892345	3.718234	-0.100281	-0.694819	1.409002	-2.206669	0.257757	3.086111	-1.789292	0.273269	-0.993966	-2.303298	-1.547943	0.074544	2.319232	-0.186521	-0.384548	-2.141254	1.690494	3.784425	0.501178	1.543030	1.767372	-2.168665	-0.650430	-3.773320	1.130776	0.913856	2.735261
-2.486124	0.376416	-3.377657	1.445379	-0.856555	-1.466089	-2.357693	0.803533	-1.587285	-0.339017	-1.239480	0.137695	-1.046020	-1.180566	0.751211	-0.410858	3.030291	-1.205265	1.350233	-0.274020	1.064625	-1.578574	1.247524	-1.926282	-0.068760	-0.769898	0.904359	-1.394985	2.308020	-1.725147	-1.842269	-1.417229	2.773921	1.742654	1.133715	-1.647697	-0.178481	-1.314576	-1.534773	1.255619	-2.242382	-0.284732	1.726032	-0.471089	-1.003689	-1.731683	0.801052	-2.555773	1.127644	1.621089
0.478721	1.317678	-1.415571	0.722553	1.156833	0.488747	-2.119290	-1.918594	0.330016	1.136234	-0.661386	-1.081568	0.104687	-0.219675	-0.438887	0.415684	0.091650	0.377158	-1.463267	-0.707816	-1.691019	-0.335256	-0.481081	1.584449	0.650255	-0.545288	2.079911	-0.228852	0.555138	1.169555	-0.652778	0.526308	-0.768184	-0.915393	0.799494	-0.978713	0.143807	1.284130	1.685191	-0.004532	-2.248769	0.502280	-1.233809	0.319932	1.014208	0.854702	3.735971	0.520893	1.465449	-0.688919
-1.185841	0.674437	-0.824717	0.716060	0.037593	-0.785665	1.676717	1.498726	-1.118886	1.742038	-0.553299	-0.509302	0.800396	1.403643	-2.232898	-2.249503	0.597857	-0.944611	1.329664	-0.863612	0.049043	0.456577	0.342714	-0.486525	-1.379814	-0.045874	0.796866	-1.492518	0.516430	-2.015899	0.736751	-1.447433	-4.735051	0.574508	1.363379	-0.447321	0.822131	-1.732522	1.453770	0.446360	-0.082027	-1.595585	0.985256	1.248161	-0.200565	-0.286951	-3.636729	1.490177	-0.554853	-1.939745
-1.076810	1.388211	2.198671	0.236499	-3.694041	2.436995	-1.273044	0.852893	-0.123740	2.061880	-1.817046	-4.515545	1.904320	-0.610567	-3.106062	-0.773726	-0.104298	-1.775778	0.967533	0.706108	1.950152	-0.933142	0.231200	1.319326	-1.367190	1.513992	-0.240259	-4.361979	-1.413971	0.149878	2.283185	-1.080083	1.273140	1.073670	-1.219361	0.854445	0.099526	0.494128	0.992700	-0.255936	-1.662940	0.276520	-6.910216	1.403499	0.050273	-3.064545	1.008845	3.106381	-2.205882	-0.216153
-2.446688	0.406272	1.378755	0.505368	-0.500719	-1.863032	2.491392	1.739780	-0.198387	-1.718071	-0.684333	-1.598282	0.130246	-0.868173	-2.466205	-1.185284	2.360955	-3.230451	1.451262	1.890092	2.679206	-0.220140	0.715664	2.271553	-2.353666	-2.174306	-3.000886	-1.722368	1.620376	1.364904	-0.115426	-0.171725	0.294065	1.828196	0.431720	1.518389	-1.709651	-0.534171	-1.133379	0.890996	0.636762	0.207616	0.785286	-0.997453	-0.034670	-0.678278	1.656342	-1.286600	-0.129030	1.631855
-1.579201	2.300480	-2.252720	-0.324606	-1.574034	3.029656	0.548366	-0.186454	2.453447	2.400407	-0.278968	-2.399622	-0.971186	-1.326231	-2.355784	-0.758360	-0.711315	-0.605706	1.006387	1.979975	1.894039	0.294131	4.618469	0.549097	-0.981593	-0.299077	-0.348490	-3.105900	0.412286	-0.038676	1.906560	-0.205767	0.939351	0.819819	-1.531178	-0.721195	-1.917445	-0.067051	-0.304013	0.070227	-2.109785	0.933753	-2.358399	4.147841	-0.648457	-1.885505	-0.616958	1.988352	-1.193263	2.882330
0.315379	-0.263479	0.400012	-0.340816	0.063786	1.725836	0.714073	-0.035898	1.399918	1.375109	0.289742	-0.956146	-0.979990	-1.723724	-1.054589	0.085386	2.178711	-0.088702	1.078434	-0.194568	-0.748689	2.405628	-1.141913	-1.082474	-0.497678	1.129011	-0.569515	-1.785665	-0.240448	-1.222261	0.479041	1.142269	-2.140001	1.928953	2.719817	1.014274	-0.408336	-1.527138	-0.297621	1.446108	0.134999	0.020485	-1.795199	0.832489	-1.502337	0.093146	-2.054796	-1.349359	1.028283	-0.904763
-3.191460	-0.399743	2.465446	-0.195591	-0.583889	-1.345253	0.097419	-1.043575	0.471472	-0.288779	0.120221	1.067977	-2.002784	-1.770581	3.427517	1.136239	0.055585	2.646882	-0.951749	-1.900826	-0.388572	-0.176877	3.047914	1.919983	3.774521	0.570671	-0.035003	1.469579	2.040723	-1.233469	-1.863362	-2.796582	-0.605105	-0.352670	-1.457542	0.703063	-0.755703	-0.995203	-1.060788	-0.588572	1.053060	-0.983564	2.817664	0.342870	-1.302082	0.031145	-2.191175	-1.931724	0.795395	2.388044
-2.590477	0.696672	-1.740426	1.540532	3.611401	0.739093	-1.807339	-1.034534	0.363716	1.140676	0.281180	-1.057401	0.250731	0.761024	2.238124	0.436286	-0.929995	1.343384	0.923999	0.059357	-0.580008	-1.184746	0.766458	-0.311127	-0.463855	0.442978	-0.797125	0.957541	3.469805	-1.299385	0.562421	-0.793776	2.484813	0.714356	0.749204	-0.130159	1.652522	0.437072	0.857866	-0.202620	1.042152	1.274656	-0.401553	0.683279	1.822492	0.223166	2.026906	1.574886	1.705188	-1.206823
-1.260226	0.111175	0.896132	-0.568849	-1.687375	1.761406	1.490219	0.513383	1.002875	0.231531	-0.342561	-1.365299	0.473340	0.323130	0.363335	0.792386	0.434130	1.294783	0.828648	-1.347890	-1.471887	1.106653	-1.385763	-0.304734	1.081163	0.542996	-2.519400	-0.398991	0.168346	0.364092	3.645651	-1.464184	1.659647	1.302307	0.661680	-1.085961	1.378202	0.624480	0.523953	-1.190173	-1.758433	-0.695268	-1.899030	-0.346206	0.759770	-0.818881	-0.403404	-0.326808	0.148758	-1.185577
1.046831	0.562044	0.509240	0.137933	-0.064258	0.197090	-4.200617	1.711664	1.328725	-1.185326	-0.088270	0.398165	-0.136763	1.382795	1.801082	-0.968236	2.634679	-0.426865	1.009938	1.034210	2.888665	0.873853	0.542782	0.943644	-2.817542	-0.272162	-1.945434	0.833110	-0.889360	-0.776290	1.577657	-0.108129	-0.454377	2.141264	1.193603	3.564951	1.582280	-0.619312	-1.507521	0.924574	1.521519	-0.404381	-0.174603	0.541803	-0.673412	0.278726	-0.117303	-1.832996	-1.470503	1.633039
