X2	X30	X40	X36	X44	X19	X49	X32	X15	X13	X1	X42	X26	X25	X5	X12	X4	X24	X22	X35	X9	X7	X50	X21	X6	X48	X43	X10	X14	X33	X28	X38	X16	X23	X11	X34	X20	X8	X31	X47	X18	X41	X46	X17	X37	X27	X45	X3	X39	X29
-0.490333	-2.402783	-0.138204	-1.294643	2.732280	-1.303344	-0.607888	3.518864	1.713867	-0.081940	0.067642	0.514374	3.489968	-0.054043	1.969932	-1.924108	0.767606	-0.173293	3.358293	-0.964015	0.617083	2.091065	0.082056	0.200214	0.037976	0.623901	-0.874491	-0.726188	-3.544173	-1.145385	-0.623339	0.838555	-0.613259	0.096920	0.205510	-4.429029	-0.888089	-0.590892	0.186659	3.475695	0.944422	0.279627	3.163313	1.009404	0.645608	-1.073278	-0.901868	1.183263	-0.859545	0.928100
-1.572611	0.073044	-0.415830	-1.782530	3.107886	3.674825	1.741719	-1.010546	1.915400	0.502581	0.928271	-0.427476	-1.801691	0.421985	-3.618072	3.942534	-1.017286	-1.579372	-2.112490	0.492180	-1.489638	0.699899	-3.023769	-0.482153	-0.647737	-1.266309	-2.060272	0.219259	-1.467265	-1.023744	0.562278	1.049626	-1.277290	1.066687	-1.454742	0.945412	-0.061218	-0.709439	0.160706	-0.664967	1.159673	-0.188147	-0.311455	-1.130221	-0.679115	-1.528813	-2.454171	0.722053	-1.172280	-0.544061
0.420548	0.477220	-0.190806	-0.480287	-2.499668	-0.977543	-1.063733	2.192939	-2.444894	1.725373	-1.492531	0.526533	-1.807025	3.012557	-1.452294	-1.431728	0.525808	-1.651856	-0.973950	1.733204	-1.860583	0.282747	0.292556	-0.745725	-1.393508	-1.262488	-0.939395	-0.337543	-0.089488	1.355364	-0.378956	0.378631	1.193702	-0.545969	-0.506162	-1.375862	0.975648	-2.370885	2.780781	0.947107	1.261608	-0.322135	-1.241364	1.772431	-2.242506	3.355217	0.382084	4.582387	-0.965605	0.260659
1.001698	0.274461	1.470159	-0.284570	-1.063289	-0.260190	2.018504	-0.333769	-0.474604	0.715198	0.771686	-0.320901	-0.675188	-0.974972	1.018420	-0.719014	1.517663	-0.512408	0.555720	1.988426	0.988932	2.364057	-0.222565	3.075853	1.276927	0.958865	0.401960	2.432197	0.763293	-0.769306	-1.500842	0.489547	-0.537608	0.609946	-0.177654	1.916275	3.388307	1.635848	-1.130640	-0.739355	-0.210359	0.275935	0.110450	0.302647	1.822504	1.193776	1.744201	0.261648	2.581624	-1.074125
0.109328	-0.873220	1.646977	0.258793	-2.044523	2.317124	-1.554259	-3.009028	0.365681	0.193198	0.326888	3.419568	-1.067147	1.383385	0.582186	0.061313	1.504373	-0.492912	-1.794360	3.428251	1.738054	1.337014	0.339578	1.091475	-0.103216	0.114055	0.063723	0.824038	-2.289287	0.617391	-1.315739	1.808941	-0.963309	0.467634	-1.942721	0.140470	-2.121119	1.681224	-0.116953	-0.101646	1.033932	-0.111400	-0.663999	0.676075	-0.846872	2.367436	3.120746	-0.091637	0.075183	0.348460
1.948079	0.203381	-0.322114	0.627411	0.268895	-0.478161	1.473186	1.761442	1.232265	-0.643642	1.119517	1.739941	-2.155232	-1.059614	-1.645247	0.231202	-0.305409	-1.476330	-2.735507	0.549791	1.533528	0.058233	-1.183212	-0.351147	1.863272	0.528554	-0.680191	0.449016	-0.371018	-0.855217	-1.237738	0.120727	0.481195	-1.196634	0.468051	1.698054	-0.629243	0.490852	-1.249375	0.091878	1.273173	0.742606	-2.008485	-1.584440	-1.447335	-0.010664	-0.724883	0.727792	0.271402	0.654703
0.012896	1.004983	-0.252726	-0.235322	2.019158	-0.604764	0.917889	2.500435	0.809358	0.101300	-0.720902	0.680744	1.987905	-0.407646	2.579990	-1.264621	-0.676806	-0.482149	2.453315	-0.113007	0.557204	0.847318	-0.814565	-0.519434	0.251948	2.207792	-1.782927	0.654417	0.434314	-1.182343	-0.574102	-0.526377	0.814777	0.247712	-1.157930	0.807276	2.631317	-0.250491	-0.288933	-1.599929	0.694671	1.561712	2.179975	-0.593806	2.752563	0.015663	-2.549149	0.740258	-1.118668	-0.839142
1.485398	0.072468	0.277846	0.521090	-0.001258	1.451631	1.185297	-0.602876	0.579470	2.560928	-2.682884	-0.629190	2.652446	-0.146045	1.331645	0.422005	0.115139	4.056686	1.892044	0.712855	0.463376	0.703526	-0.831465	0.595996	1.593657	1.018071	1.274826	2.652325	1.344904	-0.222452	-0.566206	-0.056242	0.363921	0.502868	-1.198200	0.294929	2.741087	0.717240	-1.172454	-0.954003	0.755455	2.600292	2.036150	-0.249518	0.935637	-0.974347	-0.443460	0.844983	2.553671	-0.678942
0.399966	0.542868	-0.407790	0.647257	0.643212	-0.423969	0.750889	-0.279383	-2.167740	-0.419684	0.138421	0.736990	0.011001	1.830646	-0.286982	0.886652	-0.860569	-1.557581	-1.347513	-1.304297	0.577949	-1.327912	0.569984	-1.863394	2.373724	2.049884	-0.426843	0.005152	2.726882	-1.081714	0.364916	1.070253	3.557322	-1.438172	1.603190	0.634975	1.899811	0.424977	0.141699	-0.880710	0.810722	-0.037727	0.697241	1.163070	-2.523526	-2.046097	-1.865485	-0.090320	1.217173	-0.270774
-0.344086	-0.742502	-0.526284	0.320864	0.208266	-0.338212	0.670341	2.448293	1.886975	-0.310933	-0.620782	-0.273223	0.188503	-0.552844	-0.256933	1.070469	-0.892385	-3.012338	0.321451	1.843218	-0.396928	-0.834025	-2.418788	1.518043	2.452450	-1.030725	-1.024257	-1.460880	1.840329	0.387857	0.171115	0.205211	-0.063726	-0.542420	1.168248	1.799954	1.488995	-2.261948	-0.728140	-0.315379	-0.659829	-3.796276	0.335162	-2.182010	-0.230299	-1.268277	-1.358669	-2.418898	1.203078	-2.755478
-2.373243	0.418647	-2.768657	1.980796	-1.029171	0.554656	-1.132912	-1.627666	0.494173	0.379859	-0.361414	-0.262524	0.810402	0.539514	-0.063082	0.791201	0.435184	-2.560109	-0.607013	-0.316734	-2.617389	-1.001785	1.972075	-1.765428	-1.161262	-0.598810	-0.588352	0.377225	-1.654282	0.624303	-2.646509	0.586542	0.321620	-1.093077	-0.286448	1.378496	-1.734962	1.338226	-0.056071	1.223094	0.715057	-3.409332	-0.607445	1.089914	-0.614467	0.552007	1.729617	0.980271	-2.169552	1.672419
0.084573	0.030009	-0.342352	0.224184	-0.476131	0.691221	2.633395	-0.736481	-0.431997	-0.716440	-0.237299	-0.831102	1.869261	-1.717095	0.654086	-0.520475	-0.264526	0.424249	1.421268	3.055031	0.071056	2.058138	-2.558122	-0.149701	-0.174098	3.626846	-0.099856	1.144514	0.945006	-0.641815	-0.488535	0.191277	-0.028391	2.215222	-1.337816	-1.129695	0.729232	0.857917	-0.187890	0.659014	-0.494133	2.173460	1.974146	0.296029	-0.910919	-0.730638	0.624727	-0.302650	1.051277	-0.106327
0.983937	0.050104	-2.107498	0.729248	-0.359609	-2.077870	-0.212247	2.092309	1.022964	1.783504	-1.398534	2.187359	2.319911	0.771858	2.000403	-3.953442	-1.601108	0.406917	2.015840	1.793502	0.328491	-1.151924	-0.515458	-1.912503	0.359867	-2.360487	-0.298852	-0.138890	-2.783721	-0.510366	-0.087367	0.115320	1.722560	-0.558970	-1.832010	1.258118	-2.286640	1.405525	0.798799	0.249961	-2.070901	0.203291	1.453383	-1.312863	1.431817	-2.120322	0.390982	-1.359130	-1.552426	-0.601207
-2.082174	0.347847	-2.964627	-1.114416	-0.576043	-0.839861	-0.193411	-0.332791	-0.736950	-0.227457	1.864949	4.407306	-1.725811	0.559404	-0.507092	-0.435404	0.600584	-1.731819	-0.145331	-0.227538	0.044695	0.231268	0.131052	1.503644	-0.781443	-1.005871	1.583694	-0.122716	0.009519	-1.280152	-0.257664	0.867019	-1.051818	1.237597	1.009010	-1.326827	0.999267	-1.419260	1.019081	-0.568051	-2.390428	0.660484	-1.256672	1.388858	0.278908	0.193831	0.675464	0.023407	3.153783	2.357882
-1.676017	-0.002149	1.938736	-1.296164	1.051371	2.388684	-0.917125	-0.325262	-1.596996	0.013110	-0.330161	-1.719886	-0.617694	0.736052	-1.228397	0.921222	0.374162	-0.377264	-0.227730	1.186792	-0.368193	1.369093	-0.072674	-0.391490	-0.191567	0.711979	1.713675	-0.175610	2.073083	-1.533545	-1.325335	0.379120	1.993869	3.005785	-4.005521	2.292654	2.379273	2.890034	0.715001	0.632265	-0.638595	-1.097203	1.048515	0.977288	-1.246645	-1.088197	0.787221	0.533505	1.711119	0.767949
1.748342	1.384835	0.817569	-1.441892	0.976707	1.852574	0.553736	1.359511	1.260934	-1.119114	-0.968030	2.179655	0.334136	1.224148	2.381723	0.211728	0.071009	-0.290440	0.639536	2.504305	0.284336	-0.955273	-1.150815	0.499288	0.145701	-1.984062	-0.565320	-0.737606	-0.832950	0.545702	-0.497233	0.644128	0.727224	0.140838	-1.118678	-1.567672	0.532570	0.442416	0.893219	-1.674542	2.060534	-2.116590	1.060569	1.022754	0.764235	-1.291276	0.094857	2.984988	0.190747	0.250983
0.891576	-0.817864	2.403907	0.264439	0.883644	1.138471	0.609049	2.874681	-0.348065	-2.432741	1.424827	0.115530	-0.244134	-0.780513	0.811227	1.015979	-1.647372	0.735579	0.272786	1.021712	-0.132518	0.150626	-0.843123	0.512443	1.509677	-0.224608	-0.038628	0.155479	-1.370122	1.769317	1.035402	-1.132930	0.641017	0.226079	-0.910224	-1.656624	0.412157	-0.157670	-1.108713	0.722920	2.207483	-1.467918	0.676433	0.496351	-1.160028	-1.731939	-1.855209	0.791918	-0.097539	-1.146008
1.773738	0.501086	2.397408	-2.328915	-3.816607	-1.799848	0.293399	-2.048822	0.169806	-0.458355	1.868990	0.396572	1.943118	0.857827	0.719990	-2.462748	1.444799	3.875599	1.077332	-1.286406	-1.133022	-2.201273	0.994779	-1.397558	2.282017	-0.804802	2.922553	-1.452251	-0.151613	1.045105	-0.651124	0.454672	0.829730	-0.956421	0.751714	1.128567	0.102490	-0.466857	0.734090	-1.754844	-1.881200	1.007123	1.635924	-1.221128	0.386093	0.963849	1.201281	-1.537624	0.965304	2.360498
-0.499510	0.081859	-0.109051	-0.965330	0.267880	1.180827	0.497179	2.429588	-1.944514	0.449311	1.523301	2.177838	-1.771719	1.285391	-1.555420	2.021730	2.105191	0.034478	-0.080883	-0.637820	1.752885	-3.224259	-0.031627	0.818567	0.436227	0.114755	-0.431185	-1.341067	-0.273739	1.418375	-1.460115	-0.143173	0.071177	-2.627643	-0.540669	2.134938	-0.759843	-1.364687	-0.761888	0.253613	-0.392519	-1.858347	-0.543001	-1.922297	-0.785180	1.850855	0.125726	-2.138615	1.028530	1.219427
2.066706	0.580179	2.388914	0.196100	-0.872834	0.332738	0.718832	-0.785102	0.830355	-0.252232	1.899040	-1.092857	0.204830	-1.851165	0.591747	0.508361	-0.237141	-0.097305	2.269666	-1.957218	-2.803070	1.310845	-0.318256	2.156130	0.213507	-1.600791	0.817816	-0.682653	0.193594	0.182044	-0.146093	2.123122	0.185789	0.179931	0.219421	-0.136192	0.092874	-1.202649	1.554620	-1.877732	0.642799	1.080253	-0.419895	2.126574	-1.134598	0.815052	-0.635111	2.586724	-0.221785	-0.654837
-0.691879	-0.063859	-3.336349	-1.601472	0.589687	1.866001	0.087226	-1.907080	2.300541	-0.011372	-0.832889	-0.548427	0.393513	-1.068733	0.130363	2.047620	-2.283438	0.305767	1.154100	0.451571	0.578710	-1.437236	-0.775580	-1.402114	0.153639	-2.143144	0.101902	-0.396121	-0.519625	-1.786867	-2.772703	0.176591	1.195407	-1.384787	-0.741728	0.299477	-1.002188	-2.618946	0.932035	-1.854529	1.543545	1.576000	1.102524	-1.355110	0.326558	-1.500282	-3.357420	-1.144816	-1.546632	-0.710673
0.613293	0.105445	-0.582839	-1.000794	-3.298553	-3.413057	-0.559534	0.149181	-2.694898	1.501145	-0.289813	-0.310184	-0.246036	1.184400	-1.313566	-3.725113	-0.250722	3.017031	-1.238022	2.773440	0.036219	-1.885849	-1.009214	-2.211468	0.881440	-0.052619	2.169760	-2.426492	-0.144446	1.670470	1.275083	0.118891	0.724485	-3.606994	0.960163	-2.613473	1.035874	-1.273887	1.315293	0.194433	3.347228	1.415111	0.712054	2.673903	-0.482425	-0.675354	1.369029	3.121536	4.423461	0.210567
3.136665	-2.181382	1.723986	-1.089405	-1.025697	-1.071945	1.817617	0.453856	2.154171	-0.478968	-1.483975	0.500335	0.160316	1.731794	-2.134596	-0.975213	-1.044066	-0.520554	0.077029	2.011461	0.590297	1.987357	-2.890334	0.435010	0.559920	-2.173457	0.657317	0.000516	2.698369	0.473063	1.151180	-0.744572	-0.849604	2.665063	1.266065	-1.511673	0.493936	-1.518106	0.488121	0.391193	0.389652	-0.034530	0.204258	2.677510	0.258552	-0.027692	-1.278528	2.336598	-0.681570	0.821746
0.325272	1.072645	-1.191631	0.535186	-0.397866	1.168656	2.254913	-1.488306	-0.695487	2.389100	2.944011	2.421097	0.172842	2.507452	0.404103	0.884460	0.181717	2.170824	-0.328773	0.114575	1.338295	-1.335663	-0.310888	0.628525	1.439477	0.586380	0.825805	0.726042	-1.443966	-0.574633	-1.620342	1.473180	-0.104533	-0.733074	-1.749745	3.068055	-1.625576	2.028003	-1.600922	0.560930	-1.855153	2.654450	2.019431	-1.889937	-0.444006	1.742664	0.669586	-0.959550	1.474665	0.469840
2.227570	0.186461	-0.235838	0.071564	-1.914697	2.191914	-1.986817	-0.618430	-0.593351	-0.215232	3.664215	-2.075737	-0.792053	0.680587	-0.586619	-0.060048	-0.540404	0.206977	-0.436111	-2.066840	-0.754299	3.226646	2.012858	0.486454	-0.586184	-1.206414	0.769325	1.438907	0.016121	1.823959	-0.135291	-0.304040	2.499094	2.444064	-1.901072	0.657978	-0.673978	-1.183026	-0.960457	-1.280977	1.671503	-1.251630	0.117829	1.078107	-2.943161	0.266391	0.442758	2.725643	-1.473938	-1.533228
0.766902	-1.613049	-1.435393	-0.174291	-0.578167	-1.292013	0.721588	-1.769679	-2.348882	-0.396689	-1.126455	3.574830	1.879816	-2.849595	-1.433585	0.274988	-0.137633	1.119165	-0.539335	-1.568271	-0.172086	-0.046931	-0.585165	-1.806279	0.993641	-0.959911	-0.999087	0.227723	2.437946	-1.094086	-0.759188	-1.107851	-2.382836	-0.664842	2.263236	3.083034	1.953789	1.101916	-1.300230	0.043034	1.178184	2.553940	0.315229	-1.217910	1.185971	0.396854	-0.243818	-0.532899	2.063198	0.392154
0.180454	-0.202326	-2.510565	0.035779	-1.336220	1.420585	0.437551	-1.701163	0.993512	-1.811540	-0.029151	-0.141338	1.374425	-0.978634	3.536665	0.844942	0.364129	0.304740	1.034598	1.472495	0.127285	0.263243	-1.018368	-1.730666	1.175812	-0.754737	-2.670663	1.497565	-0.984788	-0.227633	-1.359602	0.545910	0.620356	0.494430	-2.292748	-1.527379	-2.288924	-0.734557	0.733816	-2.055573	-1.126001	0.702208	1.571705	2.455809	0.863205	0.083876	-0.814561	0.680581	-3.241898	-3.643035
-2.443126	-0.762987	3.782836	2.769381	1.112405	-0.198066	-2.288753	0.833196	-0.257430	1.836304	0.465681	2.261902	-1.003283	-1.724094	-0.856848	0.878205	0.886472	0.452862	-1.089816	-1.731705	-1.910777	-0.105680	0.465544	0.631144	-3.217431	-0.152823	-0.502608	-1.004215	1.999922	-2.625263	-0.002207	-1.745677	-2.113049	1.547283	0.207534	0.323033	2.085731	0.938575	-2.245613	0.672589	-0.992033	2.840106	0.268500	-2.346521	-2.206826	0.892285	0.746165	-5.016576	2.109728	-0.545783
-2.932056	-0.419798	-1.839875	1.577731	1.017223	0.430872	-1.600419	-0.209962	1.420124	1.142071	0.380969	0.883944	-2.961058	2.456524	0.009219	1.052463	0.907371	-2.535202	-1.311642	-0.815358	-1.078592	-1.642482	1.103855	1.981899	-1.778591	-1.418000	-1.222994	0.412079	-0.288292	-0.493077	-0.129140	-1.161261	0.285543	-1.418040	-0.159779	2.008991	-3.177823	-1.921012	-1.169792	1.938891	-1.129907	-1.635433	-1.835024	-1.753332	-1.357038	1.853161	-0.208945	-2.543866	-3.719174	0.077216
2.203099	0.706491	-1.480421	-2.900535	0.493746	0.565847	0.321668	-0.625831	0.320957	-0.110664	-1.247614	-0.311782	-0.770749	1.182073	-0.043939	-0.713787	1.536201	-0.826724	-1.719503	1.320664	0.053427	-2.526074	-1.897477	0.040012	1.102441	-0.116248	1.424186	-3.261207	3.926804	-0.652074	-0.833561	1.339097	-0.931766	-1.840546	-0.598731	1.529160	1.892617	-0.893775	1.432663	1.017822	0.843297	-0.535325	0.321622	-0.031371	-3.386984	2.845842	-1.162253	-0.869104	2.772283	-0.456399
-1.278589	0.820219	0.546813	-0.269680	-1.209140	-0.659320	0.174309	0.085574	-0.189597	1.710873	0.331535	-0.772005	-2.855549	0.355165	-0.612238	0.294415	1.057977	1.460014	-3.435514	-1.559199	-0.843597	-0.689673	2.111554	-0.266765	-3.102043	-2.039136	0.844750	-0.124515	-0.628041	0.692748	0.769268	0.069712	0.825274	-0.376235	0.672462	-0.110366	-1.905619	1.809087	0.803618	1.921070	0.771012	0.207637	-2.104465	0.780519	-2.288814	-0.665263	2.517816	-0.469872	0.062391	0.675777
1.680572	0.618580	-1.513128	0.382006	0.737617	1.385500	1.362608	-0.108066	0.291144	0.360894	0.193052	-3.443046	-0.398374	-0.439856	-0.679828	0.888504	-0.340763	0.176040	-1.011793	-0.382835	1.071362	-0.852826	-0.273092	-0.275102	0.251856	1.253769	1.047348	0.051843	-0.540034	-0.020879	-2.967790	1.261877	1.175654	-0.135378	-0.107161	-1.246275	0.052008	2.086064	0.452843	-0.979493	0.361032	-0.580598	-0.278167	-0.645000	2.220239	-1.319320	0.160751	-1.049520	0.108117	1.921257
-1.513600	-0.708831	-0.061721	-1.141914	0.922281	0.789814	-1.066385	-0.563379	-1.986989	1.861038	1.822783	0.289432	-2.345452	0.926392	-2.562739	2.509808	-0.912181	-0.364759	-0.765455	-1.375882	-1.833458	-0.658278	1.051038	3.938761	-1.930078	-0.211195	-1.643206	-1.405841	1.568043	-0.684720	-0.833031	0.104446	2.289232	0.071563	-0.319418	0.903587	3.304898	2.515349	-0.241326	-1.505048	-2.726585	0.154892	-1.503123	-0.722757	-1.624207	-1.746988	0.064081	-3.504940	1.670858	0.162608
-0.027029	0.516962	1.030947	0.793084	1.537630	-0.153852	0.149306	0.015503	0.563652	-0.558328	0.040691	0.603483	-2.667187	-1.657110	-1.927030	-0.733932	0.001674	-2.852935	-2.457049	0.319461	0.428369	0.377392	-1.349252	-0.646953	2.041456	0.188875	0.427940	-0.622187	1.282788	-1.486513	-0.636459	0.888415	-0.658644	-1.598269	-1.529631	0.907972	0.952825	-2.575497	-0.864348	0.617711	0.823812	-0.991917	-1.704336	-1.125709	-1.517441	-0.500575	-2.628673	-0.780823	1.566252	0.581310
0.224630	0.969154	1.030105	0.442030	-0.717380	-0.257659	0.805946	-0.456447	0.843214	-1.238214	-1.212086	0.950377	-1.800801	1.838672	-3.303997	-1.706933	0.754234	-0.987646	-1.405642	-0.934037	0.804716	-2.759056	1.538708	-0.617054	-0.689560	-0.491176	1.111994	-1.373712	-0.520715	0.233845	-0.225403	-0.483215	1.625933	-2.273553	-1.575026	1.198115	-0.177025	-1.841631	0.357023	-0.010282	-0.678741	-0.704253	-1.159362	-0.472576	-1.726522	-0.242645	0.144025	0.407694	0.221647	0.783375
0.802547	-0.681297	-1.021331	-0.502984	1.560300	0.432235	1.302072	2.136010	1.521612	-0.303288	-1.867702	-0.341066	-0.565760	3.127764	1.839649	-0.060408	0.867949	-1.699297	-0.176953	1.752617	-0.570025	3.728240	-0.724182	0.950099	-0.802688	1.818453	-0.641469	0.992669	-2.436282	0.016117	0.588588	0.745873	1.187644	3.399603	-0.973814	-1.598402	-0.796498	1.751120	0.370505	-1.231210	-0.160361	-0.621207	-0.604936	0.032730	2.323923	-0.097516	0.566196	-0.197432	-0.787417	-0.287189
-0.563906	1.084109	-1.495127	-0.533890	2.205274	-0.913437	1.277592	2.498014	-1.318979	0.537722	1.025428	2.953681	-0.171759	2.030134	0.099466	-0.385516	0.452896	-1.205273	-0.027813	0.462614	-0.455655	0.785144	-1.036577	1.499685	0.541069	0.407099	-0.751816	-1.755304	-1.609080	-0.635362	1.593311	0.133453	0.674842	1.271264	0.644792	-2.423708	-1.172196	-1.253968	0.094255	-1.437254	-1.610060	-0.182608	-1.664262	-1.667432	-1.040460	-0.923772	-1.356758	-1.037441	-2.302472	-2.812436
-0.132020	-0.053389	-1.656669	0.437789	1.605550	0.011406	-2.722569	1.737948	-0.947489	-0.060854	-1.654204	3.685356	0.084204	0.603186	0.576632	1.179652	0.619315	-2.670007	0.856846	0.414236	-1.359625	-1.290754	1.461199	-0.777370	-0.875835	-1.336788	1.515599	-1.922077	-0.958890	-0.275304	1.501448	-0.331341	-1.392502	-0.801064	1.315098	-0.439176	0.145899	0.040455	-0.316937	2.112184	-1.870620	-0.049422	-1.752276	-0.836855	0.972551	0.767026	0.928324	-1.121338	1.362352	1.260147
1.357374	1.098598	0.355264	1.451462	1.143786	-0.876488	-0.342832	-0.020460	-0.430239	-0.419533	1.955097	-1.059827	0.711354	0.148388	1.981376	1.723929	1.000166	-0.508591	0.354184	0.053197	1.551332	0.016418	0.023865	0.808820	2.068890	0.634344	0.629338	-0.126157	-0.390073	0.501424	2.948234	-1.463911	0.953842	0.743264	2.981775	0.320546	-3.251932	0.604096	0.232476	0.022349	-0.024619	-0.983836	-0.227359	0.621402	0.559383	2.658759	0.360806	0.405301	-2.419895	1.285740
-0.389693	-0.596273	3.044215	1.094415	0.099542	-0.878307	1.009404	-0.509498	-0.854847	-0.989294	1.507176	2.687549	0.910878	-1.834802	2.343560	-2.338873	-1.323647	0.133433	0.496767	-0.306534	-0.005444	-0.686617	-1.634306	-1.566743	-1.747267	-0.633453	2.397525	1.755922	-0.288050	-2.697308	-3.069083	1.071501	-1.738847	-1.195000	-1.366267	2.166173	-0.230845	1.930689	1.575425	-0.997368	0.437254	2.002311	1.475029	0.182751	-1.200674	-1.722165	-0.568748	0.095905	2.095639	0.728305
0.513904	1.030867	0.513756	-1.027002	0.468900	-0.070373	-1.216183	-0.986153	-2.109955	0.828874	-0.538933	-1.392595	-1.035880	-1.142190	-0.201308	-0.769982	-1.515980	2.403727	-0.711935	0.208807	0.699740	1.882763	0.181208	1.933154	0.472698	-0.279036	-2.747085	0.521713	-1.001522	-0.308320	-1.094044	-0.069757	-1.940102	1.244763	-2.181877	-0.681316	-1.834738	0.884596	-0.339520	3.085514	-0.628913	0.291942	-0.843120	-0.057100	-0.570878	-2.036562	-0.374864	0.470022	-2.919410	-0.913830
0.190857	0.541615	1.839084	1.368874	0.133983	0.042661	-0.645556	-0.000724	1.820239	0.548663	-2.482419	-0.916074	-0.701882	0.369838	-0.234530	-1.059283	-0.123291	-0.474511	-1.154901	1.464974	-0.234774	0.275180	0.246862	0.034332	-2.231169	-0.771488	-1.374224	0.679297	0.074070	0.051127	-0.475083	1.029959	1.104401	-0.876103	-1.377024	-0.610334	-0.328129	0.034828	2.230352	1.218741	0.711528	0.048040	0.344562	1.497137	-1.822276	-0.242509	-0.367050	3.283441	-0.943202	-0.037817
1.228698	-0.552308	-1.180445	1.661120	0.798541	0.112874	2.373885	0.860355	-0.185395	0.801985	-1.351535	-2.004339	1.356819	-0.892935	2.694492	0.650248	-1.058947	0.377189	0.610414	-1.792340	0.952398	0.091525	-0.474173	-1.602644	-0.203990	0.408234	0.776575	0.434980	0.496541	0.524139	1.556385	-0.765365	-1.770760	0.628598	-0.303216	-2.232820	-0.236567	0.356678	0.530418	3.121164	-0.626065	-1.025598	2.417678	1.125015	0.696536	-1.444635	0.220687	1.230345	0.275057	1.818421
0.847897	0.207934	-0.693980	-0.106423	0.514739	1.440255	-0.745840	-0.960041	0.388879	-0.288969	0.297998	0.913409	-1.556555	0.138004	-2.716973	0.648866	-0.301003	-0.594739	-0.775624	-1.874440	-1.382467	-0.771538	1.298980	1.060079	0.253676	-1.245599	-2.328400	-0.008968	1.565111	1.153158	0.039728	-1.520023	-0.096519	-1.231438	-0.371744	2.291110	1.921691	2.803391	-1.181459	-0.909140	-1.703233	-0.638689	-1.034241	-2.792591	1.038999	-0.706175	-0.115035	-2.413669	0.128401	-2.608821
-0.774492	1.179081	-1.151240	1.054218	-0.662288	-1.767348	0.547680	0.396370	-1.281590	1.934887	-3.167010	-0.257018	1.031129	0.062969	0.975072	-2.565699	-0.540109	-0.612824	0.704783	1.460538	-1.267665	1.321539	-1.001078	-2.034308	-1.297257	1.074110	0.039052	3.086340	1.538396	-0.367419	1.469853	0.712511	0.421985	-0.739831	0.386145	-0.366873	1.781307	-0.517681	0.061184	0.273913	2.711932	0.609714	0.003529	0.517400	1.048753	-0.169007	-0.574346	-0.720780	2.088841	-1.679794
1.710895	-1.052374	-0.824035	0.368750	-0.892245	1.692301	1.868786	0.086335	0.194400	-0.130112	0.629155	0.017489	-0.877399	0.278961	0.922754	1.235647	-1.790295	0.413591	-0.281572	0.567492	-0.689375	-0.992014	-1.270767	1.892483	-0.349968	-1.921335	1.970898	0.121557	-1.893007	1.781744	0.403467	-2.358615	0.404071	-0.019721	-1.665946	0.487935	0.539859	2.282189	-1.036112	1.532687	-1.438766	0.592032	0.177873	-0.545559	-1.404863	-2.028066	-0.033460	-0.320470	1.193212	1.658112
0.037406	-0.246619	-0.750000	-1.064015	0.234826	-1.768632	1.019209	-1.091778	1.055761	-0.509521	-0.336414	-2.891903	0.524945	1.519541	-0.331900	-2.144424	-0.712614	-0.417955	0.098064	0.099929	-1.801477	-1.361783	-1.183774	-2.580298	-0.469373	-2.325128	0.484415	-0.500165	0.014073	1.244386	0.974117	-0.198888	-1.190251	-0.654421	-1.137156	-0.130134	0.813113	-2.224842	-0.323185	1.071635	-0.676981	-0.057764	1.040631	0.688735	1.335452	1.193695	-0.435637	0.728475	2.937105	-0.376670
-0.302555	0.369041	1.639770	-1.903058	-0.940509	-0.702171	-0.393424	1.073106	1.109143	-1.300186	-0.988020	2.475817	1.022071	-1.523400	0.080793	-1.527142	1.462900	-2.080109	-0.292012	1.116139	1.165424	0.214541	-0.131305	0.459868	2.580391	-0.461214	2.286908	-1.680704	-1.541021	0.715117	-2.628771	1.600274	-0.842363	1.240663	-0.549158	-0.999763	-0.044816	0.104992	1.265202	1.007839	-0.683325	-0.697611	0.843928	1.374468	0.828378	0.292967	0.370199	0.668303	1.291613	2.775402
-0.426697	-0.929328	-2.131386	1.877462	3.217054	2.144466	-0.319005	1.546639	1.227925	-2.048598	0.692118	-1.226084	-0.328360	-1.816690	1.375213	3.539554	0.010346	-0.486446	0.321202	1.027738	-1.455714	0.141015	0.461529	0.913234	-1.492165	2.131127	-0.421018	-2.535421	-1.317316	0.011782	0.819000	0.863655	0.521858	0.654256	0.714730	1.068710	0.635731	0.347778	0.496932	-0.284594	-0.656423	-0.360626	-1.611857	0.591224	0.155519	-1.362751	-0.890654	-1.139652	-0.691831	-0.941002
-1.982221	-0.252895	1.455884	0.671847	2.276173	-1.361296	-1.746586	2.898148	0.108881	1.339767	1.326543	-0.822351	3.608608	1.364006	2.082722	1.181835	1.915870	-0.289324	1.917325	-1.010239	-1.739345	0.587284	1.770336	-3.505867	-0.204791	-0.441489	0.888892	-0.235490	1.238097	-0.649638	3.210303	-1.724818	-1.155153	0.777503	2.136284	-0.136422	1.537364	1.882502	-0.514443	-0.454677	-1.702347	2.249713	2.076991	-0.591167	-2.102562	0.857873	2.071540	-1.983209	1.778747	1.335402
0.821279	-0.786167	0.638913	0.021365	-0.636371	1.452641	-1.018053	0.402190	-1.015194	-0.625134	-1.583353	4.409780	-2.868415	1.032976	-0.475806	2.099902	-2.533749	-1.005177	-1.498807	0.909496	1.972762	-2.668428	-1.096344	0.694522	1.951680	0.272798	-1.290472	-2.743577	0.503226	0.198456	0.854490	-0.721541	-1.629820	-1.718567	1.844683	1.296091	0.270793	0.514152	1.383702	-0.567502	0.096166	-0.586411	-2.743785	-0.916710	-0.771243	-2.351129	-1.581454	-1.656344	1.508908	-0.129223
-0.555466	0.782439	0.722449	0.089516	1.010886	2.536605	-1.191368	1.484465	-0.617414	-0.039962	-2.378972	-2.111571	1.434733	0.451128	0.294370	0.376324	-1.452396	-2.244757	3.318432	0.430946	-0.472076	-0.859709	-0.118758	0.535630	0.067500	-0.404981	0.644311	-1.487075	2.672852	-0.640437	-0.040032	0.655856	1.193608	0.000461	-1.803814	2.725986	1.682997	-0.229645	0.674675	-2.203226	0.968586	-1.125925	1.385625	0.220220	1.418077	-1.994602	-1.018844	1.380258	1.709115	-0.738251
0.295818	-0.869962	-0.412890	1.190976	1.697518	0.086988	-0.172018	0.775141	0.246126	0.125303	-2.224549	-1.454741	-0.741046	-0.710078	0.407917	0.703905	1.045813	1.393657	-1.028576	-1.739184	-0.717624	-2.021054	1.081684	-0.524847	-0.847076	0.162348	0.054775	-1.447251	0.005565	-0.251399	-2.125658	1.271204	-0.581807	-1.155085	0.427481	-0.150240	0.266170	-2.369607	1.189130	-1.902244	1.412245	0.150562	-1.509190	2.297274	0.530187	0.420065	-1.414541	1.885347	-0.525991	0.729209
1.369142	-0.633803	1.276634	0.834848	1.445034	0.835892	1.955490	-0.243800	-0.320801	0.056227	2.726065	0.880481	-0.890470	1.235524	-0.151560	-0.654978	0.196437	0.213059	-0.313581	0.476050	1.986070	-0.857140	-0.990432	0.416452	-0.198158	-1.958887	0.147537	0.332172	0.757211	-1.635034	-0.174300	-0.291656	0.513023	-0.661679	-1.083033	0.968333	1.669414	0.429522	-1.538324	-0.014115	0.189501	1.706124	0.919872	-1.496574	0.722031	1.286488	-0.533378	-1.999514	-0.832279	1.820646
0.284884	-0.206111	-0.960063	1.063622	-1.971964	0.651903	-1.348445	-0.526419	-1.254928	-1.908049	0.769377	-1.346476	0.981221	-1.269744	3.924652	1.718166	-1.698406	0.225317	2.127604	0.299875	1.921929	-0.746950	1.452000	0.261439	1.431542	1.399106	-0.369546	-1.196857	3.099612	1.357631	0.411903	0.320861	-0.116969	-1.883881	1.084146	0.163420	1.202688	1.214559	0.664879	-1.048059	0.941403	-1.414642	-0.130884	2.564521	2.919106	-2.031203	1.211900	2.700025	1.647195	-2.436696
-0.800914	0.127237	1.962004	-0.180299	3.167891	-1.507583	-0.491227	2.202103	-1.652897	0.850905	1.486893	0.662188	1.755884	-1.894350	0.171536	-0.795624	0.876160	-0.607198	-0.533024	-2.240903	1.020372	-0.619004	0.677515	-2.531778	-0.284841	-0.490753	1.016914	-0.151168	-1.007436	-3.124201	0.404891	-0.967615	-0.177133	0.555525	-0.255918	2.756306	0.257632	0.493670	-1.544082	-0.823504	-2.218163	1.107633	1.328127	-2.566592	-2.161600	-0.389637	-0.756221	-3.789315	-0.432786	-0.394016
1.898492	-0.821457	1.852769	-1.113511	-0.890329	1.730538	-0.012721	-0.625993	-1.941545	1.007877	0.071911	2.254485	-0.597039	-1.344451	-1.068568	2.973947	-1.727450	1.527489	0.196760	1.032145	2.387885	-0.942871	0.032099	-0.245112	0.669802	-1.607238	-0.094387	0.083974	2.865385	1.857224	0.146631	0.858231	-0.196011	-0.202970	-0.979266	1.302730	2.391391	0.535958	0.362368	0.445027	0.448318	-2.244727	-0.171622	-0.258892	-0.206266	-2.466769	-0.025633	0.522594	2.645260	-0.389035
-0.865548	1.189489	-1.449670	-0.302961	-0.936850	-1.266451	1.536240	0.460867	0.671320	0.503207	-1.100411	-1.140155	-0.044447	-0.554480	-0.506567	-1.097603	0.841146	-1.363549	0.651642	-2.155438	-0.042667	2.320097	0.034569	0.166640	-0.691215	-0.581491	-0.694896	0.888649	0.461852	1.636894	-0.508677	0.766012	-0.225496	3.148799	0.795522	-1.407302	0.276818	-0.786755	1.279258	-1.194719	0.469859	-1.968621	-0.636969	2.683260	0.825521	1.271934	0.216044	2.370830	-2.016178	0.300897
-0.449159	0.092279	-0.102339	0.147407	2.412889	0.090431	1.749722	2.357380	-2.273910	0.121043	0.458372	-0.847275	0.233835	-1.152739	1.139797	0.511242	-0.983188	1.209673	1.072530	1.721430	-0.497218	-2.576602	-2.263603	-0.411645	-1.607024	0.958557	-0.472685	-1.515314	-0.278810	-0.251984	-0.148460	-0.566131	0.466658	-3.323871	0.374501	-0.078877	0.008371	-2.622661	-0.827101	1.125198	2.236744	1.320320	-0.194119	-0.765837	1.028370	-2.021743	-2.266716	0.080552	-1.205010	-0.299384
2.530587	-0.075834	0.811254	0.469602	-0.831644	2.263610	2.455145	0.980535	-0.780488	-1.265952	0.882748	-0.474564	-1.583593	1.355634	-0.248893	0.243860	-0.489659	0.914920	-0.194566	0.434944	1.055694	-0.609344	-0.098509	1.486779	1.666857	1.601128	-2.218803	1.233945	-0.314753	1.888356	-1.168800	0.896372	2.535542	-1.607727	-1.558849	-2.537714	-1.286431	1.725212	-0.135664	-1.649415	1.625074	-0.733782	-0.620542	1.691145	1.138934	-1.328779	0.795747	0.949167	-2.152033	-2.622066
-1.206917	-0.157751	1.332834	0.674832	2.502765	0.856606	-0.608974	-1.264808	2.299825	-1.171798	0.704589	1.508412	-1.745154	0.654191	-1.507774	1.914389	-0.793439	-0.042770	-2.264799	0.641964	-0.724633	0.125407	-0.744782	0.324298	-0.009254	1.957935	-0.850479	0.341944	1.136242	-0.780657	1.033048	-0.777077	-2.768830	0.762972	1.058652	-1.214515	1.199195	0.906408	-1.188486	0.321617	-1.238994	0.948837	-0.570912	0.151407	-3.474923	1.292849	-0.998911	0.503460	0.651745	0.202520
-0.810383	0.300020	-0.238578	-2.016562	-2.126932	-1.906450	-0.534297	1.082858	-2.801121	0.914616	1.668786	1.358418	-2.122401	-0.145840	-1.611451	-1.723052	1.478508	-0.388897	-1.655415	1.209847	0.536769	2.151212	1.796439	0.614174	-0.462559	0.493752	1.963815	3.072658	-1.834264	-0.464710	0.498252	-1.031507	0.101830	1.993154	1.050506	-2.992649	0.818517	0.687684	-0.978227	3.647200	0.664270	1.204197	-1.090108	-0.255649	-0.479050	-1.148190	2.615548	-1.125546	-0.655569	3.115734
-0.462886	-1.475274	-1.132223	0.946536	2.608074	0.960267	0.376833	0.863999	-2.467114	-1.097392	-2.138390	1.141210	0.964608	1.438324	2.328111	2.139297	-1.668855	-2.305799	1.625398	-1.151760	1.091266	1.383230	0.000462	0.370255	0.223826	-2.036996	-0.768671	-0.069650	0.264429	-1.874820	-2.508231	-0.961031	1.053877	1.919002	0.071955	-1.904595	-0.955720	-0.050211	-1.351965	-1.692641	-2.162908	-1.902288	1.012871	-0.778608	1.074892	-0.995734	-1.181095	-0.525681	-0.830736	-2.380786
-0.498271	-0.101075	-1.501573	-0.046986	-0.835984	-1.815369	0.647693	1.283361	-0.390151	0.202222	-1.212617	-0.791843	0.505138	1.472485	0.585265	-0.749985	-0.007994	-0.408346	0.171079	-0.377849	-0.253753	-0.705637	0.402531	-0.051883	-0.806209	-0.159553	1.082441	-1.446739	-0.148944	0.704168	-1.185854	0.714440	1.286583	-2.322588	0.507634	-0.928109	1.872787	-0.088334	0.545219	-1.357709	0.955524	-0.646468	0.840112	-0.692148	1.501185	-0.337040	0.862159	-0.301110	1.994057	-0.639901
-0.536705	-0.384228	-1.207571	-0.427855	-0.157074	-0.683152	2.170938	-0.759771	-1.399326	0.228278	-1.429255	-0.037235	-0.133815	0.155923	0.556039	-1.010276	0.642932	-0.223478	1.263207	-1.277371	1.233641	-1.651820	-0.596551	1.816851	1.027963	-1.293580	-1.387212	-1.393806	-0.207179	-0.975567	1.126808	-0.256606	0.867948	-0.529747	1.133670	-0.229680	-2.243271	0.087591	0.355288	-2.145195	-0.245727	0.856626	-0.384327	-0.605059	3.227676	1.817656	-0.220579	-1.438870	-2.565288	-1.366903
1.662276	0.322522	-0.116141	-0.479888	0.269204	-2.438392	0.918264	-1.504672	-1.371413	0.921566	1.582429	-0.541396	-1.579497	0.229701	-0.713475	-0.713498	-1.427015	1.387742	-1.171130	1.482174	3.641612	-0.048711	-1.686680	1.311784	2.173388	2.344128	-0.837416	0.000161	-0.331532	-1.119996	0.092945	-0.186824	1.777297	0.313782	1.352349	-2.468344	-0.203635	-3.725070	-0.116600	-2.123547	-1.887658	1.491122	-0.498941	0.546562	-0.554011	-1.115594	-3.165313	-1.099683	1.400180	-3.497972
0.721178	-0.958607	0.897809	1.374439	-0.826863	-0.468652	1.131089	3.076217	-0.325836	0.511329	3.446150	-1.227103	-1.582610	-1.203680	0.274664	-0.915219	0.856820	-2.468680	-2.227921	-0.816156	1.576795	1.006888	-0.901158	-0.321772	0.750023	1.485730	-0.816497	-0.728983	1.051365	-0.059967	-1.836231	2.061803	-2.319978	0.979396	-1.715539	1.181148	-0.705386	-0.533533	1.453966	-0.594363	0.611495	-0.927785	-0.674046	-0.934529	0.246912	0.876877	0.289148	0.041159	-0.530859	0.385672
0.801888	1.026145	1.053774	2.231575	-0.968871	0.010968	0.530956	-0.356854	1.101110	-0.400047	-0.328131	1.684994	-1.172888	1.457378	0.359323	0.847276	0.943418	-0.210035	0.074058	-0.110156	-0.610478	-2.316607	0.507648	2.202178	0.558607	-1.026931	-0.579637	-1.534512	-1.691299	-0.127972	-1.503093	0.949072	-0.506167	-1.808852	0.514380	-0.618637	-0.759911	1.255651	-0.169564	0.890520	0.510012	-0.337164	-1.124468	0.300149	-1.598025	1.624590	0.869654	-0.494188	-2.084307	0.430100
-1.452638	0.394700	-1.358743	1.608196	-1.217114	-0.573503	0.159098	-4.138913	-1.340288	0.922343	0.186552	0.007738	0.471231	0.135874	-1.480470	-2.046928	-0.674835	-1.024632	-0.092356	-2.362297	0.244115	0.318065	1.555401	0.903766	-2.032934	0.608686	1.491461	0.439959	1.054043	-0.856179	-1.089603	-0.582026	-0.449637	-0.088693	-0.989075	1.746098	1.984588	0.637591	-2.036626	0.914595	-1.388725	0.184894	-0.245089	-2.206524	1.782157	2.038140	1.098411	-2.711736	2.574746	0.439051
0.135358	0.429848	1.004636	0.042237	-0.920722	1.724788	-1.975393	-0.382444	0.174777	-0.052753	-1.265668	0.684166	-2.102856	1.642679	0.063760	0.047390	-1.768169	0.826015	-0.522838	-1.664876	-0.290607	-0.318869	1.845729	3.985515	0.358684	-0.609689	-1.821570	-0.868099	-3.891023	-0.339473	0.037932	0.390632	-0.198365	0.270879	-1.617356	-2.398035	-4.602302	-0.363803	-0.943719	0.768102	-1.891762	0.261724	-1.825093	-0.386809	-0.979662	-1.596763	-0.127179	-2.401823	-5.227337	0.477862
-1.963531	-0.344586	0.983824	1.383684	1.410209	1.565735	-0.674054	2.270470	2.031649	2.729881	-1.071485	2.072345	0.775911	-0.838817	-0.033668	0.800249	-0.710759	1.708756	0.627220	-1.151766	0.081871	1.570922	0.704604	-0.382587	-0.813536	-0.923253	-1.274239	-0.194254	-2.186678	-2.197496	-0.636197	0.409684	-2.139907	1.222278	-1.325832	-0.607328	0.221926	0.492008	-1.126774	-1.400849	1.565819	2.569899	0.841927	-0.388508	-2.211840	-0.548375	-0.507045	-1.386219	-0.890873	-2.354252
-0.629990	-0.305696	-2.129121	0.464425	1.261034	3.494103	2.057954	-2.123098	1.387499	0.565832	0.850118	-1.642789	-0.097195	-0.359130	0.975693	4.283146	0.579461	0.771914	0.278086	-0.648816	1.418448	-1.551203	-0.250579	-0.114104	0.315921	-0.514043	-0.250838	-1.371166	1.802426	-0.859378	1.752603	-1.224343	1.395921	0.295601	0.671084	2.179008	-0.826735	0.421439	-0.724856	0.549022	-1.804449	0.972253	0.113073	-1.121293	-1.172615	0.429553	-0.751141	0.771542	-0.652015	1.210260
-2.907732	1.556324	-2.582723	2.752231	3.448249	0.723445	-0.823193	2.233198	0.114910	0.475646	-1.254000	-0.626710	1.852273	1.315865	0.586260	-0.412894	-0.327419	-0.250982	1.516619	-1.666033	-1.665913	-2.402472	0.006647	0.393615	-1.617130	2.120376	2.129272	-0.067710	0.814499	-1.289681	-1.214623	1.165665	-0.261550	-1.231681	-0.387911	-0.647354	3.636482	-3.713890	-0.580254	-2.065430	-1.543080	0.387755	1.412306	-0.005493	0.216225	-0.613940	-2.761932	-1.431780	5.026601	0.802726
1.690987	-0.344123	-3.001157	-0.989933	-0.495601	0.532632	0.076044	-1.827666	1.254220	0.062624	-1.790351	-1.650668	1.732114	-1.001214	0.331751	-0.487472	-0.903512	-1.994785	-0.103764	0.012712	-0.107099	-1.352529	-0.546132	-0.434304	-1.178958	0.235450	0.712877	-0.456522	-4.267097	-0.065377	-1.347243	0.192842	-1.996176	-0.650570	-0.918509	-2.408107	-2.334094	-0.088160	0.671524	-1.337562	0.286520	0.213122	2.421816	0.256606	0.149126	-1.435772	0.060182	2.036268	-3.935344	0.918098
-1.143933	-1.096239	-1.953918	-0.366332	-1.085057	1.586426	-0.596064	-0.303251	-1.952259	-0.194691	0.851296	2.524319	2.492139	-0.727120	-0.562473	0.869995	-0.002225	-0.023441	0.278739	0.195784	-1.969140	1.183347	0.218571	-0.828322	-2.386840	-0.596240	1.926427	1.493645	-0.795002	0.245997	-1.559627	0.178374	-1.526886	1.673857	-0.723398	-0.546561	1.974364	-0.626498	-0.669138	-0.952691	-2.166239	-1.374513	1.990649	0.448107	-0.963900	-0.648949	0.380295	-0.079278	4.098083	0.547901
-0.593931	-0.903377	1.778329	1.413004	-0.046638	0.129038	0.092514	2.826061	-0.344965	-0.413531	-0.584459	-1.099184	0.662538	0.838899	0.272028	-0.557136	1.816986	-1.802365	-0.297777	-0.877301	1.589307	0.832965	1.837938	-2.751773	1.152620	-1.050350	0.742247	-1.017389	-0.829435	0.347987	-0.652893	0.000169	-0.347284	0.104563	0.285463	-2.558848	-1.318276	3.418927	0.155742	0.082532	0.468882	-0.340704	0.278715	0.434595	0.017224	0.513745	2.428855	-0.112090	-0.706732	1.654104
1.340686	-0.528011	-0.013650	-0.762409	-1.648947	-2.984651	-0.569679	-1.467977	0.217576	-0.835941	-3.357790	2.144687	1.303771	-2.649606	0.027596	-2.333317	-0.997994	0.517682	0.910653	-0.811433	-0.322468	0.492439	-0.414729	-0.569505	-1.457142	0.314770	2.149375	-0.277620	-2.920328	-0.406542	0.297375	0.160390	-0.901231	-1.070487	0.462933	-0.520045	-0.499812	-0.966525	-0.015316	0.784713	-0.625623	1.096855	2.181004	-0.738640	3.041837	-3.034044	-0.661563	-1.321549	0.323934	0.470358
-1.027508	-1.525445	-0.421770	1.523863	1.636733	-0.596859	-2.528674	-0.128599	-2.220117	-0.670560	-0.281604	0.180293	-0.602672	2.010985	-2.006952	0.269156	1.821186	-1.722063	-2.299263	-0.626339	2.056545	-0.735104	1.730230	-0.561333	-0.158289	1.243795	-0.457651	-0.304212	-0.248664	-0.975931	-0.805861	0.000309	0.673366	-1.871442	0.747919	-1.315429	-1.933927	-1.222908	0.182176	1.325313	-1.537700	-1.403661	-0.065320	-0.009304	-1.988373	-0.492202	0.287573	-1.190866	-1.287059	2.366168
1.118962	-0.052134	-0.590404	0.494332	-1.172526	-1.769265	1.097100	-2.914905	2.287504	0.646847	-0.550553	-0.580878	0.419047	-0.863062	0.344248	-0.850361	0.213409	-1.129777	0.099449	0.823042	0.259467	1.403210	-0.518650	0.204829	1.487612	0.382772	0.244983	2.593142	1.309264	0.207572	1.704630	0.059787	0.208294	2.067993	-0.147952	-2.343810	0.204741	-1.065278	-0.675140	1.884514	0.418065	0.106152	-0.930727	1.644444	1.326009	-0.356182	-0.701289	3.308657	-1.346164	0.448306
-2.153414	-0.324828	1.282670	0.451828	-1.380847	0.073496	0.211880	-1.417720	-1.640824	-1.070364	-1.805029	-0.491771	-0.519674	0.731665	-3.363335	0.024314	0.973667	2.927855	-2.250534	-2.006087	0.771634	1.792551	2.649145	-1.488957	-1.034055	-0.272382	-0.038340	1.400436	-0.450348	2.711297	-1.242370	0.422193	1.585124	0.397469	-0.560622	0.997819	0.018689	2.087465	-1.070468	0.304232	0.627164	-1.440941	-1.070628	-2.058320	-1.941305	0.121748	2.862229	-0.866429	1.079653	0.900182
1.274788	1.757917	-0.128983	-0.538971	2.406103	1.171517	2.035199	0.794212	-0.626610	0.876493	-0.990752	-1.688139	-0.199130	1.995591	-1.546171	0.974788	-0.222570	-1.421552	-0.209950	-2.679693	-0.104201	-0.857544	-1.135156	1.331859	-0.057369	2.736374	-2.505177	-1.300736	0.383527	0.120291	-2.199057	0.075002	-1.536939	-0.407765	-1.394623	0.637759	2.548309	-0.474358	2.404712	-0.904765	2.023027	0.579737	0.865442	1.387605	-0.664992	-0.059411	-0.921483	1.499691	-0.885818	-0.480311
0.671518	-0.239483	-1.869951	-0.403172	-1.127645	-1.838155	0.803069	0.650728	2.361537	-1.728342	1.600208	1.727730	-1.048779	0.133073	-0.909083	-2.506125	0.266922	0.771449	-0.833520	-1.052297	-0.867350	3.234960	0.693597	0.926961	-1.157110	1.879515	-0.099591	3.233851	-0.548609	-0.046697	-0.385377	0.547054	-1.760806	2.610798	0.171831	-1.892465	-0.392391	1.311576	-0.046392	-1.049613	-0.904130	0.785253	0.111958	0.338760	-0.462647	0.462505	2.329740	-0.507285	-0.032122	-2.580183
3.446334	1.973672	0.121350	-0.222421	-1.194671	2.889884	2.774796	-0.553658	0.721248	1.287302	1.188834	-0.143822	-0.013759	-1.838241	0.540789	1.951089	2.098851	-0.998284	1.546375	-2.152546	-0.954650	1.004149	-0.156880	1.399757	-0.086507	-0.053614	-0.635167	2.389765	-2.071114	1.154804	1.640677	-0.327300	0.768930	1.575688	-1.721702	-0.866441	-1.646078	1.820478	0.090820	-0.231351	-0.105931	-0.182913	0.458093	0.778338	2.003377	2.722867	1.476198	-0.210623	-1.746216	0.409198
-0.396054	1.842131	0.169459	1.942523	-0.117563	-0.625158	-0.143465	0.722497	-0.471001	0.143752	2.847278	0.757718	-1.765759	0.728272	-1.189738	-2.058099	0.276265	-0.387769	-1.053623	-0.367686	0.619427	-2.023221	0.539251	1.931397	0.879972	1.867908	1.551984	-1.354219	3.546177	-1.452251	-0.524128	0.429921	0.628059	-3.447267	-2.282570	0.319996	1.985687	0.739947	0.462581	-0.472631	-0.409991	3.075414	-0.720552	2.302389	-0.950068	0.543058	0.536688	1.609375	2.371039	0.650317
-1.354443	-0.254239	0.291637	0.073999	0.817037	-0.532092	-0.366211	0.274618	-1.599830	-0.908119	-1.980432	0.029546	-0.087655	-0.763698	1.884810	0.031496	3.046038	-2.146166	0.381485	-0.066542	-0.455781	2.613021	1.414311	0.809455	-0.974520	-0.830122	0.258927	1.155019	-1.841305	-0.073586	1.746128	-0.459692	3.464078	1.101707	1.233817	-0.719963	-0.387744	-0.055708	0.419527	0.455222	1.659107	-2.100161	0.210269	0.774763	-2.023832	1.955814	0.504644	0.755330	-1.266211	0.856620
2.741049	-0.504864	-0.954062	0.068313	2.115590	1.774109	2.248252	-1.036741	0.939821	0.180743	-2.589302	0.080999	-0.240090	0.030723	1.034288	1.807194	0.696231	-1.175989	0.595246	-0.284092	1.248058	-1.340269	-3.055527	-0.050642	2.441118	-0.828872	1.019895	-2.134055	0.670526	-1.469218	0.292341	-0.146666	-0.718611	-1.184420	-0.421625	-1.356137	1.920165	-2.136758	0.525952	-0.614665	1.093334	-0.609782	0.667853	1.341303	-0.187175	1.001106	-2.431552	0.960165	1.681506	0.127798
-1.351525	-0.853476	0.377733	0.099009	-1.292708	-0.529843	-2.420943	0.016802	-0.316621	-1.000423	1.648908	2.600160	-0.262642	1.443473	-2.631857	-1.289735	0.815687	0.778939	-1.264716	0.210076	-1.534447	-1.355115	3.466703	-1.389432	-1.332772	-0.545767	-0.025273	-0.786083	-0.444829	1.155123	0.346259	0.599942	2.531869	-1.559065	0.056023	-0.152348	-0.176619	2.051952	-0.313303	-0.006644	-0.742184	-0.141600	1.416451	-0.125892	1.970115	-0.577643	2.261349	0.107960	-2.571727	-0.091326
0.052238	0.945719	2.441007	1.658028	1.510314	0.867661	-0.196734	2.991339	0.226845	2.315198	-1.788579	-4.026420	2.762905	0.337512	-0.500949	0.174642	-0.772209	0.158811	1.122678	1.772844	-0.992824	0.147929	-0.452029	-1.389258	-2.078978	1.831272	1.302999	-1.863797	3.898371	-0.289460	1.654576	-1.754378	-1.045268	-0.004834	-0.063307	1.458128	3.225763	1.646711	-0.119541	0.643752	-0.334950	2.061654	0.719137	-1.162643	-0.854822	0.535525	0.866201	-1.274022	3.712251	-0.719107
-1.076136	0.222406	1.198976	0.363618	0.040296	-0.328772	-0.907574	-0.148732	1.697304	-0.492098	-0.129306	-0.363122	-1.780184	-1.124475	1.360820	-1.711482	-0.515554	2.217604	0.255087	0.693980	0.720407	-2.520167	0.801477	1.649334	0.043666	-0.027799	0.946886	-0.460362	1.505280	0.528801	-2.676889	0.338531	2.265228	-2.282059	-0.916973	0.748385	0.544913	1.372977	-0.661478	1.958368	-0.057714	0.925818	-0.505705	-0.473949	0.239489	-0.954129	-0.237746	0.561701	2.066958	-1.240393
0.434359	0.507622	-1.447194	0.056263	1.929995	0.262403	0.960553	1.190130	3.137842	-0.606136	-0.399108	-0.998201	1.946892	-0.298039	-1.394307	0.256872	-0.283775	-0.194056	-0.815831	-0.599948	-0.751880	1.095255	0.489145	-0.911803	0.506136	-1.133632	1.130261	2.161898	-1.466669	-0.987097	1.924472	-0.941933	-1.044645	0.720601	0.576593	1.360285	-0.043935	0.948704	-1.160808	0.435822	-0.698919	0.926665	1.115966	-0.226077	-1.567679	-0.127951	-0.562534	-0.487459	0.396083	-0.773040
2.132430	-0.759323	0.041590	0.372339	-0.985731	0.081882	2.527749	-0.892039	-0.356580	1.316626	-0.707548	-2.038617	1.150270	-0.148908	0.157259	-0.214182	-1.064437	0.505710	1.005284	-0.453040	0.068426	2.152530	-1.001972	-1.465540	0.511146	-0.774679	0.397114	0.851016	1.426586	-0.955406	-0.981422	0.678475	0.496384	2.120427	-0.143356	1.770554	-0.022972	2.098057	-0.452724	0.574243	-0.229594	-0.021728	1.348911	-0.273521	1.432635	-0.279489	1.279668	0.033958	-1.184416	0.643784
0.952199	-0.294671	1.216110	0.601543	-0.496071	0.200163	1.171961	0.550707	2.676687	-2.325948	-0.061916	-0.213800	1.318147	0.184185	-1.081547	-1.388729	1.138833	0.805603	2.025622	-0.611205	2.474788	-0.596276	0.431965	-0.670412	1.942927	1.692946	0.238191	0.404060	0.139149	-0.563342	-1.551213	0.115890	0.361547	0.892063	-0.630787	-0.759233	0.747770	3.869547	-0.255317	0.288240	-1.414804	0.569996	1.812193	-1.971199	0.023773	-0.836884	1.923201	-1.125065	-1.153342	1.001309
3.638579	0.263643	0.170213	3.176778	-0.375480	-2.825446	3.786791	-0.447456	-0.049248	0.445641	-2.833729	-0.175051	0.523645	-1.451610	0.053246	-0.711887	0.106176	-2.725408	-0.793739	0.680875	-0.864936	-2.695337	-2.479821	-0.183286	1.058164	-0.304117	0.545994	-1.464517	1.404941	-1.088133	2.883959	-0.557601	-0.794793	-1.948423	1.643058	1.412409	0.116408	-0.834308	-0.137244	-2.023886	-1.168291	-0.045976	0.819919	-1.608057	-2.138370	-0.025800	-0.760660	-1.485252	0.455317	-0.130472
-2.201496	0.351042	-1.816498	-0.410021	-0.421413	-2.079116	-2.174311	-0.638214	0.567139	0.623850	0.915009	2.486048	0.403304	-0.055661	-0.447968	-0.388207	-0.222584	-1.708588	-0.963036	-1.961772	-0.948231	0.956945	0.093812	-2.133482	0.576351	-1.344732	-0.786304	-0.000108	-2.756128	0.268605	6.268464	-1.506388	-0.636167	0.471444	2.483682	-1.629223	-0.490789	0.725483	-0.408018	0.677309	1.832526	-2.416702	-1.677328	0.579263	-1.117907	0.242929	-0.205669	-0.694361	-1.472612	0.227124
1.994506	-0.895068	-0.525487	-1.056710	0.094635	-0.708662	2.285767	1.521194	1.585453	-0.435719	-0.501603	-0.346812	-0.115720	1.332890	0.880551	0.184306	-0.136645	2.054660	0.563759	0.573683	1.600776	1.689147	-0.911628	0.027694	1.617107	1.173473	0.661833	0.697574	-0.171971	1.779680	0.653303	0.440113	0.874311	0.717947	-0.184089	0.475569	1.047794	0.344523	0.729906	-2.384440	1.028449	0.323493	0.425627	1.111491	-1.596860	0.485099	-0.428826	3.220045	0.102560	0.300529
0.059399	0.175021	-0.550751	0.445336	-1.686335	-1.326271	0.581106	-1.722140	0.056423	-0.353568	-0.420767	-2.065435	-1.122448	0.799767	0.773905	-0.520553	-0.278482	-2.241909	-1.779131	1.252616	2.492596	-0.611921	1.093307	0.333562	2.013914	0.620899	-1.347802	-0.426759	0.436957	0.784992	-0.651621	1.138610	4.219449	-1.941926	-0.526511	0.023360	-0.086322	-1.172051	0.830907	-1.551401	0.764675	-1.868402	-1.374125	0.732005	-0.264980	0.508608	-0.522415	1.767559	0.658990	-1.396081
-0.533505	-0.038611	0.291486	-0.146089	-0.167625	-1.512028	-1.283770	1.753467	0.856380	-0.062891	-1.738891	1.224760	1.709647	-0.782500	1.521630	-1.298105	1.431608	0.729184	-0.562872	0.755458	-0.064365	0.793745	1.567155	-2.984016	-1.740730	-1.684067	1.416093	0.195694	0.066218	0.871050	-1.291884	-1.301838	-2.072027	-0.991501	1.356154	0.515942	-3.563522	2.338663	-0.609454	-1.199040	0.350034	0.605798	0.977456	-0.172743	2.850128	3.592571	2.648304	1.175155	-2.037157	0.627960
-0.607985	-1.071463	0.446627	1.603766	-0.214286	1.340662	-0.928711	1.768326	-1.523063	-0.192280	-0.742474	0.429895	-1.111263	0.811567	-0.172920	0.002213	-2.803690	-0.392405	-1.391775	1.413881	-1.922129	0.644811	-0.364115	-0.783629	-1.872027	-2.031789	-1.103799	2.021999	2.313748	0.292268	-0.327355	0.696453	-1.889487	1.004555	-1.086888	1.077850	0.879009	0.471753	-0.155802	1.640617	0.348444	1.797684	0.218150	0.623825	-1.777936	-0.983645	0.349708	0.276997	-1.393580	-1.153072
-0.680188	0.885137	0.172592	0.317971	0.670452	-0.728983	-1.006837	1.410766	-0.202954	-1.505598	-0.163539	2.382788	0.211713	-1.012630	-0.317836	-1.288471	1.441984	-0.183397	-0.000239	-0.852148	-0.253201	-2.209913	1.780355	-1.152743	-1.505527	-0.551614	-0.724678	-1.243912	-4.420818	-1.696291	-0.690006	0.924498	-0.110321	-1.190946	-0.302609	-0.915738	-4.032839	1.444773	-0.049513	0.120579	-1.516970	1.468424	0.306087	-0.556626	0.099580	2.411092	1.749672	-0.431111	-2.650910	-0.593385
1.295104	0.448956	0.912247	0.534497	-0.341652	-0.510382	1.231019	-0.212403	-3.111739	-1.049691	-0.093051	-0.221910	0.545617	1.276453	-0.485577	-0.964779	1.979707	1.585353	1.165719	2.195494	1.726328	-1.037449	-1.425885	-0.904125	0.008509	0.173527	1.347109	-1.982230	0.260954	0.657630	-3.076509	1.809388	0.410242	-1.267369	-1.073554	-0.815708	1.818254	-0.387153	0.340525	-0.152431	0.135990	0.310788	-0.278548	0.475374	0.314336	3.263720	0.396059	1.999781	2.071110	0.118319
