X33	X40	X8	X45	X21	X36	X19	X32	X16	X38	X1	X30	X25	X43	X26	X29	X47	X18	X28	X24	X2	X31	X48	X4	X27	X3	X35	X42	X13	X22	X41	X15	X37	X6	X14	X23	X10	X39	X11	X12	X7	X46	X50	X17	X9	X5	X44	X20	X34	X49
1.269258	1.265390	0.373888	0.545477	1.835215	1.635780	2.092760	-0.415238	0.056447	-0.187226	-0.028531	4.732499	0.334265	-0.439058	-0.303700	0.647550	-0.644668	0.117938	-0.674394	2.026123	0.441928	-0.428212	0.572345	-1.135913	0.725134	1.400034	-0.340978	-1.593927	-0.882643	0.622899	0.211222	-1.814169	-0.848609	-1.878252	-0.484000	0.080612	0.491457	-0.189052	-1.308901	-1.682965	-0.157593	1.612589	0.281845	0.482955	0.720495	-0.910384	0.275715	1.680060	1.711138	-1.211004
1.227961	-1.954147	0.517262	2.668575	0.166574	1.745112	2.464866	-0.638093	0.787381	-1.027308	-0.687774	-0.965417	2.289280	-0.985879	0.095069	-0.482715	-0.622411	0.354837	1.045304	-1.372353	-2.127775	-0.469929	1.034031	0.152237	0.559499	1.597278	-1.063954	-1.778948	1.986753	-0.274686	1.653361	-0.668525	1.951703	-0.919163	0.121877	0.198567	-0.382925	0.585954	-0.375631	-0.073541	-0.112274	-1.566265	-0.582627	0.732096	-0.873538	0.392129	1.003652	-0.191362	1.291391	-0.381056
-0.022317	-0.247181	1.720276	2.179385	0.591965	0.945160	-2.136132	-0.348649	0.751526	-1.898384	-0.685286	0.934367	0.525174	0.502758	1.972613	-1.067801	-0.713749	-0.768330	0.436907	-0.575475	0.022855	0.586086	-1.420874	-0.694218	1.938358	-1.053583	-0.908356	0.680929	-2.807817	3.281503	-0.456031	-0.921780	0.805289	1.025022	-0.583500	-0.040774	-1.913519	-3.610828	-0.836632	-1.541979	0.260248	4.719440	0.114263	-0.177044	1.053226	-1.595147	-0.388743	-2.051329	0.444469	-1.078319
0.904623	-0.595915	-0.376059	1.843423	1.998213	0.788253	0.573551	1.238406	1.717712	-1.777763	-0.787699	-0.686008	-1.520660	-1.227892	-0.382755	0.437915	-0.523340	-0.684589	-1.106689	-0.366166	-0.246043	-0.572840	-0.248383	-0.996535	-0.295341	-2.433655	-0.328057	2.446347	0.077388	0.804855	-0.102361	-0.053500	1.339101	-0.310864	0.143229	-0.755769	-1.400652	-1.252036	-2.471161	-0.440783	-1.500757	1.185884	0.567726	0.712037	1.716572	0.386640	-1.803203	-0.163044	-1.386418	1.932867
-2.631610	0.638499	-0.646970	-1.729730	0.729158	-0.411235	0.105518	0.776994	0.055752	-0.835668	-0.861288	-2.699725	-1.332885	0.704811	1.907368	-0.825377	0.971778	-0.288867	-1.084082	-1.316641	2.089656	-1.581705	-0.969929	0.070120	-1.036844	0.414545	-0.274297	2.390237	-1.653544	-2.707243	0.743887	-3.807249	-2.195440	2.019107	1.006465	2.413103	-0.969322	2.745543	-0.208500	1.887539	0.104122	-4.708024	-0.445500	1.027968	0.784651	0.182981	-2.441978	-0.134948	0.812566	-3.071287
0.683331	1.317322	-1.816980	-2.761626	0.137454	-0.588960	3.915640	-2.747351	0.696016	1.744075	-1.347459	-0.076419	1.369071	-1.408116	0.463259	2.174420	0.989381	-0.111270	-1.561690	1.269029	0.919528	-0.228784	-3.104476	0.354514	-0.829048	-0.194696	2.086358	-2.534932	0.135793	-0.308619	-1.631042	-2.104637	-3.671242	-1.507271	1.978033	-0.060821	-1.470819	0.458394	-3.342342	1.904106	-0.731600	1.332608	0.355026	3.342677	-0.573130	-0.042934	0.012671	-0.586550	1.004740	-0.644381
1.332564	-3.303534	0.937193	-0.100399	1.762198	1.427923	4.861686	-0.680620	1.240124	0.880197	-2.578728	1.163101	1.888491	2.433242	-0.544898	-0.166412	2.025125	0.955112	0.667111	-2.142709	0.841074	-3.112640	-1.232845	-0.635102	0.958533	-3.486625	-0.776226	1.521226	0.845298	-1.256150	2.457708	1.465283	0.482919	-2.327338	3.266061	1.020756	2.647314	-0.208577	-2.238305	-0.157067	2.514521	-2.706924	1.748535	3.861466	-0.117929	0.077593	-0.621673	-1.339167	2.092747	2.188702
-1.264967	0.297837	-0.515743	1.096201	-1.919450	1.284207	-1.784377	-0.995001	0.583957	-0.866162	4.054478	-0.875988	-0.172021	-2.172306	1.988989	2.280718	1.631046	-1.427032	-0.864941	4.083875	1.934038	1.711089	0.613321	1.031179	-1.576211	-0.976926	-0.423504	-1.186934	-0.428320	-1.788411	-1.762941	-0.381263	2.122673	0.444304	-3.027475	0.145537	-0.360489	0.824555	0.831876	1.992267	0.061482	0.122347	-1.880969	-1.605651	-1.705109	2.119617	1.909438	-2.942772	-1.013389	-0.591345
0.126849	-0.705097	-1.864995	0.896410	-0.524316	-2.290392	2.596342	-1.188375	-0.756728	0.429668	1.238324	3.187395	-1.910301	1.898080	-2.399101	1.433804	0.367778	1.783558	-0.905359	1.298840	-0.127218	0.724266	0.808418	-1.651023	-1.884693	-2.902882	0.350651	-0.628222	-2.473399	1.474332	0.684824	-0.936754	1.759834	-1.186098	-0.492424	2.005178	0.860229	-1.987274	-0.885020	-0.429951	-1.393001	1.157315	1.010719	0.598971	0.094516	0.514838	-0.433881	-0.199895	0.806914	-0.278713
-1.026573	-0.090568	-2.447086	0.160176	-0.831169	-1.425663	-0.095253	-0.248559	-0.121152	-0.501743	1.666013	-1.399355	1.125719	-1.284614	-1.282557	0.051209	-1.025137	0.195329	0.340690	0.391728	1.040391	2.070429	-1.656566	0.843746	0.044323	0.351235	1.299805	-2.203327	0.243984	0.758693	-1.778611	-0.315862	0.413269	-2.084887	-1.315545	0.361885	0.067158	0.003812	0.180170	-0.273848	-0.719817	0.673694	0.263244	0.243882	-1.030438	-0.747762	1.952248	-2.251139	-1.061966	-0.994130
-1.397082	-0.858815	1.110547	-1.104874	0.426272	2.233209	1.873328	-1.361474	0.820668	0.885187	0.700858	0.133827	1.017650	0.800736	2.544668	-1.957833	-0.103667	1.594906	-0.285299	-0.861298	-1.210703	0.092772	-2.103848	0.568743	-0.880922	1.441959	-0.118571	0.824658	-0.295976	0.401894	2.223953	-1.014534	-0.064207	-0.767603	1.258398	-0.569095	0.136597	-0.032447	-0.052066	-1.307838	-1.129398	-1.136701	-0.138118	0.108379	0.579727	-0.461194	0.589486	-0.637167	-0.583525	-0.429863
0.173379	-0.959016	0.481156	1.272983	2.678801	-0.544538	1.745652	-1.086063	-2.435222	0.044384	0.621397	-2.922080	1.441968	-1.535890	-2.090391	-0.481065	1.019315	0.539921	-1.328685	-0.000532	-0.176082	-0.037917	-1.037076	-0.254369	3.801438	0.416642	1.044107	0.647729	-0.572685	-1.330329	-0.009740	-1.368782	0.201066	-1.186373	-0.280404	0.686911	-1.039484	2.362389	1.346747	1.215201	0.100465	-2.647746	0.917876	0.753410	2.654867	0.367636	-2.645612	-0.303615	2.162396	-2.208945
-1.930083	-0.555190	0.696574	-2.111500	-0.817535	-0.680046	1.784027	1.941099	1.098169	0.257467	-0.169949	-0.429985	-2.552603	-0.051153	-0.892939	-2.334212	1.224073	1.358693	0.469590	-2.138340	0.780496	-1.028002	1.388922	0.459984	-2.447786	0.715309	-0.781240	-1.320554	1.605272	1.477362	0.345542	0.643614	-2.577643	0.080418	1.242444	0.349271	1.778101	-0.573428	2.404262	2.026989	-2.285358	1.678404	0.326324	1.195488	2.050414	3.076074	-0.297694	0.959180	-0.177709	-1.229671
-1.341423	2.472229	1.121335	-1.468402	0.022888	-0.366798	1.160595	0.358271	0.804925	-0.252879	1.136227	-1.078561	1.568500	-0.383788	-2.111043	2.225782	0.951781	-2.049806	0.960491	1.881213	2.804582	0.755199	0.858821	-0.378587	1.605868	1.263370	0.844897	-0.119195	-1.588810	-1.888124	-1.774091	-0.068940	-0.592236	-1.335573	-0.738429	0.010048	-3.949574	1.772450	-3.305584	0.806989	1.270770	-1.085884	-1.173106	1.969823	-1.444706	0.865639	3.028917	-0.282399	1.596527	-0.241089
1.384992	1.335618	-1.026693	0.020517	-0.744468	0.824554	-1.195830	0.321090	-1.148006	-1.562661	0.913669	1.399532	1.560046	0.928179	0.307542	1.881154	-1.120179	0.634941	0.015730	1.566286	0.104981	0.168114	2.738517	0.721250	0.798223	-0.065189	-0.501816	0.172305	0.923211	1.533970	0.810969	-0.521124	-0.611525	0.217666	-0.892950	0.627222	-0.226816	-0.024495	0.338416	-0.056204	2.661066	-0.287206	0.476523	-0.667261	0.154594	0.783878	0.330160	-0.904231	-1.694738	-2.148568
0.451924	1.175588	-1.325609	0.022093	-0.943892	-1.049397	0.102504	1.312412	2.722015	0.832224	1.799353	-0.769816	3.309626	-0.371052	0.620191	-0.560129	-3.411917	0.421482	1.284745	1.159479	0.095840	2.111616	-1.151903	0.624634	1.782705	-0.648993	-1.357806	2.266721	0.204070	3.750788	0.684952	-1.184100	1.600205	-1.186365	-1.583938	0.170358	0.652174	-1.158658	-0.310544	-1.838949	1.038356	2.435993	0.948049	0.037732	-0.111267	-1.256832	0.508219	-0.325719	1.050080	-1.134432
-0.099805	1.442587	-0.226164	-2.465337	-0.184263	-0.582136	-1.871094	1.459647	-0.957865	0.773756	1.320639	-1.306251	-0.247331	0.561390	-1.389635	3.530242	-0.606625	0.232503	0.988832	1.577843	0.335353	-1.869959	-1.163426	0.225406	0.190170	1.458974	-1.086742	-0.298090	-0.181954	-2.556255	-0.484507	-0.791324	-0.350194	2.088637	1.199074	2.411064	1.873542	3.442224	-3.953242	0.092699	0.766052	-2.948421	0.582801	-1.175352	1.400725	0.801988	-2.441534	0.518881	-1.129336	2.018375
-0.014549	-0.286495	1.102546	2.582910	0.913913	-1.879388	3.570338	0.314517	1.005057	1.796968	-1.807646	0.810205	1.098584	0.625016	0.744436	0.658652	1.230137	0.148979	1.188356	-2.123607	1.233629	-2.167729	1.160773	-0.124186	-2.138866	1.211912	-0.519646	0.950075	-0.586418	-1.110739	1.456196	-2.085813	3.551231	-0.500856	2.698710	-1.008140	0.650815	0.320218	-2.414134	0.283028	0.161150	-0.662070	0.302167	3.035481	-0.476920	0.361013	-0.442161	1.666171	1.936922	-1.814853
1.029657	-0.045558	0.421225	-0.576545	1.839586	-1.284270	-1.597520	-1.810371	2.234993	0.078153	-1.716379	0.558300	-1.989572	0.889491	0.316656	-1.115066	0.641284	-0.314333	1.772686	-0.529089	-2.192589	-0.618790	-1.059367	-0.198441	-0.808122	1.341855	0.177280	-2.345530	-0.616695	0.667640	-0.124990	-0.361794	-0.136873	2.310474	2.053835	0.388279	1.216675	-0.034495	-0.294708	0.783769	-0.602004	0.790694	1.209211	-0.122489	0.226876	1.237097	0.550245	1.041008	-0.847467	-3.480092
0.287854	0.261939	1.394644	-0.213524	1.534416	-1.287436	3.904664	0.098458	0.710839	0.418394	1.865030	-1.019051	2.499160	0.096002	0.751914	-0.891770	2.386028	0.800277	-0.099247	1.889641	-0.253432	-1.080165	-0.816426	-0.707565	1.234141	-0.076294	-0.516251	-0.624878	-0.621316	-0.817883	0.872721	-0.963455	-0.633292	-2.854968	1.118212	0.063578	1.388937	1.534142	2.915421	0.874401	1.042815	0.041912	-1.862077	3.151051	1.245074	-0.217791	-2.196191	-0.241828	1.625415	-0.358488
0.844636	-0.465781	1.202612	1.006639	-0.411044	0.109098	1.136362	-0.585362	-0.965342	1.131416	-0.644962	-0.305724	-0.518380	1.966827	-0.839792	-1.114872	-0.652449	-0.001572	-0.319903	-0.668350	-1.551183	0.917196	2.387976	-0.840922	0.039684	-0.934478	-0.927887	-2.246068	1.453451	-0.412838	1.559311	-1.058686	1.097208	-1.222676	0.310564	-1.441266	0.249593	-0.370841	0.869161	-0.550686	-1.080957	-0.086190	-2.224278	-0.871338	1.013218	2.033779	0.258961	3.641852	-0.094445	-1.091435
1.193288	1.485335	0.885976	-2.556321	-0.376451	-0.038372	0.405336	2.096687	-0.190412	0.756963	0.443591	-1.449828	0.226682	2.754456	0.795723	0.838672	-0.267091	-1.137091	1.285650	0.454770	-1.707929	-0.065702	-0.271507	2.228739	-1.257355	0.562471	-0.383297	2.576088	1.493913	-0.130101	0.674875	-0.616237	-2.396827	-0.876330	0.194437	-0.971801	0.868506	-0.085644	-0.755461	-0.813054	-0.121017	-1.324590	-0.428249	0.507510	1.708986	-0.622953	0.517612	0.500606	0.017523	0.789841
-1.684183	-0.303670	1.314101	0.980966	-0.584036	-3.077019	-3.924744	-0.541065	-2.343083	0.444156	0.291329	-3.501775	-0.461175	0.653186	1.399981	1.039115	2.166583	-1.434824	-1.351489	-0.119370	0.402062	1.426508	0.978789	0.465481	0.346056	2.713541	-0.140477	-1.149128	0.508943	0.489897	-1.757641	0.649179	3.395712	2.246138	-0.643370	0.336630	-2.201813	0.574860	-1.996660	3.637699	0.708698	0.084461	-0.817197	-3.135140	0.728755	0.855766	-0.174198	-0.013291	-1.417750	-0.161766
-1.514505	-0.416919	-1.065748	-0.577020	0.315758	1.693350	-1.912413	1.112014	-1.602825	0.963041	-0.114878	-0.161434	0.733949	-0.092368	0.582586	-1.625849	-1.369310	0.367356	0.230086	-2.090271	0.719287	-0.256616	2.259792	-0.648818	2.021638	-0.654158	0.516720	0.953358	-1.089394	-1.436424	-0.993198	-1.303128	0.044303	1.492895	-1.148484	-1.977547	0.663331	0.498758	1.809932	-1.455064	0.603302	-0.786784	1.390684	-1.781807	0.433810	-1.569574	0.051515	0.319591	-2.601868	-0.061301
-1.853671	-0.604665	1.345679	-3.297042	-0.003624	0.472437	2.120292	0.164731	2.254966	-0.445908	0.590448	-2.394361	-1.049917	2.628961	-1.325100	-1.201659	-1.608082	-0.169356	1.156766	-0.535894	1.421818	0.342275	0.637510	-0.548254	0.013340	-0.276902	0.239138	2.048190	-2.428631	2.086423	-0.370475	0.247841	-3.359373	-1.274932	-0.763828	0.240021	0.310578	-1.803386	1.164501	-1.753596	0.066220	-0.438476	-3.442198	0.051916	-0.647406	0.350191	1.744581	-1.128684	1.455894	1.065798
1.647999	-1.860463	2.117563	-2.260874	0.903832	1.703006	1.688808	1.022695	0.288374	0.609730	-0.144366	-2.359162	2.067176	-2.047183	0.698769	0.165535	-2.700680	0.227678	-0.097543	-1.030683	-0.076502	0.483983	1.152896	-0.694536	0.663238	1.664640	0.114209	-0.082272	0.913880	1.388504	-1.903165	-0.244445	-0.716286	-0.789159	0.205056	-0.476775	0.416593	0.810615	0.778446	-1.373366	0.323477	1.325091	-0.158991	0.903209	0.457061	-0.374280	-0.947246	-0.054612	0.023524	-0.767565
1.588902	-0.494110	-0.171944	0.984594	2.009565	1.250399	-0.211755	0.770042	2.357619	0.600241	-0.895123	0.977986	-0.981683	-1.567042	-1.430910	2.015937	0.641341	1.039244	0.752828	-0.319906	0.696337	-2.234244	-1.988225	-0.571466	-1.302683	-0.270396	-0.967174	-0.876198	-0.557741	0.401554	-0.454351	-1.621547	2.074802	2.179466	1.518094	0.657355	-0.171250	-0.240657	-2.963441	-0.702582	0.263960	0.185180	1.626776	0.197352	1.930694	-1.044646	-1.668064	-2.504551	2.203446	-0.506565
0.734775	-0.017667	0.381581	0.296988	-1.053163	0.929689	-1.029235	0.724956	0.212486	-1.350555	2.859870	-0.585010	-2.750029	0.196963	-2.099127	2.144283	-0.742757	-0.879852	1.431170	1.256105	2.804784	1.078102	-3.101726	0.586599	-1.518551	-1.584871	-0.041542	2.896077	-0.491135	0.723354	1.943011	-2.357082	-1.118507	1.126349	-1.187214	-0.271638	0.918787	-1.154388	-4.211781	-1.491669	-0.924175	-1.161065	0.085446	-0.536468	0.041818	-0.103881	1.956649	0.973469	-0.012970	-1.024377
0.896998	1.560202	-0.149406	-1.909896	0.956280	-1.013164	0.424106	-0.047802	-0.269817	0.019831	0.200009	-1.094282	-1.102472	-0.314768	0.515933	1.096886	0.322830	2.026840	0.603606	0.289295	0.344483	-0.814232	-1.083706	-0.889620	-0.800370	-0.106563	0.582317	1.664529	-1.151969	-0.133932	1.741759	1.722288	-2.297238	0.231541	2.130515	1.883922	2.696747	0.936201	-0.736352	-0.147780	-0.298079	-1.463490	2.627855	1.517905	0.332690	0.998495	-0.416372	1.480699	0.357156	1.706686
0.081680	-0.326637	1.344007	0.069294	-1.433558	1.066903	-0.105316	0.164975	0.656156	-2.469739	-0.117231	-1.971260	-2.711688	-0.334343	-0.832667	0.481616	0.255509	-1.568655	-0.025271	-0.397260	1.141694	-0.344212	-0.222812	0.896460	-2.735155	-1.854676	-1.793821	1.332704	1.034618	-0.527422	0.433879	-3.515402	0.016748	2.713637	1.594933	0.123049	4.361008	-0.529630	-1.575845	-0.232918	-0.140021	0.307048	-0.545153	-0.041799	-1.068163	-0.865731	1.505528	-1.832470	-0.708969	-2.732511
0.630784	0.783541	2.519744	1.018976	-1.493971	1.729681	-3.811280	0.592061	0.236097	-1.728262	-0.076709	-0.942545	-4.560570	1.742100	-1.307355	0.342424	0.850870	-1.917805	-0.758903	0.329426	0.737902	0.172144	-1.342497	0.223561	-1.586583	1.235518	1.033969	1.384976	1.063906	-0.518533	0.902470	-2.689493	-1.005157	4.246573	0.311915	-0.670565	1.048544	1.542568	-1.431037	1.197370	-0.618558	-2.387850	-2.049987	-2.206356	-2.007859	1.244223	2.414043	0.601335	-1.173145	-2.912389
-2.670389	-1.020760	0.603555	-1.115376	1.656561	0.065597	1.026123	-0.430944	-0.218978	1.614699	1.370285	-2.043487	2.275379	0.454204	2.147079	0.814952	-0.115534	1.068997	2.609301	0.719744	1.863544	-0.995185	0.547937	-0.828186	1.572938	0.472452	-0.315963	-1.261113	-2.380724	-0.433627	2.377700	-0.204156	-1.117038	-1.041072	-0.690800	-2.012465	-0.001545	0.343934	0.011783	0.451850	3.084472	-0.148569	0.059655	0.060471	1.067832	-0.408564	0.417524	0.777638	1.965602	-0.349820
-1.187429	0.195079	1.040013	1.069381	-0.113220	1.843100	0.875239	-1.325686	-0.385571	-3.044763	0.620588	0.148551	-0.102333	0.931572	1.144406	0.491865	0.197872	0.159010	0.319486	1.027903	0.932048	-0.285041	-2.391698	-1.537220	-0.590744	-0.110495	0.253922	-0.186616	0.197700	2.202869	-0.660063	-0.402785	-0.112599	0.636049	0.802230	-0.625813	-0.516974	-2.112793	-1.330521	-0.457958	-1.224617	0.547913	0.118350	1.398307	0.587954	0.542506	-0.567963	1.090571	-0.242700	-0.227831
3.665887	3.064614	0.299772	-1.099805	-2.397883	2.243880	-3.248686	-1.108134	-0.622196	-0.957124	-1.720309	-1.278830	-0.771680	1.519043	1.544638	0.893782	0.069410	-0.017074	1.135851	0.861978	-3.142421	1.241203	0.459433	1.577837	-1.591476	-1.516748	1.294141	2.638618	0.450543	1.126415	0.334090	2.118558	-0.286590	0.633890	-0.143421	0.501521	-2.178605	-0.938985	0.421672	0.522616	0.122351	-0.529189	-1.409196	-3.356881	-0.563676	1.843047	1.856891	0.354634	-1.147177	1.332583
-1.362152	-0.406273	-0.741605	-0.469144	0.021580	-0.299033	5.298771	0.245648	1.579675	3.771156	-3.090048	1.345049	2.483249	0.054428	-0.729216	-2.317533	0.119212	1.005877	-0.324006	-2.899852	0.949033	-1.986327	0.700182	-0.398054	0.151718	2.366014	-1.590126	0.256167	1.099899	-0.417407	0.593976	-0.712631	3.448710	-2.157897	2.172869	-0.927964	1.572657	1.191033	0.698575	1.925224	0.660561	-0.267394	0.471740	3.454149	-0.665974	1.757786	-1.178642	0.354055	0.970989	-1.522970
-0.103349	-0.792012	-0.543191	0.299264	1.320121	0.506377	-0.747502	0.543119	0.665369	-0.203022	-0.770380	-0.353776	-1.297691	1.404147	0.051220	-0.948103	-0.870467	-0.251993	0.731935	-1.697002	0.357090	-1.110630	-0.116420	-0.837067	0.430896	0.073571	-1.534199	1.793020	0.150420	-0.851828	-2.080811	1.137553	-0.379926	1.559131	0.025500	-1.018030	1.918432	0.998910	-0.510490	-1.915374	-0.624625	-0.837289	1.178596	-0.531404	0.863192	-0.594173	-1.243132	-0.940119	-0.874791	2.947528
0.826715	0.448007	-0.203940	-2.207344	-0.269648	-0.227634	1.125600	-1.434296	-0.810737	1.622609	-0.328674	4.607440	-0.333014	-2.662580	0.578571	1.559690	0.120706	1.476042	-0.518993	-0.808313	1.680131	0.250115	0.969823	0.704004	2.090884	1.655424	-0.354622	-1.623101	0.600106	1.728597	0.614647	-2.117736	0.247162	0.844330	1.217277	0.780543	2.896123	0.016870	-1.840724	-0.505627	0.184438	4.713084	-1.356744	0.254496	0.050338	-0.098678	-0.453067	-1.761248	1.022189	-0.741194
0.012970	1.023371	0.778838	-1.250670	-0.942978	-0.607126	-2.207420	0.757395	0.819997	0.028170	0.780850	-0.704750	0.250455	-1.022280	1.541050	0.798654	1.994560	-0.947675	0.928956	2.216111	-0.297611	0.728062	1.079702	-0.644428	0.008155	0.576565	-0.138916	1.189804	0.957251	0.290803	-1.198410	0.088794	-1.169625	0.235540	-1.318239	-2.746250	-1.172502	-1.006914	1.114538	1.995563	0.982526	0.376885	-0.375156	-1.861911	-0.366458	0.209212	2.006699	0.429790	-1.104797	-0.573802
1.006724	-0.164804	0.451847	-1.021411	-0.347563	-0.289500	-3.822245	0.354345	-0.776595	-0.416403	0.136721	0.152951	-0.901610	-1.398753	-0.875322	0.394755	-0.183023	-2.324569	-1.364531	-1.976951	-1.696610	1.933302	1.771772	-0.224319	-0.299092	-0.289633	0.087898	-1.151186	1.057599	1.316917	-2.244971	-1.003544	-1.043143	2.381182	0.129970	0.338939	1.378168	-0.905572	-2.414875	0.614396	0.397029	1.076288	-1.614245	-1.795959	-0.486636	-0.503665	1.193027	0.620083	-0.764702	-0.153709
1.402387	-0.451492	-0.489437	1.767176	-0.939044	-2.001424	0.177038	-1.870866	-0.616663	-1.414266	0.068977	4.934706	1.257028	2.684187	1.462636	-1.058152	-0.172787	-0.633205	-0.722860	-1.297596	-0.540003	0.962399	-1.228700	0.674476	1.415262	-1.629722	-0.776249	0.581326	0.903230	-2.562036	0.080760	1.747948	1.619366	-0.297485	-1.059212	-0.837575	3.659522	0.732449	0.234760	2.805003	1.605664	-1.995509	-1.223396	-0.473839	-0.654453	1.437025	1.765227	-1.483350	2.505178	1.118937
2.607073	0.127511	-0.587630	2.043353	0.899669	-2.755660	-2.697691	0.357582	-1.284379	-2.642386	0.946590	-0.541259	-0.422974	1.651097	-0.588829	0.596018	-2.945910	-1.035889	0.542049	-0.503473	-1.731914	-1.769981	1.699408	-0.893863	1.836056	-1.538129	0.396315	-0.483117	-0.391539	0.151256	-0.748998	1.953489	-0.632544	0.085643	-1.393692	-0.867612	0.384672	-1.606543	-1.661795	-5.497208	0.537431	0.145946	-0.595620	-2.955802	1.333245	-2.639310	-0.106288	-0.975461	-2.076910	4.631915
-0.170357	-0.877287	-1.963810	1.272810	0.637477	-0.742488	-2.463127	-1.155217	1.200328	2.732686	-1.521986	-0.713105	-3.565561	2.013563	-2.075495	-0.871962	1.128403	1.531035	0.311576	-2.372669	0.463149	-2.449536	2.136177	0.462014	-3.034541	-5.321162	1.395618	0.595068	-1.432288	0.202207	-0.952686	-2.493512	2.437034	2.093954	1.230284	-0.497342	0.929814	-3.600082	-0.578204	0.341320	0.217113	-0.810868	1.430774	-0.915084	1.406042	-1.059419	-3.954763	-1.214390	-0.741475	-3.554121
0.705087	-0.880959	1.354977	-0.806303	-2.270873	-0.439925	1.721890	0.536113	-0.540592	-1.326271	0.786915	0.068233	2.887457	0.094006	0.520988	1.398282	0.991098	-0.478128	-1.177773	0.795598	1.103168	1.315500	0.137730	1.333531	-1.351203	0.113560	1.601129	-0.362670	-1.080888	0.001115	-0.397069	-0.484042	-2.158424	-1.222392	-0.605974	-1.321181	-1.774939	-0.543506	-0.202940	1.217079	1.815286	0.589491	1.115180	0.911111	-0.509518	0.742916	-0.856012	-3.450523	-1.016094	1.162645
-0.203362	-1.416112	1.392562	2.221183	-2.435210	0.400075	0.815307	2.087065	-0.968656	-3.883547	0.333339	2.275728	-0.877081	0.194473	1.230429	1.102031	0.382107	-1.990586	-0.509084	-0.090971	0.120403	2.153330	-1.059564	1.321854	-2.341275	0.156675	2.760511	3.864667	-0.184205	2.372440	-2.175972	0.372953	-0.155398	0.194347	-1.619984	-0.397462	-0.001536	-0.832528	-2.219229	0.296490	1.026651	1.336174	-1.931357	-0.566826	-1.936518	0.424693	1.602190	0.866659	-1.074217	-1.488679
-0.601291	0.301598	0.406574	1.199839	-0.259724	0.969931	0.004737	-1.092021	0.483866	-1.520907	1.141611	-0.512335	2.185843	2.023299	-0.309738	-0.640578	-0.606683	-1.421965	-0.905576	0.074173	2.145415	1.500323	-0.988442	-0.268355	0.006694	-0.041973	0.442705	1.966416	0.443203	2.061969	-2.325578	1.256769	-0.015892	-1.539488	-1.208107	-1.632293	-0.750864	-1.606764	0.534669	-1.179766	0.044715	0.295191	-0.465670	-0.634951	-0.841923	-1.200174	-0.377845	0.477097	-0.947495	1.376662
1.622825	-0.100327	-0.207482	-0.738820	0.289324	-0.363791	-0.589013	-1.605024	0.819299	0.955942	-0.735129	-2.204011	1.322880	2.628520	-0.223771	0.585021	3.067022	-0.014300	0.298360	-0.712957	0.014202	-0.223186	-1.886761	-0.594692	-0.554343	-0.883101	-0.090996	0.769351	-0.150798	-1.171254	-1.379341	0.825453	-2.042825	-0.333941	0.668547	0.501948	-0.241212	-0.992164	-1.322739	2.612543	0.650629	-1.226348	-0.001193	-0.166816	-0.494421	1.882049	1.032074	-2.792768	-0.555750	1.702772
0.345370	0.692951	0.594092	1.072743	0.136292	0.805567	2.832343	0.376151	0.365941	-0.608295	-2.735831	-0.094397	1.628749	-1.735177	2.172473	2.010305	0.950092	-0.077307	0.172717	2.117269	1.635866	-0.819806	-0.218830	0.101170	0.741309	-0.380176	0.574008	-0.711087	-3.346612	-1.307281	-0.247413	0.590993	0.103523	-1.407492	1.330606	0.264085	-4.033026	0.893263	-1.368740	0.439997	0.540215	-0.369242	-0.194387	1.827219	0.202673	0.971408	-0.529617	-2.272036	1.626380	0.810984
0.220502	0.169958	0.352009	3.920462	2.238025	1.000612	4.918430	-0.031780	3.577068	-2.182633	0.141153	-1.385390	0.859578	1.078267	0.247483	-1.051358	-0.074084	-0.397345	0.804480	-0.390955	0.440482	0.124479	-1.983405	-0.756160	2.534541	0.279173	-1.050252	0.832919	0.062213	1.337072	-0.430671	-2.210847	2.552771	-3.006413	1.105888	-0.570401	-1.495217	-1.190953	1.831372	-0.921169	-1.019663	1.934405	0.487364	3.745429	0.423980	-0.209347	-0.045358	-0.293242	1.963317	-1.286795
-1.313822	-0.832916	-1.873577	-0.093072	1.136088	0.496032	3.897298	-1.623351	-0.064079	-0.183209	-0.633033	1.080275	2.437038	0.091096	0.972161	-0.621805	-2.391242	1.288931	-0.345486	-2.912739	-0.378941	-1.549723	2.039191	-0.784116	0.686291	2.756751	1.484204	-0.308786	0.684164	-0.518712	3.318423	1.924499	0.568100	-3.486338	2.083917	-0.388659	1.721721	1.473280	1.334524	-1.058568	-0.640422	0.128407	-0.396910	2.699906	1.519415	-0.187428	-2.924434	-0.441815	1.877207	2.588801
0.940143	1.762792	1.108456	0.415229	1.476094	3.062164	-1.961135	1.043581	0.323405	-0.550150	-0.368547	-0.635850	-1.205971	1.022579	0.651578	-1.275479	-0.189993	-1.202987	-1.674034	-1.260887	-2.613648	1.274285	0.076406	0.382385	1.147135	-2.189898	-0.255042	-0.296695	-0.768875	0.642945	1.182020	0.504000	0.411275	0.377522	-1.344482	-0.418354	-1.806491	-1.896863	-0.327218	-0.706528	-0.769240	-1.342959	0.002563	-1.763291	2.332332	-0.046017	-1.888720	0.864703	-3.503682	0.762837
0.724892	0.300711	0.710615	2.818662	0.276602	0.346572	0.694010	0.368140	-0.028548	-0.013241	-0.241982	-0.161982	2.462296	0.931025	1.033252	0.708364	-0.154407	0.354056	0.153903	0.033438	0.093140	-0.667967	-4.631183	-0.232432	0.466946	0.399407	2.459985	-0.939280	0.732082	-1.194542	-1.732969	-0.440587	2.360018	0.277689	0.806974	0.870544	0.222939	1.487016	-1.528228	0.831282	1.580380	-0.794231	-0.391246	0.795158	-0.154508	0.477143	-0.588411	-0.185169	1.639925	2.500637
-0.418700	1.612869	1.164200	-0.934772	1.444402	1.127364	-1.211071	-1.576394	1.732122	0.757124	-1.426134	-0.726840	-0.802077	0.473103	-0.209835	0.769959	2.028449	0.430604	1.198798	-0.339502	1.083608	0.081715	2.241750	-1.406852	2.261459	2.051562	1.444171	2.472070	-1.931033	-1.035768	0.796862	1.043306	-0.504848	0.007762	-1.104235	1.432666	-1.036521	2.337772	-2.092760	4.538592	-0.884527	-1.618535	-1.233378	-0.754950	-0.197755	1.459253	0.825036	0.708810	-2.158303	-0.025330
1.936987	2.478112	-1.175577	-1.660913	-1.306208	-1.722805	-0.201220	0.328739	-1.057656	0.710098	1.901754	-0.434242	-0.686976	0.893986	-1.327509	-1.703518	1.751192	1.972641	-0.911967	0.001380	-2.293094	0.200276	1.796572	0.527718	-0.238724	-0.917015	-0.183220	4.980971	0.325110	-0.148086	0.359007	-0.751604	-0.504038	0.010468	-1.080344	0.717484	0.481794	0.946813	1.152622	0.064651	0.177584	-0.322571	1.365275	-0.545998	-0.395177	-0.369913	-1.341297	-1.171549	0.457236	0.559127
3.351735	-2.095126	2.393823	1.586228	0.448150	-2.003774	0.146582	0.273307	2.004937	0.934567	-0.336676	0.151424	1.162196	-2.070330	-0.924462	1.220699	-0.853821	0.580415	1.235141	-1.086950	-1.845794	-1.998399	0.044031	0.328767	1.011733	-1.355942	0.955634	-1.943750	0.404957	-0.498346	2.950458	-1.628753	1.591344	-0.582620	2.074399	1.787531	1.851080	0.118959	-4.575627	-1.513630	1.051284	1.051383	-0.775157	1.553714	0.315583	-0.896090	-0.769322	-1.325449	-1.937806	-1.253625
-0.596424	-1.090244	0.366455	0.296888	-0.395990	-2.229059	0.912902	-0.773672	0.731261	-0.706287	-0.987134	-2.642005	-1.863763	1.403014	0.113643	0.020683	3.222342	-0.833857	0.309707	-0.931477	1.925445	0.387259	2.930543	0.062394	1.051351	-2.836785	2.016528	2.463364	1.126265	0.743891	1.506973	1.286009	-0.598561	0.680902	0.218448	2.152540	0.271602	-1.277951	-1.277899	1.245992	-0.733524	0.759907	-1.524470	-0.019481	-0.244700	1.737418	1.241878	-1.222751	1.055109	0.513950
-1.343949	-1.366485	-0.130598	2.638468	1.114351	0.408803	0.839331	-2.041275	0.644575	-0.844202	1.452946	0.928389	2.081689	-1.304421	-0.312090	1.429595	-1.159447	-2.195454	1.295434	1.470268	0.981891	2.352969	0.481742	-1.447503	1.848831	-0.569989	0.822707	0.130568	2.289430	0.191658	-0.634203	-0.354987	1.846274	-1.592155	-1.821586	0.618292	-0.114019	-0.411088	-1.039776	-0.373439	0.115661	1.418015	-0.929668	0.180345	0.813674	0.591774	2.027648	-1.464307	1.192095	-0.221450
-2.683890	-0.401476	-0.386699	-0.474124	1.262231	-3.600331	2.936684	1.515886	0.834335	0.584632	1.905874	-0.397380	-0.202845	-2.467816	0.661869	0.322322	3.375397	0.727962	-0.482146	3.666341	1.953414	0.186716	1.140329	1.269508	1.322942	2.603006	-1.035845	0.448191	0.475926	-0.767848	1.155077	0.173183	0.266361	-2.192797	-1.278352	1.378519	0.176169	2.583946	0.858706	2.512478	-1.690289	0.969853	0.207769	0.976995	2.244592	0.525218	-2.813786	-0.229110	0.790215	-0.724545
-1.453024	0.723857	-1.130373	0.626392	-2.660523	-1.492329	-1.501876	-0.936518	0.071572	0.039148	1.553363	0.670837	-2.341554	1.862379	-1.946801	0.740830	-2.230338	-0.489125	-0.811807	1.448041	-0.550109	-0.112785	-0.480259	1.849777	-1.529000	2.353946	-0.513588	2.461310	-0.691560	-0.864005	0.869951	-1.983182	1.049450	-0.840182	-1.549333	-1.059507	-1.170550	2.133099	-0.617623	-2.639523	-2.475808	-0.798968	0.020400	-1.345843	-1.713420	-1.134647	-0.119771	0.700561	-1.815442	-0.771748
-0.500014	-1.860135	-0.996157	3.807360	1.021046	0.303156	0.332260	0.402558	0.186820	-2.050020	1.936517	-1.211928	1.888494	-2.520884	-0.773770	0.344412	1.943747	0.508915	-0.127716	0.311832	2.276059	-1.119271	2.220864	-0.208369	-0.263092	-2.222792	-1.576000	-1.235106	0.850576	-2.185554	-1.307661	0.846867	3.316116	0.749123	-0.286652	-0.984760	2.707384	0.046138	0.250651	-0.075671	1.006557	-1.388691	-0.660047	0.827439	3.144009	0.431667	-3.161187	0.028711	-0.833469	0.115021
1.809895	2.757307	-2.169280	0.824550	1.413027	-2.475759	-0.311366	0.592819	1.202043	1.261490	-0.849326	-0.775703	0.871036	-2.452759	-1.711719	0.240841	-0.163916	-0.814822	-1.305658	-0.070592	-0.761965	-2.598109	2.493104	-2.006398	0.750363	1.078863	0.363616	-0.619812	-0.189493	-1.216017	-0.827516	2.346289	0.408448	-0.554948	-0.046024	-0.442598	-0.888286	0.905250	-0.847298	-1.652820	-1.103609	0.785823	0.333994	-0.585447	-0.561414	0.095097	-2.464065	0.810770	0.117617	2.528463
-0.881365	0.899406	-1.055164	-0.394853	1.718448	-1.547154	2.209200	-0.143192	0.728507	-0.486659	-0.295533	-0.301989	-1.260526	-0.238226	-0.498781	-0.230335	2.576587	-1.083798	0.778196	0.943658	0.675419	1.301799	0.513253	-0.220303	1.341192	-3.485269	2.233242	-0.350558	-0.909988	0.583919	-1.864258	-2.748488	-0.251295	-0.883036	0.830954	-0.916003	2.299658	-0.712401	1.096823	2.362875	-1.448085	1.884455	-2.018170	2.121307	0.351502	-0.958219	0.155741	-1.324650	2.013976	-3.337256
-2.789307	-2.351581	-1.257451	-0.695971	0.971519	-1.684141	3.597885	-0.499068	-0.854320	2.484602	-1.513261	3.794723	-1.213733	-0.715002	0.452353	-2.315899	0.129332	2.105186	0.060683	-2.084588	3.454403	-1.623558	3.172149	-0.917394	-1.213411	-1.465756	1.619677	0.565460	0.957073	-1.396881	0.711108	2.197008	-0.307572	0.818251	3.341187	1.382309	2.222796	0.228756	1.446264	-0.452779	1.526029	-0.372466	1.377241	4.279459	-0.393841	-1.557144	-1.136064	1.344222	2.659401	1.745726
1.104409	2.883517	1.679800	2.553380	-1.279778	0.827358	-1.720750	0.905474	-0.105114	-3.563146	3.002110	-1.996527	-1.723403	-0.662603	1.067415	2.695543	-1.018529	-0.805667	-0.520833	4.320119	0.358222	2.599994	-1.491935	0.159670	-1.264284	1.290709	0.092258	2.736232	-2.908192	0.617278	-1.932753	-0.709317	0.380016	-1.781622	-3.729223	-0.273176	-2.814007	1.402623	-1.998786	-0.505846	-1.025614	2.569630	0.491063	-2.390425	-0.817484	0.294785	1.060787	0.885882	-3.325107	1.692677
-1.016863	1.192207	-0.979904	2.766336	-0.007675	0.110633	-1.400477	0.237357	2.512966	-0.804546	3.736528	-0.572214	0.671354	-3.749473	-0.331345	2.779697	0.959468	-0.978644	1.443654	2.277415	2.453218	2.236347	1.356598	-0.474839	0.000951	-2.320875	-1.664270	-2.345920	0.429301	0.129637	-0.510837	-0.605150	3.833509	1.910375	-2.108796	0.195405	0.995411	-1.509371	-2.171651	-0.300211	2.477641	1.799192	-1.538149	-1.956569	0.560603	-0.427927	1.296898	0.806272	-1.867495	-4.216513
-0.340033	1.245284	0.912720	-1.990950	1.524363	-0.269441	1.933729	0.996897	-2.396062	0.832476	-1.148685	3.055777	2.392762	3.527051	2.121705	-1.371471	-0.912181	-0.661156	-2.182548	0.104683	0.844587	-0.877716	2.140821	-0.120935	-0.208207	0.967096	-1.262810	4.040139	0.272344	-0.274376	-2.022933	-2.395591	-2.083964	-0.957516	2.094116	-0.832782	-0.466367	0.537250	2.585362	-1.090142	-0.036037	-2.075517	-0.230466	1.588861	0.627866	-1.045771	-2.799867	-0.563197	-0.563616	-1.721441
1.982613	2.531382	-0.608436	0.624500	1.129746	0.055311	1.272203	1.070249	0.623800	0.839358	-0.029726	0.533415	2.245792	0.012668	-0.360011	3.761112	1.454368	0.831399	0.108725	0.991707	0.198734	1.594180	0.052744	0.319951	1.352990	-0.739931	1.185689	-0.159735	1.176648	1.009233	0.088478	1.013268	-0.440621	-1.498081	-1.351179	0.471166	-2.427061	-1.465361	-2.619075	1.401739	0.202136	0.968618	-0.624240	1.774521	0.382984	2.579924	-0.439825	1.995968	0.308838	1.213297
2.418997	-3.149231	0.777424	1.730517	-0.710331	4.281260	-4.310908	-0.284066	-2.124778	0.968673	0.474871	1.819976	-1.403247	1.546253	0.201873	0.406556	-3.138775	-0.429534	-0.768403	0.027569	-2.690609	0.641609	1.097305	0.778920	-1.179670	4.978889	-1.394411	2.556316	-1.362646	0.697854	-1.367443	-0.262549	2.299202	3.120596	1.455455	1.412534	1.706770	2.401965	0.237072	-1.254974	-0.081148	1.147949	-2.121895	-1.620166	0.651770	-0.625053	-1.862672	-1.031540	-0.100644	-1.116638
1.580020	1.328119	-1.591179	-0.367888	-1.732278	2.439056	-3.620964	0.326575	0.287128	1.326395	0.388488	1.166535	-3.639718	-0.096137	-1.487164	0.017603	-2.757389	0.272062	0.061872	-0.479335	-3.229067	1.211207	0.577619	0.797283	-1.930085	1.801913	-0.656546	0.999000	-1.670193	1.478621	0.892066	1.448364	0.930113	0.931062	-1.247337	-0.761197	-2.586735	-0.869051	-0.182520	-0.884112	-1.261211	1.326428	0.118779	-2.986765	0.384575	0.006725	0.831318	3.541475	-2.720921	1.410910
-1.401814	0.182111	-0.740316	4.669970	0.263501	-4.484015	4.762163	0.709941	-0.936938	-0.183252	-1.272235	-0.757422	-2.484354	-1.329525	0.847802	-0.219476	-1.248131	0.918553	-0.668858	-2.414594	2.426269	-1.814258	0.965151	1.349821	-2.963568	1.983816	1.063430	-0.352364	0.804449	1.904013	1.317303	0.327340	3.493408	-0.383469	4.214153	0.681933	3.100261	0.314758	-0.683948	0.577063	-1.939694	2.877347	-0.261963	4.440802	0.430792	-0.032053	-1.007491	0.572005	2.153218	-0.853444
0.150299	0.126397	1.498472	0.991189	-1.150567	-0.416906	-4.794530	0.188872	0.829854	-0.902951	0.338077	-1.164931	-2.941566	-1.191303	-0.486569	0.131572	-1.783104	-1.610969	0.560139	1.335074	-1.408108	1.229694	1.966284	0.929617	0.987036	0.018182	-1.255505	-0.872491	-1.751165	3.482211	-0.931242	-0.193367	0.646311	3.549353	-0.777324	0.244917	-0.545414	-1.560977	0.768174	-0.615160	-0.529578	3.173476	-0.256814	-2.401193	-0.457991	-0.446615	0.340382	1.798694	-2.683100	0.893657
-1.940277	1.524868	1.727892	-2.271417	-0.291336	0.590553	0.536220	-0.014073	1.182179	-1.380418	0.196862	-1.326753	-0.093787	-0.708566	0.371590	-0.814392	0.223010	-1.540557	-1.693990	0.595861	1.850810	-0.496932	-1.686246	-0.299420	1.166065	1.977311	-0.308268	-3.891200	-0.579888	0.718903	-0.164165	0.296934	-3.902950	0.503447	-0.790479	0.422212	-1.048479	0.577578	-0.122413	-1.157770	-0.654859	0.801468	-0.917159	-0.127951	-1.053789	-0.495921	-0.193971	-0.446921	1.621683	0.630186
0.389647	0.222021	2.083470	2.013849	-0.769126	-1.765315	-3.478153	0.121543	2.301939	0.373339	1.858755	1.007564	-1.774164	3.638286	0.165105	0.053893	-2.218426	0.523375	0.272590	0.390069	-1.666925	-1.287093	1.696528	-0.801510	0.506380	3.561151	-1.107894	0.327105	-1.361024	-0.713607	0.502523	-2.026502	1.719825	1.847883	0.324928	-1.226272	1.818346	1.204658	-0.364881	-3.654756	-0.505471	-2.004738	0.114222	-0.560323	1.138575	-1.869466	-1.504951	-2.777562	-1.395317	-1.862126
0.827789	-1.869480	-2.133291	1.605807	0.902842	1.226049	2.381756	-0.008628	-0.662300	-1.689978	0.041495	-0.996041	3.402382	0.839517	-1.587242	-0.606866	-0.930676	0.354187	-0.083315	-2.306727	-0.029767	0.358515	0.148787	0.001471	0.690240	0.925761	0.257238	0.682034	0.881556	1.576284	0.749713	0.574861	0.293236	-2.771850	1.249762	-2.381513	1.553016	-1.096993	-1.747343	-0.532544	0.289787	0.586491	1.013829	1.954598	0.439346	-1.405729	0.724199	-0.207651	1.284915	0.665627
-0.235620	-1.406458	-1.525427	-0.551821	-0.935544	0.683346	-1.494719	0.435215	1.634958	2.107355	-1.236007	-1.571638	-3.403750	-0.866494	-1.485552	-0.036398	0.077957	1.346921	0.970582	-1.248672	0.247384	-0.708727	0.593829	0.662726	0.115009	-0.393498	-0.752109	1.074081	1.045153	-0.449724	0.927375	0.859982	1.381772	1.044464	0.299205	-0.397142	-0.590690	0.177604	-1.799199	-0.533911	-2.118593	-0.424263	3.991958	-0.906146	-1.181219	-2.410198	1.177873	-0.163049	-1.791274	1.464555
-0.928722	-0.519154	1.450457	-1.137931	-0.756318	-0.777577	-1.294742	-1.044994	1.194236	-1.467051	-1.904561	1.655186	-1.280852	0.589159	0.031090	-0.606570	1.541406	-0.274917	1.178800	-3.141468	0.883843	-0.061445	-2.817383	0.762644	0.102928	0.579619	1.411250	-0.385460	0.822549	1.328035	-0.662672	1.551870	-3.420051	1.487461	0.496316	0.854455	2.367642	-0.429763	-1.112417	1.151706	2.862800	0.286686	-0.568072	-0.090712	0.264126	1.341986	1.209648	-0.800304	0.031814	2.205850
0.880484	0.619448	-1.038665	1.364551	-0.661150	-0.825354	-0.247537	-1.348864	0.678588	-0.134025	1.045665	-1.911886	-0.400069	-2.165651	0.825741	0.664242	0.048169	1.235887	1.109720	-1.441842	-0.621029	-0.053305	-1.054385	0.397948	0.984616	1.004604	0.372508	3.338139	0.405762	0.092294	0.774355	-1.345208	1.450500	-1.014168	-0.380520	0.507579	4.068548	-0.019577	0.736565	0.385379	0.602888	-0.788253	1.183498	-0.779393	0.735639	0.072559	1.083911	0.233358	2.595901	0.673319
-1.337446	-0.147302	0.033509	-2.174890	0.584958	0.676789	-0.762349	-0.869844	-1.400232	0.633298	-1.686849	0.346712	-2.473868	-1.550036	-1.393164	-2.878694	-2.115917	1.609063	0.115214	-3.505569	-0.145393	-0.553111	1.883730	0.544176	-0.321350	1.289694	0.333553	4.165050	0.519940	-0.608250	-0.562642	-0.966331	-0.729302	1.117090	1.158801	-0.466798	2.048829	1.439345	1.502276	-0.652145	-0.991130	-1.712013	1.145340	-0.124143	1.090653	0.420641	-0.636738	-0.856708	0.188895	-3.746121
-1.979418	0.104132	0.500374	-1.986112	-1.065700	2.243853	2.159181	0.237427	0.959137	0.901598	1.993681	-1.724400	1.659609	-2.238256	1.210054	-1.610647	0.285911	-0.593690	1.273330	0.917774	1.494873	1.146152	-2.250543	0.878820	-2.188586	0.092963	0.042836	-1.197777	0.455099	0.818575	0.052831	-0.438794	-0.524026	-2.113872	-1.459021	0.808046	0.247643	-0.078242	3.406172	-0.271767	0.012607	1.501590	-1.930439	1.231663	-0.770103	1.445373	2.636320	3.556193	0.124942	-1.663521
3.305680	-1.477902	1.599195	3.645652	0.396624	1.691886	-3.916139	-0.002542	-1.748499	-0.295914	1.536920	0.628589	-0.850688	-2.150777	-0.316887	1.143360	3.530385	-1.831435	-2.232856	2.439898	-0.429168	0.545035	0.764757	-1.163054	1.816612	-0.281491	-0.246829	3.037366	0.048589	0.880792	-1.420245	-0.871846	2.072657	2.165144	-2.429027	0.425053	-3.959426	0.437011	-1.560728	3.379134	-0.527232	2.211465	-2.992198	-3.024305	-0.768958	1.709579	-1.140700	0.066543	-4.092133	0.654292
0.822485	-0.092774	0.732713	-0.447975	-0.307587	-1.587670	-0.970587	0.230956	-1.950871	0.660546	-0.549569	-2.584238	1.735401	3.243338	0.633258	1.661112	-2.521332	0.423332	-0.577219	0.770259	0.565961	0.557450	-0.401856	-1.332052	0.717141	-0.344820	0.168136	-1.573859	-0.527542	0.675918	1.993817	-2.151913	0.270510	-0.380670	0.110614	-0.333251	1.158558	-1.338907	-2.492423	0.530410	1.445715	-1.506341	0.762473	0.273680	-0.551580	-0.146850	1.291985	1.448439	-0.115686	-3.500373
1.047990	-2.266639	0.028849	2.723687	-0.568575	2.116178	-3.072986	-0.027382	1.110532	0.814781	-2.531410	-1.092763	-2.010811	2.525542	0.303227	-0.071636	0.622237	0.921211	0.547034	-1.670060	0.210191	-1.893102	0.911379	-0.108333	-0.664553	-3.859965	1.179633	-1.035312	-0.731100	1.152970	0.181900	1.856436	1.706271	3.110429	1.400982	-0.952209	-0.926618	-3.201003	-1.573015	0.755075	0.211302	0.545669	1.321019	-1.147577	-0.734084	-0.171085	0.322210	0.439820	-1.551407	0.708752
-1.455366	0.792491	0.295437	-3.099368	0.863463	2.567970	-0.588661	-0.738543	-1.780589	1.729319	-1.378208	0.648018	-0.343425	-0.066288	0.185829	-1.299184	-0.905281	1.138695	0.650336	-0.443973	1.353163	0.083199	-0.657108	-0.930469	0.923533	-0.952355	-1.443236	-2.265229	-0.918390	0.968597	1.971563	-0.189082	-0.524777	0.892492	0.984186	0.863060	-0.688105	-0.625199	-0.346373	1.062446	0.070279	2.556417	0.656775	1.026932	-1.126533	1.965577	1.630812	0.633500	1.530916	1.651626
-1.888143	0.627925	2.322056	-2.091026	0.460408	-0.164522	0.579473	0.489771	-0.097055	1.677485	0.303879	-0.519380	-0.647234	2.336842	-0.671083	1.632026	-2.740109	-0.005888	0.139132	0.109790	0.933787	-1.461758	2.516423	-0.264484	0.634699	3.259353	-1.509344	1.032300	0.083993	-0.796868	-0.639159	0.396612	-2.054288	0.082940	0.493131	-1.987588	-0.847006	0.728994	-0.424654	-2.174013	-0.592440	-1.648046	1.309958	-0.508327	1.616418	-1.981976	-0.185144	-1.148564	0.164388	-1.068281
0.653041	0.463204	-0.428796	2.464790	1.771398	1.629744	0.269836	-0.352032	0.424327	-2.947461	-3.229510	-2.485865	-0.131209	0.631192	-0.702756	0.085743	0.808642	-1.602965	1.038301	-1.141717	-0.852946	-0.928184	-0.704306	-0.474580	0.344115	0.534580	1.176061	-0.290472	-2.772763	-0.192890	-2.065251	-1.307075	-0.951739	1.363931	1.739898	-0.620176	-4.130268	0.427732	0.441105	2.752114	1.014768	-1.111924	-1.437688	0.752033	0.803721	0.711295	-0.445371	-1.002097	0.807277	0.036014
-2.961624	1.185530	1.890343	0.914126	0.094938	0.570061	-2.694004	-0.453869	0.406314	2.831351	0.641572	1.324264	-1.618758	-2.252896	0.348942	0.069477	-1.302442	-0.376946	1.056529	1.137181	1.884205	2.076439	2.848177	-1.573086	1.446205	1.115104	0.456959	0.019766	-0.176310	0.882660	-2.334050	0.198265	1.774503	1.331816	-1.998205	0.408030	-1.330917	0.358721	-1.903060	-0.492394	-0.761737	2.031054	-0.809821	-1.687022	0.594733	0.673130	1.163061	-1.988243	-2.117660	1.089653
-0.675079	0.501835	-1.842842	-2.952120	2.447628	-1.644889	-1.924653	0.473472	-1.196857	0.558902	-0.343053	0.194977	-2.923624	1.222612	-1.139814	0.507233	0.297563	1.459348	0.742732	-0.285917	0.041196	1.236436	3.514872	-0.626155	-0.194650	-0.858493	0.080466	-3.268320	0.346254	-0.313870	-0.326315	1.076756	-1.814718	0.652966	0.037682	0.945148	-0.614774	1.137900	-1.299007	1.614069	-1.045671	-0.199408	0.856021	-0.126963	1.751580	-0.242114	2.497081	-0.948782	-1.095903	2.009332
-1.226368	-2.724812	0.086965	-1.094517	-0.385717	-2.941988	5.100545	-0.293433	-0.847039	0.164761	-1.007519	-0.135673	3.745590	-0.943710	2.159052	-2.383376	1.456351	1.006939	-1.939579	-3.099822	-0.333204	0.064324	0.609357	1.285412	0.303921	-0.931398	0.898742	2.798075	1.980272	0.377523	-0.572578	1.131199	-1.391736	-3.638353	0.753576	1.658253	3.294504	0.438688	-0.627320	1.339202	0.164740	0.716949	0.902216	3.399458	-0.123452	0.058937	-1.321233	-1.047465	1.848707	0.714147
-0.369275	1.149245	0.288065	1.500816	0.062492	2.902418	-1.205546	-0.896046	0.524755	-1.390442	0.705777	1.795813	0.556549	-1.572073	-0.211388	-0.516122	-1.973404	0.177195	0.480743	-1.446229	-0.469921	-0.027239	-2.632937	0.009091	1.367375	1.185875	0.827559	-1.385674	3.024241	0.483505	0.225695	1.252343	0.022269	1.801889	0.239904	-0.268047	4.765560	-0.443007	0.816457	-2.169142	0.108281	-0.495804	1.292875	-0.116442	0.921852	1.003190	0.937527	-1.690244	-2.449715	0.982002
0.703455	-1.064167	1.559281	1.137651	1.549908	1.038626	-0.575189	-1.251378	-1.161564	1.212089	1.352722	1.241719	-0.704502	0.035886	0.688311	-1.262706	0.633006	0.299645	1.097572	0.349011	-2.183016	-0.075447	1.256902	1.683426	1.483718	1.534401	-0.813469	-0.929391	-1.030303	-0.874603	-2.401291	0.111047	4.419367	-0.718484	0.220553	-0.038672	1.085107	1.509837	2.440341	0.247090	0.450957	-0.496692	-0.662080	0.124815	1.801327	1.519303	-0.300037	-0.928855	0.708605	-0.511882
-2.520949	-1.575840	0.425874	-0.574350	0.930280	0.033029	5.559973	-0.804989	-1.638867	1.950936	-1.614600	0.518375	-1.356841	2.714704	-2.036747	-2.554861	-1.676870	0.022422	-0.626147	-2.384491	0.904473	-2.249616	-0.256292	-2.226340	0.462778	2.338895	0.732348	4.983767	1.045988	1.391059	-0.141429	-1.035382	-0.039486	-2.224654	1.992087	-0.137176	2.000256	0.649019	2.107237	-2.059678	-2.049003	-0.445544	-0.261808	3.078311	-1.280538	-0.347091	-2.355228	0.039989	1.865761	-2.552230
1.229893	-2.186643	-0.190215	0.236273	1.219053	0.138385	3.381324	-1.189788	1.200233	0.142027	-2.425920	-2.080242	-0.254056	-1.013325	-1.285899	-0.664273	2.042583	1.117786	1.049699	-3.622596	-0.611734	-3.656023	1.269232	-1.276183	0.518056	-1.894001	0.347008	-2.386418	0.430547	-3.545861	1.162922	-0.629691	0.496841	-0.370076	3.767471	1.114876	1.740588	2.065175	-2.060551	-0.141981	-0.660143	-2.420462	-0.109436	2.061192	0.543483	0.214737	-1.883982	-0.076150	-0.285270	-1.477004
0.421873	0.018985	-1.962751	-1.453148	0.178725	1.841162	0.103091	-0.214412	-0.585036	0.257576	-2.268450	2.088943	-1.619831	-0.047278	-0.288586	-0.743536	2.308765	0.741218	-1.869404	-0.746222	0.325783	-0.004103	-0.107761	0.918929	-0.049578	-2.136883	-1.400433	-1.644094	-0.036093	1.405492	1.594464	0.251020	-1.525445	1.293029	1.597263	0.874840	0.368738	-2.043483	0.488325	-0.350945	-1.551904	0.029122	2.189295	1.434747	0.405005	0.297567	-0.364673	-0.309897	-1.090804	-0.180343
0.092866	0.029065	0.355774	0.476799	-1.795194	1.290613	-0.962880	0.185911	0.515871	-1.654614	2.779863	1.299292	-2.076545	0.969259	-0.664570	0.756407	0.167565	-1.576694	0.456792	2.508138	1.507833	2.014788	3.380832	0.172604	-1.730306	2.984729	0.383327	0.995086	-0.405925	0.259109	-1.741155	-0.327181	-1.257599	0.955122	-1.840498	0.251624	-1.562764	0.237333	-1.237181	0.462964	-0.658171	1.359030	-0.470862	-1.509475	-2.248428	-0.110560	3.389202	-1.427930	-0.245254	0.976300
-0.192390	0.895235	1.006022	-3.509194	0.629507	1.644282	3.943153	-0.077223	-0.117618	0.000904	0.784561	-0.271157	1.903110	-0.906475	-0.791309	0.520727	1.453146	0.355738	-0.158843	0.212656	0.313742	0.336469	-1.393796	-1.492346	0.626293	-3.119491	0.241467	-1.521736	2.117843	0.019974	1.074819	-1.279883	-2.523971	-1.791178	1.811288	-1.159556	1.339328	-1.559391	1.238453	0.895748	-0.573559	-0.277383	-0.345047	3.291692	-1.455910	2.862954	-0.602761	0.794949	1.367510	-2.762617
2.394266	-1.306488	0.408908	1.718080	-0.362928	-0.278729	-3.070879	-1.081533	-0.178117	0.166077	1.516236	0.099568	1.254593	-2.389620	1.425346	0.901633	-0.191226	-0.136647	0.329140	0.762417	-0.882045	1.838413	0.778531	0.769859	1.386534	4.206774	-1.804430	0.748380	-0.904013	0.703883	0.781330	-1.685766	2.655106	-0.017245	-1.736687	1.001583	-0.417902	1.478218	-0.292342	0.775155	-0.475314	1.615852	-0.301752	-1.874203	-1.236334	0.125132	2.372396	-1.023128	-3.054119	-1.417951
-2.433655	-0.925566	0.443936	0.919436	0.022875	-1.721407	-0.651924	-0.025934	-0.197099	-1.190499	0.073331	0.903795	0.539748	0.475774	-1.274556	1.004321	-2.741249	0.129211	0.415407	1.425270	2.090806	-2.623079	3.209418	-1.517866	0.818048	0.183177	0.831109	2.547934	-1.231486	-0.876929	2.544656	-1.980154	0.440084	0.048155	1.325818	-0.236812	-1.207627	0.875649	-1.118644	-3.153136	-0.724002	-0.887112	1.260635	1.265897	-2.300619	-0.779499	-0.385016	-0.774024	-0.294202	-2.952376
-0.547307	0.363183	-0.651671	-1.078164	-0.406386	-0.468356	0.826335	-0.078016	-0.226748	0.627107	-1.122128	-1.962232	1.382602	0.796920	-0.690185	-1.297052	2.524724	1.066024	-0.740571	-1.941384	-0.953226	-1.202586	0.910350	0.739093	-1.364506	-3.215465	-1.735611	-1.288561	-0.257646	-1.042758	0.863218	0.684669	-0.676105	0.499372	1.323832	2.032483	0.981055	-1.146784	0.908748	0.624709	1.781531	-1.656752	0.866786	1.302657	-0.260126	-0.369530	-0.506245	0.003343	0.443282	2.864227
0.705768	0.575691	-2.172356	0.449508	0.145954	0.227880	-3.194605	-1.591020	0.469248	-0.372513	0.467418	-0.564922	-1.686143	-0.211427	-1.162611	0.277644	-0.818602	-1.187950	-0.097346	1.121789	-0.494658	1.131535	-1.302585	-0.863902	1.596928	-0.288449	1.386137	-0.957558	-0.144326	-0.504746	-1.447641	-2.319128	-0.645603	1.945802	-0.516037	-0.929963	-0.129192	-0.629984	0.427804	0.249786	-1.978493	-0.640747	-0.932524	-2.395759	-0.171786	0.831458	1.739530	-0.208945	-1.005885	0.304972
-1.806622	0.267687	1.428997	-0.412072	-0.329867	0.725970	3.339141	-0.679973	2.549616	-2.523829	0.900169	-0.046536	-0.055725	0.842885	-1.073757	3.168565	0.118256	-2.204623	0.587227	2.164183	2.786930	1.467793	-2.730090	-0.430251	1.335567	-0.059029	0.350227	-0.536334	0.545293	0.065707	-1.583912	-0.796008	-1.757458	-0.981653	-1.703496	-1.109181	-2.924342	-0.894855	-1.780720	-0.355040	-0.467896	-0.188305	-0.675763	1.530120	-0.409218	-0.181562	1.306521	1.292234	2.917595	0.356009
1.536861	-0.846343	0.750780	2.680989	0.651035	1.043240	0.437933	0.555751	-2.784198	0.489195	0.718494	-0.008176	-0.934559	1.645978	0.230790	-0.551563	-1.575915	0.909022	-0.568661	0.612180	-1.329175	1.091029	-2.156759	-0.697175	-1.526157	-1.119608	0.516925	1.704750	1.006658	1.617761	0.051122	2.345559	3.206581	-0.593435	0.076063	-0.345165	-0.481113	-1.943203	1.209330	-2.520283	0.096296	1.660294	1.539309	-0.238549	0.784189	-1.099890	1.596252	-0.602809	1.769279	2.101303
