X24	X39	X17	X36	X44	X42	X37	X18	X21	X8	X46	X3	X15	X6	X1	X25	X48	X27	X11	X40	X19	X49	X45	X7	X35	X10	X34	X43	X13	X9	X38	X20	X32	X30	X50	X41	X29	X2	X26	X23	X47	X28	X33	X16	X5	X31	X12	X22	X14	X4
2.356732	0.706881	1.720079	1.613833	2.376335	1.395627	1.261797	2.639291	2.532011	0.889729	0.988225	1.466328	-0.711910	-0.778680	0.661107	2.109315	1.649656	1.171350	-0.619604	0.524612	2.166752	-1.049231	-1.022286	-1.653086	0.698441	0.537769	2.227179	0.743637	-1.190017	0.659199	-0.307264	-0.649563	2.295637	0.129628	1.076075	-1.303605	2.982618	-1.164078	-2.923267	-0.529004	-0.889355	-0.461006	-2.719764	0.138585	-0.700305	-2.336141	1.137853	0.986340	2.226388	0.551914
3.247887	2.615648	-0.708006	-0.388416	-2.167330	2.211784	-0.315203	1.420726	1.917247	0.385484	1.926718	0.423683	-0.960489	-1.203492	0.586153	0.856125	0.331673	-2.144985	-1.218499	-0.608153	0.646423	0.942394	1.366606	0.147049	1.289717	-0.292711	-2.211538	1.173042	-0.511994	3.018809	-0.532153	-0.309522	0.545100	-2.830413	0.119740	0.549553	-0.441340	-0.169301	1.718119	0.226814	-0.281386	0.291066	1.070986	2.392383	0.558241	0.057530	-1.118385	-1.192481	0.603170	-0.246843
3.745484	-1.380326	-0.211511	-0.432079	3.128301	1.494161	2.307302	1.978854	-2.146514	0.558069	-2.636377	0.727398	0.451631	0.081579	-0.160310	-1.286947	-0.831490	1.844550	-1.575770	-0.228826	1.486505	1.251518	2.825556	-3.345052	-0.995821	1.274095	1.522206	0.543737	1.925429	2.331495	-0.456679	0.977841	-2.604754	-0.416496	2.321653	-0.492288	1.415340	0.750439	1.233378	-0.351359	-0.723429	0.699516	0.002856	-0.539562	4.670894	3.712460	0.606986	1.588087	0.758714	0.446373
-0.850365	-1.488529	-1.235087	-0.283448	0.331291	-0.474193	-0.020004	-2.346170	1.701272	0.898372	-0.063832	1.284720	-0.048376	-1.354846	1.071784	-0.500052	-0.520761	-1.618212	4.289928	1.528483	-2.108064	0.077590	-1.677495	1.860011	0.465202	-1.585829	-1.721995	-1.203402	1.060432	-1.642753	0.487214	-0.287893	-2.152781	-1.044726	1.397420	0.897536	-1.021149	2.696577	3.475859	-0.461048	-0.751137	-0.448580	1.444650	0.045808	1.314438	-2.031225	-0.118764	-0.470832	1.664933	-0.367385
-1.182602	2.123582	-0.059325	1.118107	0.096760	-0.798333	-0.708794	1.026359	-0.650472	-0.822548	1.720431	-0.066290	-0.365678	0.220807	0.861848	-0.415493	-0.838221	-0.413991	-0.224472	0.495222	-0.882245	0.890371	0.171820	3.894972	-0.267543	-0.790956	1.853071	-0.230626	1.205959	0.175786	-1.454542	-0.921823	0.225144	1.355628	-0.780624	0.974595	-2.738498	0.100938	-0.206618	0.390218	0.883195	-0.950871	0.840417	0.971611	1.190287	2.125094	0.855742	0.025831	-0.301317	0.699909
-0.361340	3.415522	-0.835338	-0.703436	-3.064365	1.098930	-0.392701	0.918277	-1.464752	-1.062028	0.281761	-0.659961	-0.830896	-1.203485	1.697300	2.736729	0.257768	-1.360680	0.311219	2.074235	-1.154562	0.403829	-1.295866	1.519830	0.073456	-0.428928	-1.592189	2.253347	0.130492	-0.126520	0.128777	-0.332056	-0.883216	-0.745666	-0.722236	0.827789	1.665769	0.092149	-0.484295	0.151435	1.385837	-0.358278	0.634544	-2.783569	-1.908449	-0.700384	0.989205	2.294811	-0.823505	0.606152
-0.852489	0.282095	2.055105	-0.056154	-2.017296	-0.613259	-0.136953	-0.523700	0.799185	-0.181194	0.579343	1.483630	-0.555281	2.118777	1.245737	1.046798	0.526459	-0.511430	3.477384	1.328548	0.674105	-1.078962	-1.464500	1.121262	-0.244288	0.900120	0.487787	-0.144555	-0.480493	1.592743	1.001419	0.528976	-0.353609	-1.265273	0.136879	-0.863312	-0.910031	0.322439	1.406219	2.236790	0.955191	-0.933755	-0.418116	1.714302	1.217786	0.478123	0.691659	-2.289752	1.953629	0.218736
0.660208	-2.196795	-0.982048	-1.696804	1.091925	1.199308	-2.438021	-0.801460	2.243149	0.883318	1.986508	1.232393	-1.463638	-0.508084	-1.705122	1.005879	-1.238139	1.721736	2.686935	1.188061	1.409659	0.336514	1.560979	0.235874	0.507950	0.955941	-0.585389	-0.670312	-0.030248	-0.542299	1.173715	1.698587	-1.114285	0.784788	-0.035356	1.308885	-0.137049	1.186122	0.071581	-1.003341	-1.050580	0.879107	0.263606	-0.161083	0.548184	0.823622	0.015987	0.078942	1.752428	-0.120512
-1.328763	0.816933	-1.907343	-0.968783	0.938902	-1.732756	1.059386	-1.613938	3.029984	0.337470	-0.229054	1.364532	-0.253875	2.343814	-1.619031	0.128627	0.106161	1.148763	-0.955125	0.263423	-0.026720	2.704682	0.055877	-0.881146	0.253996	0.940956	0.231521	-1.711252	-2.503978	0.257977	0.796658	1.061261	2.807450	0.540786	0.291526	-0.616267	2.367968	-2.108152	-1.555600	0.547318	-1.838742	0.461676	-0.859122	-1.166150	1.878482	0.097478	0.282570	1.044237	0.734459	-0.192570
-0.661570	2.031726	-1.845842	-0.393537	-2.055431	-0.604406	1.253272	1.538908	1.884210	1.117337	-1.232036	-0.077584	-0.676067	-2.896165	1.759252	-0.448938	0.225413	-1.142871	-2.567837	-0.828854	-0.716171	-0.331033	1.064974	1.526356	-0.152026	1.633493	0.140586	-0.325234	-1.258740	1.415754	-0.795001	-0.246533	-0.349037	-0.987083	0.076102	0.225786	2.027566	-0.243672	-0.802898	-0.512596	-2.078650	0.426799	-0.031627	-0.671272	-0.330707	0.972996	-1.288949	0.610357	2.522146	-0.686629
1.039112	0.031760	2.872914	0.610557	-0.120033	-0.693277	-0.167567	0.558696	-2.133798	0.963487	-1.492623	-0.950271	-0.742891	-1.240319	-0.608381	-0.924596	-0.879139	-1.045425	-1.573596	-0.644534	1.743821	-0.694143	3.051816	-1.582184	-0.501238	0.916648	0.939890	-0.791074	0.592032	1.152115	0.558108	3.712704	-0.912431	-0.296133	-2.280741	0.890744	1.391044	-1.491446	-0.173868	-1.864683	3.311552	2.201756	-0.463645	0.291777	3.088211	-3.288452	2.715801	0.477358	-0.250867	-0.816040
0.693996	-1.122770	-1.304429	-0.646247	3.281035	1.830260	1.588651	-1.527581	0.147073	0.709811	-1.234047	0.571977	-0.432421	-0.888975	0.418432	-0.480263	-0.134642	2.651140	-0.305836	1.146969	-0.937615	-0.934117	-0.265439	-0.177132	-0.175484	0.520934	0.254129	-2.227471	0.371752	1.943263	0.922034	0.510345	-1.523630	-1.404346	0.808487	0.331006	-0.046604	-1.642156	-1.690019	-0.845357	-2.488048	-0.285161	-1.070176	0.503457	-0.945928	-0.803250	0.369824	0.385643	0.278040	2.162795
2.141764	-0.215885	3.619093	-1.859600	0.234175	0.985398	-2.617687	-1.223720	0.137500	1.052809	0.805079	2.759400	0.455536	2.278550	0.274806	0.949513	-1.218427	-0.145287	1.883737	0.199213	0.006559	1.348392	-1.899103	1.037314	-0.074290	-0.659842	-0.483522	-0.274888	1.440757	0.828656	1.615832	-0.013550	1.477060	-3.391923	0.446763	-2.471803	-0.832041	0.386578	-0.984818	0.572460	0.423711	-0.346681	-2.307858	3.682734	1.299446	0.617126	-3.593591	0.209548	0.322846	0.451709
2.994085	-0.105947	0.948768	2.283177	-1.147318	1.677103	-0.155777	0.706034	-1.564264	-0.853837	-0.682046	-0.665213	-0.914419	1.514438	-0.108363	2.142576	-0.138360	-1.918769	-1.114107	1.594541	0.769067	-1.850481	-1.370170	0.883046	1.210860	-0.047563	2.791750	1.765316	-0.963579	0.493279	0.929413	0.325808	-1.973725	-0.156370	0.772822	-1.207981	-0.308511	0.691587	-0.087646	-0.955644	0.899685	-0.473662	-0.238984	1.020299	-2.383335	-0.412589	0.205347	-1.947163	-1.908547	-0.629620
0.701044	-1.312988	1.900255	0.079466	0.539148	1.415968	2.848362	1.060109	-0.529220	1.078108	-1.633372	-0.281582	0.173912	-1.293329	0.556960	-3.199425	-0.268674	-0.194405	-0.191642	-1.982027	2.109455	-0.665412	-1.019622	0.096926	-0.633561	0.968753	-0.831798	-2.581326	-1.962496	-0.736156	-0.577495	-1.150642	-1.194308	-2.319249	0.181198	0.694230	1.456230	1.367063	1.984151	-0.151762	2.340572	-1.557088	1.111498	-2.150275	0.531751	0.852315	2.498041	2.872916	-0.635952	-0.532032
1.539603	1.919085	-0.763583	1.482022	-1.757364	0.507397	0.292115	1.604471	0.073998	1.696512	-0.289036	1.692772	-0.171530	-0.800547	-0.136178	2.041435	0.058416	-0.680115	-0.690474	-0.507281	0.779686	-0.312339	-2.297337	0.473469	0.605863	1.451704	1.137205	2.599080	0.904665	0.519717	0.154700	-0.055674	-1.325657	-2.285154	-0.466667	-0.757045	-0.460929	-0.073555	-0.653335	-0.476990	0.602142	0.249486	1.133794	0.740099	-0.568329	-1.052722	1.305317	2.154814	-0.027510	-0.673986
1.220007	-0.475361	-0.514999	-0.770187	1.656220	0.388943	-1.960082	0.695915	1.987402	-0.137755	2.762974	-0.274966	-1.137857	2.210916	-0.844355	0.568180	0.625480	1.624940	2.850382	-0.100145	1.727843	0.099551	-0.743127	0.386354	-0.024026	-0.076222	-3.637831	0.808752	-0.139786	2.195363	0.491612	-2.553277	-0.691352	0.947306	-0.859938	1.152067	-1.391026	0.669521	1.652872	1.222100	-0.243252	-1.806416	2.615309	-2.236751	-1.586253	3.147001	-0.188743	0.757796	1.317607	-0.554557
0.526665	-0.642367	0.471747	-0.106719	2.137438	1.789448	1.176153	-0.503185	-0.485524	0.305708	0.473598	-1.611655	-1.653990	1.142603	2.697667	-2.042607	1.421040	1.654988	5.045060	-1.620505	0.200469	-0.596547	0.619464	-1.352704	0.221151	0.603133	-0.695228	-1.160303	1.060357	0.047551	-0.312786	0.992408	-1.904182	-0.566658	0.272611	4.937665	1.042322	2.696771	3.465597	0.042034	2.556167	-0.301416	3.540040	-1.133352	-0.157739	-1.422017	1.721582	1.044242	0.512463	0.569243
-1.310138	1.160698	-0.194722	-0.664187	-0.152737	0.257700	1.650191	2.016478	1.515501	-0.119698	0.416894	-0.108364	1.208548	0.234882	0.188665	-1.152895	0.241532	0.026061	0.802150	0.972488	-1.055611	0.510692	0.385614	-0.436294	-0.390693	1.616518	-0.270844	-0.217899	-1.821526	0.378297	-0.931614	1.509506	0.909306	-1.059954	0.889661	0.501402	0.267485	0.331217	-0.248351	1.369408	0.374147	0.693821	0.302974	0.173879	1.516174	-0.983838	1.183291	-0.237565	1.875603	-0.863297
-2.553833	-0.090240	-0.157704	0.397793	3.070820	-0.819793	0.987859	-2.894740	-0.303147	1.076768	-1.813092	-1.886020	-2.466796	2.752795	-0.110582	-1.124200	0.266981	1.961238	1.938150	-0.721045	2.798030	-0.006668	-1.734682	-0.204947	-0.380382	2.982300	1.049866	-1.171779	0.822630	-1.214592	-0.427528	-1.868121	0.156010	-1.909421	0.038799	2.643874	2.445096	1.097727	1.391701	0.863957	0.755446	-1.206535	1.729608	-1.684992	-1.314578	-1.841599	-0.584017	1.043127	0.186410	0.869936
-2.687502	1.272357	0.331226	0.577229	2.704541	-0.904235	1.574914	-1.914640	0.145549	2.018725	-0.038025	1.256398	-1.887246	4.307851	-0.072359	-1.792988	0.868604	0.686003	1.596381	-0.198972	1.115486	0.272872	1.465819	-0.905377	1.085174	1.840296	-0.792103	-2.460068	1.457679	-2.283106	0.697876	0.613034	-1.085729	-0.912977	-0.322790	3.020345	2.204287	0.709485	1.569507	0.098925	1.249089	0.974747	1.478837	0.529891	1.889303	-0.400763	-0.216543	1.247987	-0.092581	0.216946
1.134358	0.633644	2.090461	-0.418637	-0.638227	0.073027	0.579856	2.679590	1.076237	0.483546	-0.977804	0.480436	-0.143259	-1.056095	1.292567	-1.190119	-0.428963	-0.914914	1.010665	-2.025925	0.517827	-0.306031	1.189135	4.514706	-0.413631	0.465560	-2.400180	-0.336253	-1.529404	1.214215	0.442348	0.792767	-0.763673	-1.979382	1.333398	-0.061641	-0.414594	1.791778	-0.782562	-1.772165	2.094443	-1.705882	-1.708133	0.474852	-0.620388	3.063208	-0.963248	0.001988	0.269118	-0.803682
-0.183773	-0.306758	-2.082589	1.586366	-1.105552	-0.523347	0.637874	0.412257	-0.862443	0.833219	0.175599	-0.112363	-0.282638	0.645227	0.585390	2.008229	1.774390	-0.931371	1.618950	0.720392	0.293500	-0.813587	-0.863692	-1.792457	0.737899	0.532512	0.993149	0.867779	0.989228	0.668553	-2.246207	1.111788	0.775311	0.143891	1.766594	-1.717763	1.376241	0.896154	-0.452851	-0.487885	-1.617932	0.958072	-1.351298	0.273424	0.823773	1.421179	1.105189	2.072697	1.824390	-1.491736
-2.328372	2.474890	3.842101	0.808854	1.345916	-0.114015	-0.706370	0.254395	-1.387951	0.240166	0.487987	-1.542381	1.486615	0.643037	-1.622739	-0.668616	0.112047	1.307786	-2.072126	2.561862	-0.301477	0.056860	-1.807413	0.179083	0.068014	-1.377499	-0.441987	-0.710681	-1.002140	-0.640948	-0.563713	0.361533	2.897532	-1.238712	-3.382218	0.341634	-2.199167	-3.021405	-3.179665	0.152340	2.268920	-1.456906	0.075471	-0.357946	2.798593	-1.236543	1.210553	1.037234	-0.765858	1.531152
-0.061728	-0.858812	-0.698805	0.751286	-1.350253	-0.058296	-1.693635	-0.150300	-1.160598	-0.594147	1.053654	2.406000	-0.500061	-2.189036	-2.914790	0.765484	-0.025033	-1.134036	-0.062342	1.305214	1.965286	-0.161913	0.367489	0.966855	-0.662503	0.584632	2.146812	0.624743	1.502956	-0.757269	1.841104	0.360943	-1.976344	1.302854	-0.329537	0.365228	1.516406	0.912485	1.189135	-1.588782	0.378254	0.998558	0.565813	0.022211	2.669126	2.905649	-0.591896	-0.787166	-0.448338	-0.386276
1.485659	0.970561	-0.610684	0.604306	-0.954206	1.613321	0.825072	-0.796777	-0.548465	-0.435184	-1.134897	0.074814	0.798233	1.581629	-0.726686	0.418358	0.300739	-0.241561	0.620872	0.152680	1.130929	-1.704803	1.303198	-0.914256	-1.257744	0.965058	0.865947	-0.637839	-0.090323	0.981523	0.361871	-0.958409	-1.109365	-0.342678	0.984357	-0.783719	1.395541	0.343339	0.163810	-0.368265	-0.626334	-0.954385	0.940533	-0.541764	-0.902227	0.327277	1.748006	-0.778557	-1.441955	-0.812300
-0.530823	1.611433	1.783268	0.171685	-2.047241	-1.156647	-0.440364	1.625943	0.212531	-0.163389	-0.498047	1.683401	-1.486039	0.856513	-0.310033	0.198287	-0.388066	-2.068196	2.453690	0.960361	2.454837	-0.494330	-2.071665	0.269960	0.445281	1.398423	-0.836500	1.967934	1.061031	0.057239	0.720721	-1.795513	2.080605	4.462902	-0.808115	1.270413	-0.671980	1.615428	0.476676	0.836093	0.560029	-1.540961	1.997189	1.702091	-0.149839	-0.807631	0.519845	0.516954	0.116797	0.683173
-2.218523	-1.527789	1.707979	-0.105127	0.615684	-0.603105	0.559400	-0.282587	-1.641530	0.623976	-0.782828	0.586309	0.062308	0.238939	0.736563	-0.500637	-0.552524	-0.680471	-1.091578	-0.188520	-0.970949	-0.248639	-0.152414	1.438111	-0.230284	-0.141329	0.215018	0.655339	1.225188	-0.416694	0.550670	0.438152	-1.980628	-0.682642	0.235667	-1.374681	-0.550981	-0.286150	-1.516085	-2.226829	0.184776	-0.487292	-1.167453	-0.377543	0.317680	1.674789	-2.232628	0.828006	-0.584776	-0.625360
1.982765	0.269107	-0.616777	-0.548558	0.764059	0.626447	0.894869	-3.811882	-0.054947	0.362003	-0.073234	-0.294527	-0.704198	2.415543	0.128966	0.765780	-1.059621	-0.140276	1.082945	1.131240	-1.454053	0.022955	-0.979859	0.581127	0.530137	1.052815	-1.446760	0.019429	-0.263268	-0.553347	1.433186	0.632147	0.315764	0.148153	-0.086364	-1.164989	0.477646	-1.631273	-0.227801	0.891590	-0.276920	1.379462	-0.829351	0.510663	-0.764795	-2.921338	-1.257684	1.026979	-0.288571	-0.217681
-0.359586	0.976587	-0.676227	-1.963424	0.811032	0.500527	-0.308312	-0.713920	-2.585223	-0.392119	-0.164262	-1.657264	1.226554	-0.301778	0.065065	-0.227670	-0.218414	-1.125696	-0.491303	0.011627	0.605324	0.608145	0.665669	2.350191	-1.086052	1.689251	-3.845434	-1.084983	-0.269976	-0.744168	-0.841863	-1.512208	1.948641	4.779903	-1.284312	1.167560	1.903751	-0.519207	-1.589259	-1.049431	1.809876	-0.632132	0.917072	-0.430272	2.182064	-1.297348	-1.990801	-1.885071	-2.891684	0.654519
2.546551	-1.434779	3.031925	-0.773986	0.582420	1.325930	0.400862	-1.253645	-0.696256	-0.470787	-1.207949	-1.564123	1.370785	0.086879	0.892903	-1.220594	-1.117137	-1.478232	0.436166	-0.230057	-0.501077	-1.807190	-0.434682	0.786631	-0.597659	0.086350	1.414027	-1.697679	-1.714943	1.516012	-1.484577	-0.994438	-0.501383	-0.524280	-2.198354	1.307591	-0.057322	-1.665217	-0.497965	-0.127216	2.921397	-2.044031	1.638940	0.212176	-4.007685	1.939001	4.079190	-0.363569	-1.197139	-0.867415
2.672687	-1.510174	1.596036	-1.461394	0.045452	2.086557	-1.799979	0.594655	0.431679	-1.573331	1.259691	-5.411090	-1.749724	2.124170	-1.435664	-3.616493	-1.602923	3.345488	0.735367	-1.618090	-0.656786	1.622997	-0.181339	0.317786	0.856136	-0.567918	-0.538365	-2.856909	-1.604512	1.598789	1.856228	-1.238016	0.694866	-0.690735	-1.156490	-0.044170	-0.404579	0.445313	2.078249	0.268131	1.292543	-1.208340	1.982028	-4.233807	-1.608685	4.568938	-1.481355	-0.054111	-0.073013	0.448344
0.074412	-1.139770	-0.306243	0.271286	-0.703224	-0.199271	0.646807	0.429928	-1.507732	1.085557	-1.390808	0.115479	-0.339658	-1.240031	0.742284	1.095648	0.045305	1.111359	0.773183	-0.779988	0.358586	-1.660407	-0.128019	2.657012	1.445264	-0.562638	2.807113	1.037018	-0.056168	-0.579365	-1.084100	-3.517653	-1.360844	0.066092	1.347198	1.182757	-1.960242	1.060685	0.190075	-1.493157	-0.624308	-1.882622	1.524888	0.543663	1.128088	-1.397965	-0.743936	0.782166	0.622770	1.294074
-1.082654	1.092359	-1.435483	0.283448	1.328149	1.309754	0.161826	-1.497047	-2.306736	1.115669	0.326658	0.159323	0.261705	0.197151	0.314433	-2.407830	0.615539	2.293319	1.914939	-2.672773	2.326340	1.005894	-1.382418	1.502697	1.167300	0.460998	2.268710	-1.151778	-0.133859	-2.201985	-1.932560	0.883520	-1.674607	2.204337	1.158848	-1.829912	0.140944	0.115766	-1.001523	-0.371685	-2.881778	1.098441	-1.485820	0.946211	0.644879	-0.503224	0.063438	2.240352	-1.867825	1.282743
0.714010	0.546480	3.934309	0.988878	-1.571275	1.194433	0.243147	-1.409835	-0.024328	0.325732	0.223250	-0.042682	0.881888	-1.561703	1.076862	1.717430	0.868860	0.007390	0.729363	1.139597	-0.805230	-1.041859	-0.593764	0.065449	0.299912	-0.165140	1.504259	-0.638768	2.147765	-0.957338	-0.844622	0.486379	-0.563194	-0.496263	-0.002116	0.366683	0.568970	2.062794	1.522039	-1.401724	2.769239	0.290738	1.784241	-0.450986	-1.822416	-0.874493	0.239216	1.744920	-0.302713	-0.260415
0.058054	-2.807954	1.994006	-0.085794	0.983515	0.441775	1.118079	-0.592229	0.644384	-0.166227	-1.810669	-0.898025	0.579229	-0.338760	-0.693434	0.971952	0.855919	0.055925	1.109850	0.708279	-1.123889	-0.680590	3.722575	0.952319	-0.089477	-0.129542	0.470761	-1.278436	-0.102885	-0.562198	0.653800	-2.847102	1.365138	-2.134871	-0.286016	0.771372	-0.617128	0.013655	0.203212	-0.062541	1.234785	-2.577644	2.328925	-1.248481	2.857816	0.482640	-1.308455	-0.561582	0.354356	-0.577096
-3.646400	0.047528	1.431233	0.543934	-0.899821	-2.497145	-0.983824	-0.623441	0.536223	0.475964	0.748162	-0.386601	0.414706	-1.427803	-2.580663	0.383813	0.324537	-0.987415	2.036205	-0.059944	0.802632	-0.510297	1.240739	0.790707	0.287071	-1.994132	-0.606680	0.801745	-1.747719	0.230456	-0.780598	-2.316238	-0.208143	-0.091435	-0.125609	0.422509	-2.237790	1.572868	-0.937575	-0.292321	0.641893	-2.076428	0.716663	-0.549120	1.475043	-0.668537	0.436633	-0.291610	1.097305	0.098177
1.800491	-0.983777	-2.394682	1.190424	-2.087581	1.178332	-1.855091	-1.183384	3.120515	0.282017	0.507957	0.283891	-1.551376	-3.049796	0.133147	-0.797817	1.420589	-2.008126	-1.284644	-0.028069	0.029236	-1.168718	1.146459	-1.492468	-0.208259	-0.521024	0.310319	-2.177873	0.759940	0.482101	-2.227395	-0.298947	-0.956701	-1.341929	-0.003158	0.553799	-0.349466	0.423519	0.041523	-1.062223	-1.321260	0.517619	0.837201	-2.982032	-0.317886	-1.054070	0.917385	1.931258	2.224858	-0.733786
4.040287	0.511487	1.616192	0.528985	-2.354824	1.975429	-1.213174	-0.322501	0.268757	-1.501040	0.621317	2.803340	1.350442	-3.536646	-0.597130	0.740456	-0.747640	-1.223440	-1.319402	0.839744	-0.808826	-1.195791	-2.072266	-0.937378	0.567068	0.162608	-0.263410	0.157056	0.091690	1.727704	-1.655928	-0.450411	1.128638	1.046386	-0.522031	0.565190	-2.036451	-0.364348	-1.068009	-1.021733	2.526824	-0.447324	-1.721247	1.702436	-0.284601	-0.258709	1.107573	-2.092422	1.501521	-0.760915
4.264483	-0.860970	-1.060628	2.825246	0.101156	1.633616	0.106103	-0.497010	0.023743	0.888054	1.104817	-2.226907	0.353662	0.382970	-0.347644	-0.594366	1.112960	0.529717	-1.158611	2.195864	-0.536805	-1.345511	-0.294815	-1.125927	-0.452179	-0.525951	4.186467	-1.008310	-2.168052	2.652059	0.270922	0.881525	-0.338870	-0.615903	0.214769	0.055990	0.934801	-2.512995	-2.093106	-0.249651	-0.612258	2.122951	-1.966036	-1.592245	-0.069875	-1.184986	0.818625	1.617363	-1.349726	0.371071
-0.521555	0.633333	-0.920290	-0.226834	-1.141631	-0.721179	-1.410096	0.536761	0.753069	0.569318	0.593351	0.406157	-0.309165	0.281697	-0.228257	2.383606	2.094303	-0.719618	1.324285	1.487468	0.405180	-1.660554	0.089597	2.313184	2.286599	0.534026	-2.115226	0.661535	0.857020	-0.175689	-0.115842	-0.188771	0.374958	-0.156901	-0.558443	-1.553030	0.423162	0.089554	-0.845680	0.665951	-0.734157	-0.064930	0.067031	0.263612	0.724522	0.018506	-0.538516	-0.361533	0.771029	-0.225555
-0.539796	1.312957	1.079400	1.929128	-1.703203	0.562995	0.441826	2.202753	-0.660520	0.932713	-0.112422	2.086233	0.732099	0.007874	-1.345248	-0.226314	-0.273834	-2.038884	2.337023	1.783387	-1.017151	0.191771	0.014400	-1.294672	0.588088	0.277726	2.576824	0.465207	-1.254355	-0.224864	0.367161	0.722600	1.554438	-0.704039	-0.365898	0.732347	0.252550	1.041878	0.815262	0.856926	2.342625	-0.125460	0.410544	-0.299737	2.215817	3.495217	-4.090477	0.208180	-2.271233	-1.365226
1.310356	2.560782	-2.713694	-1.276953	-1.440238	3.527037	0.979635	3.363932	-0.988700	-0.941828	-1.154258	-0.932512	-0.527409	0.010619	1.793892	-1.301027	-1.367569	0.159433	-2.216041	2.022405	0.399077	-0.128937	-1.372043	0.259927	-0.187021	-0.429970	-0.864263	0.128802	-1.280110	-0.449350	-0.432718	-1.194341	0.356391	-0.420620	-0.313792	0.053268	1.570068	-2.204786	-0.182066	0.664052	-3.250673	0.061649	1.097851	0.383464	-0.561698	0.776807	-0.450496	-1.009318	0.007766	0.512103
0.605989	0.170240	-1.334946	0.070866	-1.206617	-0.668550	-0.122074	1.170630	1.693784	1.917841	-0.004124	-1.378857	-1.142914	-0.591027	-0.317581	-0.042210	0.008033	-1.117364	2.801537	-1.764494	-2.443495	0.396542	0.092561	1.538752	1.108046	2.209348	3.171697	0.992431	-1.248057	0.358844	0.280035	-1.351236	1.018786	0.146674	-2.453870	3.576728	2.313535	-1.774712	-0.272072	1.518841	0.887126	-1.148329	1.875206	-2.574470	-1.360677	0.475134	0.953154	2.027659	1.691425	0.319039
0.077372	0.545394	1.299689	-1.230835	-0.102791	1.550989	0.590471	-1.349568	-0.906919	0.293590	-2.007959	-2.884727	0.902406	0.690727	-0.931147	-1.349855	-1.884204	-1.303754	2.119093	-1.403284	2.286603	1.334691	0.507284	-1.073651	0.640688	0.329272	-1.036569	-1.601139	2.528223	-0.278245	0.044842	-1.246540	1.524944	-2.559124	0.545193	2.980408	0.462495	1.851296	1.024850	1.527146	1.051664	-1.257828	1.587736	-2.337511	2.638199	0.449724	0.219067	1.378102	-0.679603	0.060548
-0.041188	0.293503	-0.099063	0.287835	-0.682998	-0.015548	-1.372727	-2.686848	-1.287370	-0.104631	0.079652	-0.579622	-0.249098	-1.615131	1.370539	1.406710	-0.110386	-1.645269	1.404002	-1.465821	-0.546761	-0.144841	0.754351	0.169292	0.963500	0.143766	-1.304739	0.959861	3.354921	0.925216	0.042916	-1.492796	1.411234	0.899265	0.001848	0.478599	-0.328727	0.944078	0.844964	0.036709	1.980272	-1.859899	-0.320652	-0.907724	0.898584	-3.267920	1.051195	0.284423	-1.117880	-1.404674
-1.846931	0.339211	0.700081	-2.059629	-1.066851	-0.372680	0.369417	1.844684	0.820146	-0.309809	-0.697728	2.646996	0.121524	-2.224440	1.797779	-0.787680	-1.376048	0.884284	0.354243	-2.545912	1.261105	1.523070	0.422489	-2.474057	-0.910743	-0.339703	0.790486	1.265840	1.813907	2.552291	-0.465548	-0.233568	-1.045532	-0.384915	2.321079	-0.574265	1.341329	1.878187	0.563626	0.540486	-2.635754	0.203609	-1.356220	0.819804	0.797522	2.246830	-2.548111	-0.990550	-0.123700	1.231946
-1.399696	1.938230	1.415350	-0.778093	0.611384	0.637336	-1.079646	-0.552748	-0.731261	-0.905613	0.113576	2.393727	-1.391620	-0.852306	1.465261	-1.759653	-0.089704	1.737780	0.213347	-0.772723	-1.631798	-0.586418	-0.804371	-3.623811	-0.138437	-1.591818	1.831445	-1.865912	-0.866068	-1.948304	0.061157	0.714190	0.330297	0.649792	-0.211125	-0.405596	-0.919500	-0.528924	1.374729	-0.800390	-0.691466	0.825852	-1.720294	1.342517	-1.722916	-0.569993	2.091807	-1.707637	-0.223343	1.795046
2.600303	-1.284211	-1.320332	0.403977	-0.181443	0.730363	-2.087051	0.432947	-1.293205	-0.798084	1.205084	-2.260357	0.594256	0.759933	1.826684	2.676681	-0.884256	0.834340	1.037540	-0.823867	0.263791	0.018849	0.818316	1.473286	-0.692205	1.059490	1.551400	3.193678	1.800865	3.575006	-1.630918	0.029270	-1.778786	-1.173909	0.388453	0.057178	0.335931	2.188407	2.002502	-0.732033	-1.783759	0.426910	1.742338	-1.491657	0.655470	0.807807	0.525981	-1.696547	0.157953	-0.202204
-0.735048	-1.734090	1.400903	-1.169103	-1.993937	-0.483052	-0.600976	-2.754877	0.568483	-1.737946	-0.414798	1.097096	1.646417	-0.562956	-0.801155	2.083196	-1.652566	-1.374386	0.288693	4.031461	-0.341145	-0.122049	1.774325	-1.615340	0.003346	-1.231480	-0.402859	1.404249	-0.496593	-0.638375	1.228707	0.826544	-1.905851	-0.751369	-1.533275	0.836149	-0.800286	-0.732621	1.046299	-0.498690	1.567514	1.512688	1.290288	-0.413922	0.144401	3.689756	2.118595	-2.167737	-0.423962	-1.947032
-2.551677	3.234432	-1.805676	-1.188942	-1.614858	-1.349672	0.542949	-3.083337	1.363846	-0.845358	-1.265691	-3.544170	-1.928644	-0.895778	-0.278771	-1.295706	-0.725872	-0.664799	-0.543984	-0.117027	-0.066827	0.902028	-2.691847	-2.119545	2.004302	0.801132	-1.654048	-1.814435	-1.213910	0.399687	-0.056664	-1.350421	-0.765148	-0.292515	0.017512	-0.565191	0.916253	0.649408	0.828705	-0.730304	-1.252727	-1.019475	0.406592	-2.722290	-1.455017	-1.751494	-3.854233	0.403131	-0.117853	-0.213785
0.174370	-0.705179	-2.685090	-1.467685	-0.685017	0.686706	0.917532	0.658891	1.579430	-1.007423	0.467422	-1.490527	1.541664	0.830059	-1.427434	-2.838122	-2.094603	0.034085	0.686649	-2.954969	1.223538	1.134105	-0.305577	2.233631	-0.227126	0.786586	-1.710740	-1.277360	2.839860	-0.447831	1.061084	1.370374	0.827790	3.675681	2.093375	0.085969	1.740594	3.321372	1.622227	1.629160	-1.119067	1.352138	0.878493	-0.123171	-2.364460	-2.028979	-1.009016	-1.738916	2.201594	-0.890250
-2.690182	2.412768	2.661807	1.195725	0.716075	-0.344602	-0.355164	2.106342	-1.415309	1.345793	-2.386470	1.312522	-0.497736	-1.807331	2.831840	-3.552913	1.190703	1.743034	1.861502	-0.686531	-1.624416	-2.217661	0.235252	-1.501179	-0.522760	-0.760430	4.070753	-0.431005	-2.410932	-0.929549	-2.772129	0.903117	-1.091886	-1.933895	-0.193654	-1.397176	-0.245380	0.344426	-0.720716	-0.665606	1.170770	0.466802	-0.358068	0.863196	0.447619	-1.179243	0.915117	1.318433	-1.178129	0.154946
0.253073	-1.221498	0.902287	0.560436	-0.313385	-1.169926	-3.008307	-0.937844	-0.310836	-0.785062	1.458827	-2.360098	-0.424640	1.937942	3.524604	0.284971	-0.412571	0.300164	3.152755	0.353124	2.307146	2.547177	-0.808288	3.626494	-0.851208	0.150994	1.984422	1.973739	1.878212	0.637454	0.350727	0.821958	-0.556849	-0.554263	-0.420229	0.343368	-1.069341	2.358744	1.720519	0.658150	0.681586	-0.008602	0.246956	-3.597817	-0.649789	-2.650586	-0.062130	0.399823	0.013153	-0.460790
-0.549550	-0.182977	1.810280	0.388613	-0.619431	1.673273	1.636171	-1.926929	2.882755	0.731237	1.051631	0.983440	-1.681013	-0.971333	-1.083535	2.801156	-0.852713	0.407561	-1.691561	2.677130	0.098582	-0.552972	0.520341	-0.052746	0.513429	0.226790	2.237645	-1.837847	1.004488	0.713937	0.723345	-0.574154	-1.009054	2.959916	0.918384	-1.213763	0.583275	0.812062	-1.355204	-0.659996	0.553850	0.174197	0.061431	2.686584	-1.587961	-1.611601	0.284520	-0.289760	1.989116	-0.117356
0.019557	-2.122139	-4.088081	0.129909	-1.494151	-0.097244	-1.666690	1.929935	0.464048	-0.487456	1.195373	-0.752436	0.711021	-1.519699	-0.028040	1.673141	0.027932	0.062806	2.290976	3.085867	-1.836793	-0.455512	3.305420	0.295864	0.852390	-1.743912	0.395502	1.292025	2.142425	0.435485	-0.147419	2.034800	-1.533399	0.516681	0.153265	-0.464835	-4.802225	0.191081	0.429594	-0.484541	-3.328527	2.442584	-0.077322	-0.990907	3.917511	-0.032519	0.874229	0.511002	-0.803487	0.310484
0.095006	1.709593	-0.946078	1.398285	-1.187317	1.067296	-1.479088	-1.196615	0.966254	0.622843	0.634616	5.063032	-0.184233	3.165627	0.447938	1.362935	0.050606	0.845393	-1.670908	-2.727626	-1.710147	0.741615	0.991619	-0.118776	-0.534555	1.214576	-2.838559	-0.762655	-3.835177	0.741118	1.738203	-1.051609	2.594378	1.762883	-2.448661	-1.048868	0.154482	-2.586993	-1.746299	1.948328	-0.994571	-0.538265	-0.228881	4.843188	-0.949118	-3.525124	0.908646	-0.342700	1.631733	0.755873
2.686768	-1.085047	0.631691	1.436578	1.982068	1.704006	-1.516499	0.272182	-1.511362	-1.274793	0.776444	1.832365	1.016333	0.944498	0.366454	-3.288985	0.311544	1.811179	-1.616175	0.027078	-1.096332	-0.797452	-0.150606	-1.846020	-1.603342	-2.428068	1.792147	-1.125714	-3.424880	0.437295	1.113106	3.610375	-0.203239	1.129941	-2.068604	-0.780577	-2.184516	-3.104714	-0.589302	-0.421219	0.828378	2.605758	-1.669357	0.823159	0.010212	-0.497126	1.088944	-0.357177	-0.235217	0.773693
1.119849	1.002532	-0.903949	-3.320046	3.099291	1.124747	-2.374254	-1.630772	2.691009	-0.593114	1.297657	2.017342	0.229698	-0.389003	-1.200078	-2.111140	-1.805955	2.772897	1.898481	0.286681	1.665977	2.139211	1.808444	-2.839107	0.129468	1.116406	-0.099186	-1.559790	1.744201	0.489847	-0.691972	0.583133	-0.286705	-0.733662	0.214746	0.821255	-0.075911	2.332832	0.677660	0.479241	-0.191246	0.880913	0.342633	2.009259	-0.048670	1.210478	-0.738529	0.178212	3.203873	1.309882
-1.736043	2.326340	-2.061843	0.220760	-1.841654	-1.453025	-0.247817	-1.323482	-0.258051	1.200519	-0.166246	0.018489	-0.135688	3.600571	0.318903	-0.087998	-0.838574	-0.732300	-1.411107	-0.535325	-1.021982	-0.456963	0.292678	-0.775138	-0.788863	0.282415	0.916083	0.273128	-2.838957	-0.520774	1.001230	1.833688	0.972836	-1.128386	-0.159960	-1.091230	0.454473	-1.353881	-0.398043	1.052838	-1.377317	1.603043	-1.552911	-0.719625	-0.678167	0.974354	0.304620	3.492971	-0.512418	0.902111
-1.006191	0.090693	0.106020	0.043860	-0.487723	-2.549488	3.489396	-1.047602	-0.191629	1.384323	-2.616702	2.010727	0.208362	0.510712	0.185697	1.195309	0.813979	-1.307543	1.115501	1.952356	1.609071	-0.094453	0.184651	-0.958509	-0.024221	0.349159	-2.196063	0.726403	0.836513	-1.198248	-0.164657	-0.455616	0.047137	-1.285132	2.805546	0.466912	2.132729	1.779535	0.756595	0.556129	-0.816021	1.083186	-0.344651	0.140017	-0.753036	1.957742	0.919301	1.616318	-0.440613	-0.290560
1.251008	-1.295958	-2.469293	-0.620075	-1.800098	0.988243	-0.230728	2.015305	-1.521989	1.669198	0.028151	3.621334	-1.422018	1.874548	1.753333	-0.161990	-1.053181	-1.704040	-0.608803	-0.024655	-3.091655	0.271595	0.656611	-0.739852	-0.159001	2.246723	-0.208481	-1.037425	-3.178504	1.294657	0.490578	-2.831600	-0.051614	0.975956	0.003872	-0.614106	2.258534	-1.602731	-1.116768	-0.205302	-2.498022	-1.288315	-0.895004	0.100041	-2.838708	-0.770233	2.596803	0.939464	1.279364	-0.777794
3.028742	-0.409603	1.352884	0.722850	0.722676	1.879084	-0.052447	-1.557912	1.315965	-1.709113	0.449293	0.941406	0.403386	-2.811848	0.039141	1.988313	0.223737	-0.503878	1.439542	0.056771	-1.588333	-1.120977	-0.553811	0.424158	0.442722	-0.215003	-0.379109	-0.266021	0.599484	0.499573	-2.164479	-0.211691	-2.146656	-0.964795	-0.895867	1.996451	0.353010	-0.028620	1.365238	-2.230786	2.113432	-0.530963	1.968438	1.135754	-2.134542	-1.261345	-0.759372	-0.751942	1.046624	0.001427
-0.015494	0.101845	1.385287	0.988576	0.182919	0.335199	-1.151369	1.162027	0.048084	-1.222115	0.684770	-0.400148	0.603458	1.059536	-1.165904	-1.763706	0.121687	-0.288954	1.634517	-1.799231	-0.176237	-0.734462	-1.803954	-3.100960	-1.148273	-1.240841	1.798137	-0.090210	1.538923	-1.343146	1.205602	-0.166221	-0.530404	-1.522335	-0.211647	0.723484	-0.549502	0.237857	1.438425	0.411723	0.574242	-0.720079	0.915297	-1.674130	-3.659789	0.450037	-1.766099	-0.880524	-0.424851	0.643117
1.805958	0.785503	-0.283969	-0.680832	0.855040	0.945636	2.689268	0.123020	-2.314884	1.162052	-1.413830	0.589415	1.088964	1.508925	-1.796540	-3.780354	1.053297	-0.149643	1.410833	-0.952245	-0.447254	-0.132280	1.389745	4.190247	-0.382260	1.935762	-0.950818	-1.573595	0.927108	0.300333	-0.610971	-0.815874	1.613352	1.603262	2.223143	0.035180	0.967270	0.849806	0.488799	0.728101	-1.415086	-1.107192	0.514584	-0.705144	2.037752	1.625976	-0.062502	2.054320	-1.987758	0.740079
1.718476	-0.213751	2.136326	-1.463736	0.447204	2.955002	-1.526901	1.722495	-2.106210	-0.832140	1.421163	1.021581	-0.943947	-1.028803	0.986358	-2.501173	-0.097490	-0.956559	-0.953765	0.106892	-0.470813	-0.637268	-0.097813	0.882440	0.088015	1.691714	-4.284419	0.984417	-1.011541	0.836484	-0.970307	0.237898	2.039723	-1.851910	-0.901020	-0.147154	-1.355725	-0.597113	-1.081766	0.180428	0.994308	-0.884618	-0.087031	0.002511	0.110177	0.959778	-0.398879	-0.654170	-1.312845	0.386173
3.376773	1.516039	0.404668	-0.047916	0.922791	4.005020	1.210720	2.044577	-0.149033	0.026846	0.947813	1.311490	-0.678085	1.133210	-1.591177	-1.530561	-0.908868	0.735185	-1.331277	0.732501	0.090050	1.949641	-1.740361	-1.450705	0.166312	1.071565	-0.829407	0.713778	-0.029656	1.240165	-0.032839	-0.873375	0.429568	0.335836	0.582890	-0.753156	1.765823	-0.139794	1.128692	-0.229886	0.587347	-1.136885	0.768170	2.002621	0.638727	-1.204301	1.220541	-0.923055	-0.782357	0.528075
-0.137122	0.433423	-0.775389	0.971181	3.273692	-0.886018	0.753220	0.243582	-0.805316	0.400881	-1.168484	0.094535	-0.307907	-2.144375	1.880605	0.264283	1.457548	2.616425	-2.019341	-0.188722	-0.293683	0.498282	-0.628125	0.018452	0.218893	0.229158	1.303662	1.632318	1.464405	-0.875673	0.451917	3.625379	-0.015782	-1.670305	1.530901	-0.518912	0.983147	1.437305	-0.181527	-0.101647	-1.735695	2.215648	-1.114258	-0.788775	2.194741	-0.265716	1.783684	1.093123	-0.318260	0.852818
-0.738896	2.391785	-0.253922	2.493702	-2.173609	0.624368	-1.316527	-0.563649	0.837713	1.281215	0.632491	-0.286248	-0.611784	2.196387	1.449751	1.702489	0.653124	-1.654642	1.065346	-1.895312	-0.213264	-1.710027	3.896426	-0.771703	0.480050	-1.197633	3.759061	1.630718	0.810658	-0.874371	1.226434	0.067837	0.011529	0.608870	-2.241762	1.654626	0.180434	-0.412640	0.025537	0.445913	0.475548	1.266054	2.180650	1.371045	2.595926	5.031555	-2.419943	1.294973	-0.235020	-1.128641
-2.696621	-1.765132	0.634971	-0.533562	-0.249169	-2.188069	0.120336	1.124308	-1.972678	0.587022	-0.610864	-0.350647	-1.510021	-0.386163	-0.518399	0.635891	-0.027269	-1.959639	2.386547	-0.147365	-2.397632	1.250112	-0.623967	2.116076	0.897940	1.283035	-0.491726	-0.565325	-0.541282	-0.627194	0.199258	1.476619	-0.735659	-2.503169	-1.189369	1.422471	0.738560	0.544165	-0.221278	-0.321195	4.415167	0.941192	0.058249	1.511371	-0.222986	-0.394829	-0.796671	0.527856	-0.817140	-1.292639
-0.140370	-0.680364	0.695574	1.364091	0.619573	-0.885882	-1.298853	0.695956	0.028534	0.023112	-0.006347	-3.925198	1.302681	3.155313	-2.387836	0.029486	0.124483	-0.236745	1.425698	-1.639392	-0.275857	0.056849	1.928192	0.309280	0.227523	-0.488284	0.320559	-1.149628	-0.468187	-0.834715	0.948254	0.448377	0.001453	-1.058482	-1.182934	0.545781	-0.377757	0.202096	-0.141451	-0.072780	1.651642	0.062101	1.143086	-3.282296	-0.259786	4.277796	-1.096000	1.671973	0.060433	-0.105127
-1.253067	0.835902	-0.851963	1.009825	-0.392089	-2.056866	1.157757	1.512503	1.404442	0.236693	-1.781732	-0.968449	-0.132681	0.905371	-1.300040	0.371552	0.720944	-1.391044	1.029586	1.245505	-1.388553	-1.449778	-0.350266	0.102867	-0.810853	-0.060758	-2.834567	0.298690	0.014623	-1.280964	0.981671	0.645825	0.615331	0.627690	0.555813	1.253100	1.971945	1.301052	0.627941	0.475591	2.229396	-0.192827	0.375844	0.998726	2.984649	0.285900	0.672787	0.558769	0.405127	-0.902939
1.848223	-2.631298	2.826453	0.129884	1.432834	1.524541	0.707302	1.143258	0.381430	1.860344	-0.391224	3.314436	0.278307	0.084137	0.286644	-0.240409	-1.135275	-0.692833	0.865156	0.505162	1.734038	0.523795	0.663114	-0.867147	-1.166987	0.760616	0.142577	-1.145377	0.944599	1.838005	1.305995	-1.170910	-1.868944	-0.503087	1.315059	-1.270984	-1.641247	0.897826	1.129598	-1.177820	1.607785	-1.585375	-0.935705	2.031561	-3.009551	0.423931	0.671357	0.518431	1.276971	-0.256658
1.216656	0.510493	-1.821639	0.650291	-0.206781	0.393259	-0.701210	-4.174464	2.411170	-0.343536	1.093341	0.543615	-0.917189	1.383613	-3.046343	0.120660	0.597005	-0.138039	-0.834594	1.095080	0.920675	-1.129377	2.058049	1.485305	1.193373	-2.463444	-1.091185	-2.174531	-2.716459	0.913899	-1.115108	-1.021593	-0.073137	-2.407882	-0.648707	-0.398736	-3.278421	-0.820099	0.114309	-0.363461	-0.340256	-1.018855	0.447912	-0.054322	1.080073	1.815151	-2.654632	-0.405155	1.255175	-0.460538
0.086354	0.796156	0.720050	1.265225	-1.879072	-0.202287	-0.149607	1.852134	-2.562697	1.514472	-0.672428	1.133949	0.139125	1.351034	0.605184	-0.189791	-0.830162	-1.934811	2.617379	0.647175	-0.838511	-0.937639	1.911005	-1.114945	0.199104	0.514771	1.481144	2.362786	1.403523	0.676262	2.686041	-2.026924	0.087678	1.282721	1.200578	-2.200061	2.546818	1.811644	0.795815	0.473741	0.897912	-2.318550	-0.646423	0.308159	1.022121	-1.845043	1.278477	1.788267	-1.544501	-1.526542
1.790131	2.122054	-0.549068	-1.151506	4.318086	-0.434894	0.802417	1.325025	1.717682	-1.476416	-0.461487	-0.873001	0.755571	0.662389	-0.323596	-2.710125	-2.127825	1.243621	1.104859	-0.666644	-2.351318	-0.022402	-1.863182	-1.530536	-0.876799	-1.172054	0.397577	-2.097775	0.592762	1.991695	-0.132191	-0.967241	-0.346065	0.188860	0.478324	-1.023745	-1.015203	0.039609	1.016912	0.959430	0.399116	-1.401416	0.090432	0.540939	-0.367640	-2.018457	-2.218754	-1.618855	0.011482	-0.607628
1.854146	2.390949	-1.968637	-1.555475	-0.254910	2.774027	2.281598	1.302882	-1.370838	0.069673	-1.932148	-0.947138	0.793774	-3.690855	-0.950376	1.710797	-0.920316	0.208035	0.340204	-0.628110	0.113593	0.909818	-0.204537	0.241128	0.636466	1.662024	0.618528	2.133215	1.219675	-0.140375	-1.288356	-1.067843	1.851553	-0.131417	2.826637	-2.437026	3.299173	-0.320372	-2.075187	0.557725	-3.538749	0.766331	-1.730845	0.189480	0.089493	0.255264	-1.580076	0.253324	-1.257316	1.247379
1.192292	-0.792599	-2.432758	2.902540	0.528350	-0.641472	0.558113	0.332583	-1.516116	0.230787	1.078571	1.205917	0.878783	1.827890	0.665747	2.794661	2.423579	-1.372086	-0.937582	3.299858	0.074433	-1.028123	1.143747	0.158489	0.796123	2.838852	3.042303	2.770517	1.958553	1.048224	-0.697516	-1.723128	0.923295	1.739477	1.246727	-0.064705	1.402436	-0.451824	-0.090148	-0.045436	-1.512305	-1.008332	-0.181535	0.246158	1.523303	-1.353840	3.662242	0.444860	-1.074796	0.008822
1.709080	1.586167	-1.037779	-0.046360	0.841213	0.484287	-2.398537	1.364054	3.177401	1.249238	2.571287	1.560333	0.077923	-0.728852	1.276000	-2.475598	-0.612286	0.749677	-3.228657	-2.534449	-1.901448	0.264064	-1.450750	0.660061	-1.123819	1.091731	-1.522541	-1.718003	-2.945133	2.048262	0.597214	-0.946926	2.084371	1.202765	-0.781264	-2.643120	1.384680	-2.098947	-1.873753	-0.507367	-3.828920	-1.524276	-0.649770	1.938646	2.307000	-0.746462	1.222800	-0.030624	1.010161	1.633616
-0.078295	0.759922	-0.032357	0.866930	-3.894449	2.317029	0.925193	-0.989218	-0.111465	0.341194	-0.012777	2.378423	-0.726539	-2.256756	-1.523025	-2.247997	0.473588	-2.215825	-1.260406	-1.687072	2.829618	0.667194	0.339311	-2.999102	0.288967	1.771515	0.911019	-2.870496	1.297931	-1.456080	0.920640	0.040767	-1.028604	0.502114	0.354165	0.135635	2.199422	0.869641	2.302088	-0.513607	1.124548	0.104237	0.325633	2.839149	-0.527043	2.547594	2.172689	0.417539	0.410581	-2.160467
2.540929	0.876515	1.099462	1.399085	-1.836250	-0.093773	-0.026156	-0.646189	1.495169	-0.152393	-0.164335	-1.926010	-0.441861	-0.375416	-2.288330	-0.039928	-0.030241	-1.921183	1.381813	-0.669495	2.527045	0.394997	-0.222513	-0.966244	0.408303	1.128744	2.803427	-0.067085	-0.364480	0.617986	-0.538760	-0.077632	1.157802	-2.014984	-1.270105	1.740436	0.751582	-0.588176	0.763063	0.781754	1.120913	-0.747437	1.775802	-2.187398	0.326069	0.320653	0.389368	-1.836835	2.180775	-1.238423
-0.985069	-0.262358	-2.436497	1.479238	1.585233	-1.688328	0.823469	-1.007754	0.351256	-1.572483	1.167115	-2.172996	0.176144	1.311688	-2.139791	0.703920	0.652488	0.360695	-0.228460	0.719682	-0.340900	0.030465	1.028261	-2.271504	-0.840041	-0.971275	1.799681	-0.013532	0.078712	0.460526	0.154535	-0.315926	0.964216	2.023412	1.494306	1.470581	-0.488822	0.313237	0.441534	0.924651	-3.002405	1.438950	0.742944	-0.760932	0.451844	-0.883523	0.728304	-0.224730	0.004540	0.891739
-1.994279	-2.597050	0.730139	0.317624	2.025615	-0.664849	1.247693	-1.297105	0.248361	0.285033	-1.772205	3.035171	-0.229586	0.968904	2.622198	-1.471618	-1.467040	1.283065	1.856482	-1.876402	1.418835	-0.828865	0.537439	-0.963358	0.020821	-0.733763	-0.281112	-1.722867	0.945285	-2.556653	-0.242734	-1.455711	-0.396729	1.258532	0.568337	1.081210	0.989075	1.449766	1.458982	0.432270	0.296022	-1.448203	1.972825	1.328056	-0.167880	-1.792534	-0.677681	0.048072	0.617807	0.167497
-1.373347	-0.505986	-2.058330	1.618148	-3.693209	-1.869988	1.548629	0.072688	1.971995	0.805988	0.071394	-3.172210	-0.898108	-1.817025	0.740063	1.715170	1.316169	-1.943420	-0.860042	1.712219	0.305840	-0.068431	-0.402283	-0.839512	0.926808	1.555599	0.575912	0.850285	2.326345	-1.655494	-0.626162	0.810415	-2.061190	-0.262651	0.839790	0.567670	-0.353266	0.301660	0.872417	-1.933098	-0.026178	1.120360	-0.125070	-1.759084	4.347279	-2.337036	1.777721	1.187482	2.528968	-1.448190
-0.416614	0.714901	0.851890	0.742591	0.266307	-0.002657	-2.110761	1.155708	0.978644	0.327602	1.536746	4.277868	-1.182920	-0.017494	1.430240	2.557589	-0.065560	-0.444121	-0.239438	-0.498861	-2.672109	-0.009727	0.476820	-0.695712	-0.110603	-0.173079	2.702531	2.668440	-1.533400	-1.405817	0.190363	-1.043033	2.565348	0.096444	-1.911007	1.467623	-0.807183	-0.848077	-1.756419	0.784096	0.352783	-1.230648	0.935790	2.668612	0.190008	-0.865514	-0.823202	0.005611	-0.821966	0.747080
-3.269825	-0.129477	1.091455	-0.352755	-2.706594	-0.443576	-0.239517	-0.359068	2.145196	0.355665	1.003859	0.186273	-1.389496	0.048850	0.069171	1.780415	-1.658754	-2.380051	2.076958	-0.785218	-2.719831	1.007651	-1.277279	-1.059713	1.539658	-0.166683	0.012681	-0.039154	0.279173	-2.615999	-0.961938	-0.789083	-1.290205	0.875443	0.172970	2.018859	0.136252	2.010288	2.330597	-0.016886	3.128504	-1.153766	0.035948	0.282871	-1.183637	1.285563	3.077030	-0.343361	2.337863	-1.472955
1.072422	-1.474602	-2.658391	-0.628485	1.572853	0.067851	0.467190	0.564082	0.209317	-0.522094	-0.310879	-3.269806	0.480440	0.506578	-1.058484	0.662777	-0.685417	1.230161	-1.279136	1.631751	0.191567	-0.734163	0.605911	2.607606	-1.199981	0.080266	-0.127553	0.017138	-1.195254	-0.295785	0.076343	0.003408	1.596422	-1.900676	1.054220	-0.645404	0.033493	-0.916517	0.044828	1.837664	-3.456045	1.018852	-0.912753	-1.720328	-0.561117	0.606974	-1.135648	-0.653460	0.376824	0.717225
-1.272645	-0.851564	1.600232	0.468154	-0.148092	-1.290157	0.135330	-3.094813	0.079528	-1.740411	0.071273	-0.293324	-1.627357	1.973880	0.440907	1.840278	0.805399	-1.976341	-0.627312	1.002736	-0.075485	-1.876357	0.909497	-2.895897	2.020257	-1.021194	-0.628204	0.099787	-0.464850	-0.195336	0.793652	-0.213010	0.746925	-0.547200	-1.305410	0.105589	-0.728599	-0.475608	0.724004	-0.516399	2.528202	-0.318189	0.745144	-0.585287	1.262536	-2.268014	0.528963	-1.659949	-0.227480	-0.838341
-1.185424	-1.715740	-2.281201	0.091288	-1.158745	-0.949666	0.011737	-1.789081	-1.201945	1.144859	-0.433472	-0.060026	-0.558568	-0.995819	0.849114	-0.639605	1.326106	-1.308227	3.009783	-1.046124	2.503475	-1.084263	-1.027678	-0.684854	0.325891	-0.839101	-2.299697	-0.991040	3.266832	-0.465315	-1.082856	1.317374	-1.192810	-0.045076	2.352553	-0.508224	-2.856250	2.679604	2.561999	-1.073205	-1.744916	1.629302	-0.595310	-2.279552	-0.275695	-1.479333	0.252312	1.650830	-0.256806	-0.417521
0.665943	-0.685996	0.260823	-0.484684	3.539968	1.337590	-1.880373	1.997012	0.571663	0.601497	0.448237	-1.138529	1.645904	-0.601998	0.677744	-2.282097	0.821166	1.348206	-1.735444	-2.328027	0.411477	0.026212	-0.629852	0.140947	-0.873502	0.245040	-2.498229	-1.601465	0.411657	0.891690	-0.226053	-0.614537	-0.501159	-0.007920	-1.789667	0.058671	0.661928	-1.277988	-0.976847	-0.174211	0.802785	-0.747792	0.662867	1.782291	-1.670139	-2.910448	1.980745	1.078663	0.927058	-0.676547
-0.264611	-0.756560	-0.746514	-2.552412	-4.098733	1.160312	0.746462	-1.512018	-1.675911	0.456351	-1.562297	1.022127	-2.004664	0.221271	1.605204	0.253976	-0.885148	-1.243272	-1.488552	0.340251	0.172134	1.257686	-2.023977	2.417792	1.554562	-1.750595	-3.785266	0.735740	-1.611046	-0.897229	0.643561	-2.319154	1.225006	0.003432	0.214228	-0.713142	0.889800	-0.858103	0.189550	0.896693	-0.175237	-1.557007	0.591865	0.510026	-1.784981	0.137887	-1.782776	0.817111	-1.496573	1.260688
1.296388	0.209534	0.951720	-0.047680	-0.542764	1.386060	-0.044806	2.761674	-0.062083	-0.033320	0.180471	0.440738	-1.765627	-0.542531	-2.056915	-1.487453	-1.137543	-0.903078	-0.347639	0.282173	-1.367608	-0.571895	-0.382325	1.554641	-0.190387	1.203549	-3.860921	1.014373	0.876706	-1.237004	1.256794	1.341400	0.373790	2.118795	-1.250487	2.655993	-0.593077	-0.490144	-0.150604	-0.273622	2.496858	2.078418	0.814030	-0.674040	2.578814	-2.495798	2.213449	-0.101111	0.215748	-1.422992
0.318294	0.442578	1.030730	-0.528331	-1.114388	-0.170610	1.428537	-1.495154	-0.068733	-0.058619	-1.574219	0.151246	-0.279217	0.851246	-1.166415	-1.420126	-0.694427	-0.338723	-0.783640	0.647666	-2.242532	-0.946068	-0.344134	-0.793080	-0.399403	1.003495	-1.983560	-0.466004	-0.591051	-0.092665	0.036993	-2.359791	0.135284	0.185712	0.894297	-0.692084	0.222735	-0.527612	-0.767555	-1.272402	-0.398042	-1.262981	-0.773869	-1.049998	0.648289	1.134557	-0.775981	0.347031	-0.121523	-0.006816
-0.497361	-0.600459	-0.405451	-1.072599	1.326521	-0.076731	1.927649	-0.397638	-1.345980	0.058126	-1.300231	1.523409	-1.001449	-1.682302	-1.374799	0.211304	-0.816982	1.791137	-1.402656	1.190600	2.014642	-1.285851	0.834545	-1.856515	-0.202670	0.316761	-0.768427	0.130830	-0.648242	-1.007611	-0.281356	2.545945	0.045611	0.962687	0.734866	-0.521025	-1.212064	-0.568310	-0.027003	0.669269	-1.922584	1.740437	-0.216031	0.126242	0.615916	0.591752	-1.045295	-0.685784	-0.169037	0.548212
-3.694899	0.773397	-2.300239	-1.078553	-0.263324	-2.139751	-1.458927	2.079637	-1.097724	-2.471975	-0.645998	2.064018	-0.981472	-2.132316	1.522137	0.557775	1.110418	-1.038056	-0.284637	0.380478	-2.430420	0.349663	-0.320369	-0.054748	1.330233	-1.372611	-3.196156	1.305631	0.201070	-3.408611	-0.386181	0.003476	-1.587549	-1.146405	-0.130822	0.833717	-3.733977	1.760161	1.137641	-0.342216	-0.599980	0.793870	0.958296	-0.361231	-0.790305	-0.956379	-0.738230	-1.449613	-0.270496	-1.216782
1.214016	1.146467	1.889222	1.101313	-1.810462	-0.259482	1.707476	-0.836208	0.940569	-0.354055	-0.208320	0.262845	-0.233189	-0.660708	3.314848	0.533980	1.545707	0.831646	2.067707	-0.543196	-2.337965	-0.796598	0.025136	1.131662	-0.213730	1.015998	0.367560	-1.293476	-0.036465	-1.572244	-1.331350	1.613276	1.938761	2.116900	1.186250	-0.533834	0.847638	0.763646	0.483429	0.403179	-0.055517	1.277533	-0.084977	2.207836	0.304241	4.240490	-0.946942	0.827400	0.857807	0.730590
0.924827	-1.792735	-1.141273	1.659210	-0.429675	1.141868	-1.375323	-0.970051	-2.628101	0.833257	-0.038486	0.951375	0.788026	-0.357242	-0.315629	-2.285185	0.167067	1.579006	-0.005969	-2.078581	-0.638949	-0.675124	0.857175	-2.603682	-0.906886	0.486143	0.360288	-0.727982	1.033962	1.036841	-0.890221	-0.317579	-0.585470	-1.556635	0.547253	0.356015	0.435769	0.849109	0.754652	-0.109559	-0.623505	0.882676	0.036206	1.006644	0.398017	-1.928677	0.876645	0.527291	-1.379928	0.804430
0.030470	0.082628	1.339118	0.906127	2.738506	-0.165037	2.041018	0.548506	0.131218	0.423109	-0.687666	2.679545	-0.959197	2.046575	0.179444	-0.411981	0.360714	2.091228	0.065315	1.018112	0.630019	-1.042316	-0.622215	0.357480	-0.935859	0.132382	0.126883	0.120630	-2.092305	-1.327125	0.449031	-1.618532	-1.444817	-0.994407	0.311596	-1.006656	0.743271	-1.538179	-2.179734	0.239489	1.240780	-1.216500	-0.997559	1.971333	-1.639895	-2.099442	-2.117879	-0.702768	0.859992	-0.575416
-0.396185	-1.330002	-1.906104	-0.050537	-2.632840	0.184481	0.040088	1.413723	-5.330811	-0.241422	-1.042898	2.990639	0.125082	-0.422685	-1.217445	-2.391780	0.513436	-1.502060	1.620967	-2.087140	1.445702	1.587349	-1.170668	-0.358384	-1.472427	0.830862	-1.664462	0.172017	0.158141	0.540350	-1.211458	2.700364	-0.154243	-1.476912	0.553120	-0.607454	1.725270	0.143328	-0.156259	0.017731	-0.174463	1.975669	-1.332434	1.931586	0.070626	-2.540685	0.049033	-0.330277	-3.174679	-1.507675
-1.963049	-0.030755	-0.774117	1.379091	-2.273619	-0.179693	-2.685654	-2.910630	-1.260021	0.326499	1.451287	0.839708	1.453980	0.115032	-1.030661	0.113518	-0.077755	-0.509709	0.077721	-0.828627	0.193429	-0.845191	0.192807	1.765592	-1.206299	1.520194	0.079667	-0.337264	-4.473486	-0.511520	-0.962855	-1.858486	2.010390	0.372522	-2.738811	0.851360	-0.661266	-2.079156	-1.403939	0.154530	0.124608	-1.274239	1.201674	2.387163	-0.037293	-2.497581	0.827987	-0.847766	-1.784107	-0.606047
