X49	X24	X23	X8	X3	X31	X17	X5	X27	X47	X32	X36	X18	X2	X40	X28	X4	X15	X37	X22	X1	X20	X13	X14	X6	X46	X43	X50	X12	X26	X34	X10	X45	X19	X7	X11	X30	X9	X29	X42	X48	X44	X16	X41	X35	X38	X39	X33	X25	X21
0.769712	-0.563266	-2.792212	1.252480	-0.900401	-3.444377	-3.025313	1.934298	0.356591	0.176484	-0.794429	0.074028	-0.700560	-1.474111	0.803337	0.379440	-1.068180	-0.948278	-1.313292	-0.428226	-0.548902	-2.458020	-2.059206	-0.279657	-1.095771	-1.899393	-1.685397	-1.915267	-3.116841	-0.709731	0.778160	0.253896	0.478882	1.209951	-1.464903	0.757829	0.886391	1.112898	-0.256236	1.122121	1.652755	-0.921473	-1.208627	0.165497	-2.422036	-2.208871	-0.917251	-2.800903	-2.768903	2.151894
0.638778	-0.167803	-0.443269	0.922715	0.541960	0.556826	-0.939645	-0.592481	1.081421	-1.046638	2.584603	-0.026037	1.505997	-1.623069	-0.942490	-1.814647	2.831052	-1.587052	1.183723	-0.134950	0.377523	-0.348047	-1.913136	0.309948	-0.785373	0.475771	-2.105996	-1.425285	2.113441	0.672487	0.210400	0.883481	-0.208291	-0.650564	-0.164002	-0.658692	0.926149	1.877115	0.254409	-0.606264	-0.187914	-1.388709	-0.199828	-3.143806	-0.574125	-1.909751	-0.393019	0.790583	2.120587	0.099425
0.949489	3.763736	2.136173	1.368592	2.614589	1.252190	-2.999922	0.813907	-0.506362	-0.989086	-0.713815	-2.087888	1.671460	0.382085	-0.279285	0.749056	0.591277	-2.071672	-3.858856	0.508158	0.247939	-1.016852	-1.481907	0.359897	2.013004	1.237890	-0.395592	0.871647	3.423257	1.183161	-0.400321	-2.239779	-1.593463	0.004551	0.960422	-1.740904	0.250643	0.800449	0.023860	1.056387	0.677435	-0.442028	-3.394016	0.376015	-0.318612	-0.247425	0.108589	3.622219	1.040196	0.152720
-2.362460	1.978947	-2.154283	-1.109940	-0.630303	1.360245	0.332327	-1.492800	-1.608914	1.169020	0.206375	1.149010	-0.777063	0.683548	0.936238	-0.865223	-0.824160	0.604404	-0.181220	-1.489967	-0.097769	-0.263634	1.826065	-2.127578	1.337943	-0.768906	-0.696864	0.769506	-0.869513	0.492359	2.311365	0.674769	-1.606464	0.533618	0.817590	1.578095	-1.775394	0.476488	-0.067694	-1.017832	1.564036	-0.531037	-0.264851	1.019504	1.350707	0.694383	-1.772102	1.418680	0.685491	-0.061102
-1.840667	0.930107	-0.047510	1.401480	-0.266805	-2.570512	0.112047	0.333062	0.250525	1.537003	-0.115511	0.320569	-1.021819	1.351174	-0.033752	-0.033377	-0.696419	2.061451	2.439718	2.164194	0.502508	0.961304	3.682652	-0.708936	-1.142603	1.521689	-2.374275	-2.105521	-2.622976	-1.119878	-0.688668	0.315933	-0.037577	1.463646	0.089741	1.015338	-1.614205	-0.711097	-0.183515	-1.731365	0.441230	-0.874081	1.035544	0.748088	-1.116267	0.329014	1.057395	-1.128942	-2.656626	-0.011413
1.154330	2.516713	0.833076	2.205371	1.603937	-0.333295	-1.495124	-0.355972	-0.202795	1.270253	1.810081	1.155562	-1.118318	-0.072701	2.571905	1.057907	-0.882233	-1.748225	-0.040436	1.440260	-0.122864	-0.187172	-1.208457	-0.030667	-0.707250	1.571017	1.637620	-0.867929	-1.812546	0.590548	0.941523	0.423776	-3.315631	0.540985	0.438373	0.678733	-0.540544	0.502026	-1.754113	-0.316281	0.797937	1.502278	-0.724064	1.973644	-0.894287	-1.131006	-2.481043	-2.484654	0.597216	-0.109030
-0.207365	-0.532760	0.788583	-0.179074	-0.260536	2.013855	-0.041404	-0.993548	1.945733	-1.101616	2.607297	0.848449	-0.688990	0.661739	-0.182338	0.029842	-0.725904	-0.308631	-0.125198	0.416521	-0.761805	1.949325	0.765107	1.468820	1.953252	0.994197	1.794499	0.251836	-0.465613	-1.209301	-3.011858	-0.174202	-0.278531	1.198865	0.357716	-2.583849	1.519094	2.120634	-1.525131	0.306675	-1.376081	-0.407113	1.688932	1.051270	-0.240186	0.316228	-0.302744	-0.363684	0.287582	-0.974361
-0.941709	-0.857676	-1.437397	0.397404	-1.527077	-1.782104	-0.770411	-0.098800	1.728618	0.505913	1.347019	0.630834	0.132316	2.665426	-0.670887	-1.852779	0.745127	0.259146	0.832080	0.750317	2.433925	-0.445378	1.029229	0.571275	1.009442	1.817802	0.048461	1.858571	-0.763140	-1.774028	-0.575598	0.934630	0.804482	0.139095	-1.252434	-3.672287	1.490669	0.045932	0.209496	-1.714836	-2.146752	-0.978593	0.378111	-2.371836	-0.735212	-1.493202	0.434978	-3.599753	-1.248679	1.030784
-1.122240	-1.593183	1.648153	-0.155601	-0.102677	-1.477662	1.960227	0.949654	0.826583	0.162454	1.993152	-0.687475	-1.857305	0.327367	-1.063326	-0.429505	-1.130038	2.201830	1.929206	-0.138925	0.170220	-0.504591	2.594125	2.090853	0.207509	2.167283	1.011445	1.310200	-1.924710	0.436029	-0.224239	2.743246	-0.465274	-0.732436	-0.403954	-0.642032	-0.130532	0.365420	-1.939266	-1.646154	-0.750049	0.217879	1.147768	0.813163	0.173104	1.283878	-0.372182	-1.946950	-1.780112	0.084424
-0.224232	-3.178586	-1.006360	1.399739	-1.787043	-0.324148	-1.842012	-0.823385	1.612755	0.156661	0.071200	0.723939	2.253675	1.084968	-1.037921	-0.546109	1.138728	-0.701875	1.054112	-0.547082	-0.099771	1.594117	-0.075425	0.207803	2.431981	-1.687917	0.344598	0.754844	1.445322	-0.703709	0.869212	4.436204	0.396278	1.941414	-0.189756	-1.373992	0.348911	-1.173248	0.086534	-0.451779	-0.154211	-1.832852	1.791886	-2.113259	-2.368895	-0.849836	1.556137	-1.125490	-0.018353	0.516695
1.250084	-0.000115	-0.141168	2.624230	1.190464	0.186440	-3.189168	1.183363	0.480884	-0.807669	0.732335	1.173662	1.996608	0.701239	-0.814935	1.220602	0.283978	-2.756464	0.143042	-0.537861	-0.065284	-0.550691	-1.219534	-0.103206	3.805808	2.473197	-1.440445	0.077114	0.418029	-1.104881	-0.655804	1.066624	0.483694	0.773980	-0.838265	-1.247733	1.032945	-2.205391	0.620601	-0.850750	-0.929163	-2.681714	-0.679364	-1.462947	-0.039123	-1.660708	0.042508	-1.296442	-0.756040	-0.251006
-1.335334	0.665387	-1.676916	0.628583	0.455223	0.510239	-0.003005	-0.388580	-0.663208	1.229827	-0.087348	0.044511	-2.341887	1.770952	2.004225	-2.913060	-1.052002	1.273115	0.323955	-0.449791	1.166197	-0.590913	3.508305	0.300003	-0.933016	-0.358765	-0.257050	0.268266	-0.114517	1.814554	-1.987173	-0.001572	-0.410371	0.359295	4.180051	0.010274	-1.459100	1.172884	-1.406120	0.438342	0.379236	-0.139118	-0.476913	-0.570761	-0.403892	2.514879	-1.822943	3.033712	-1.140378	-0.949889
0.483684	-0.715846	-0.898542	1.083138	-0.106466	-1.123824	0.117047	0.515969	1.287506	-0.709641	0.247399	1.250622	-0.397944	0.885738	-0.492497	-0.018170	-1.952651	-0.361489	-0.572543	2.284981	0.528158	-0.949209	-0.463202	2.033763	0.570031	1.235472	-0.013014	0.691381	-2.562655	0.967168	0.822255	-0.525888	-0.234615	0.203645	-1.659590	-1.160093	1.409868	0.645796	0.406240	-0.696855	-1.655331	0.428908	-1.068045	2.023660	-0.539116	3.387322	0.773780	0.423074	-1.979821	2.699505
0.850082	-3.064380	-1.104635	0.312203	-1.461439	-0.538911	-1.303550	1.752896	0.411157	0.574736	-3.013483	1.522568	-0.543239	-2.986286	-1.904695	-2.107755	2.004245	1.390350	-0.805607	1.168402	-1.464089	-0.692881	-1.388120	-0.853751	0.568097	0.620246	-1.532877	-1.642591	0.725543	1.305415	-0.365933	-2.216171	-2.174187	-0.209180	0.165809	0.367660	0.820946	-0.619130	-1.028093	-1.000583	0.317981	-0.343867	-1.620167	-1.090219	0.936662	-0.062620	-0.159087	-2.195380	0.855171	0.827098
0.227246	2.431617	0.282102	-0.772357	2.279735	0.633275	-0.435659	1.671805	-0.599491	0.329223	0.121015	-0.202907	0.623012	0.901879	-0.514617	1.614713	-0.505627	-2.379056	-0.537114	-0.432966	-2.629821	0.476522	-1.098386	-0.499791	-1.933923	0.875001	-0.225010	1.009483	0.049688	-0.616280	1.777403	1.599774	-0.534616	1.363615	0.895187	0.609093	-0.369813	-0.731492	1.117450	-0.393950	0.484607	0.527412	2.252819	0.911040	-1.000402	-3.241925	-0.009576	0.035968	-0.455986	0.874105
-1.120063	0.822195	-0.863591	-0.565715	0.070888	0.802347	1.186349	-0.565109	0.169434	-0.466402	-0.161964	0.343598	0.740349	0.339348	0.854651	-0.097225	-1.063283	0.744330	1.190490	-0.883579	-0.655641	1.040962	0.415922	-1.607439	1.397304	-0.547215	-1.713558	1.235408	-2.326516	0.043287	0.716941	1.951511	-0.180739	0.784695	-0.846487	-0.445101	-0.324495	0.948113	0.684359	-1.707953	-0.080576	0.946637	1.658488	1.920171	-0.981434	-0.614604	-1.732754	-0.261438	-0.230554	-0.755663
-0.912302	0.842656	2.087510	-0.212397	1.595058	-0.133563	-1.860073	-0.093852	-2.965388	-1.176519	-2.361048	-0.154459	-1.139756	1.596652	-0.075978	0.692333	0.894260	-2.102561	0.390808	1.793030	-0.279722	1.279429	0.078104	0.130201	0.756694	-2.742792	2.191557	-0.783815	0.340200	0.488966	-0.692561	2.946061	-2.713709	1.703290	0.249949	-1.604942	1.942739	0.055291	-1.811379	1.517161	0.671230	0.442109	0.884979	-0.327274	-0.288886	-0.971037	-1.741401	-1.921796	0.985478	-0.127102
1.075607	-1.355053	-2.551830	0.811134	0.555540	-0.604381	-1.918302	0.198979	0.271958	-1.452567	0.874769	-0.411961	0.375694	-0.282824	-0.190903	-0.824478	-0.818583	-1.175317	0.411267	0.301643	0.664552	-0.361101	-1.800537	-0.651887	0.211093	0.620011	0.587002	-0.014913	1.115636	1.302383	0.178019	-1.192720	0.354016	-0.673693	1.331511	0.971775	-0.227194	-0.402510	-1.227732	-1.181262	0.747278	-1.468156	-0.377916	0.992960	-0.644422	-0.618267	0.715149	0.375048	-1.778078	1.283205
0.607895	2.020321	0.285319	0.470583	-0.279071	-0.762784	-0.763536	-0.479029	-0.042806	0.581370	0.365270	-0.196438	3.410073	-1.612313	-1.160192	1.034753	-0.284940	-0.866168	0.478781	1.366005	0.116358	-0.401167	-1.100683	-0.321688	2.134032	0.651905	1.009899	-1.241887	0.778681	-0.739758	-1.197811	1.401931	-0.277307	-1.008896	0.538051	-2.105550	2.232351	-0.534511	-0.300553	0.686411	1.226270	-1.100087	-0.148311	0.490840	-0.337598	-3.355427	0.219959	-0.119769	0.363222	-0.212628
1.155599	-1.210831	-2.500634	-0.509733	-1.570293	0.444913	1.502648	1.366734	-1.783833	3.174184	-5.771187	-1.358051	0.314910	-0.513173	0.123278	-0.338984	0.856752	1.876471	0.028811	-2.657535	0.058704	1.314840	-0.114929	-3.223544	-0.266609	-2.327138	-3.330305	0.781306	2.347646	1.236113	-3.183739	3.722622	-0.418254	0.420004	2.175982	0.204689	1.687548	-0.718837	0.892693	-0.044450	-0.850402	-2.169069	1.531439	-0.557293	-0.393427	-0.436878	-0.307538	-1.941111	0.520850	0.148453
-2.084857	0.125753	-1.332941	-0.611997	-1.482040	-0.237950	0.254685	-2.510210	-1.015814	-0.252536	-0.199071	-1.869833	0.824992	-1.645862	-0.401189	-0.659368	-1.135429	2.317535	0.093133	0.156894	0.805607	0.433193	0.704919	-1.334527	0.076754	-1.645134	-1.813512	-1.877246	-4.281676	-0.497636	1.170711	0.391304	0.562661	-0.347672	0.728321	-1.448933	1.167910	1.464408	-0.764017	-0.142540	1.176187	-2.244339	-0.422270	0.048554	0.554673	0.084439	-0.401209	-1.972150	-1.573999	-0.357502
-1.256734	-2.980389	-4.187527	-2.045242	-5.127121	0.873919	0.888912	-1.007598	3.135992	1.474983	-2.013444	-0.503810	-1.634740	0.440137	-1.302842	-1.762059	0.586873	3.195413	0.059043	0.209744	-1.295304	1.401645	2.420008	-0.081392	1.876616	-1.969953	-1.651165	0.609538	1.703709	-1.754056	-0.445727	0.945847	1.878559	-0.455711	0.294230	-0.504141	-0.907576	1.544367	-0.517750	-0.168484	1.478481	3.372699	2.331144	0.766902	2.420468	-0.587290	1.990696	-0.166739	-1.485743	-0.552933
-1.335178	0.554294	-1.527626	1.411164	0.109419	-0.526983	-0.329306	0.706577	0.943075	0.009341	0.866481	-0.298508	-0.367986	1.048356	0.338158	0.763580	1.693916	0.156069	0.025507	0.001157	0.669713	1.399588	1.003136	0.694241	-1.095516	-0.887335	0.175955	2.053368	2.048599	0.440301	2.324084	-1.805544	0.407194	0.248805	2.460060	-0.176945	0.679574	-0.559644	-1.521602	0.972330	0.095325	2.019441	-1.933518	-0.893915	0.781139	0.259070	1.069385	-1.556595	0.877773	2.280653
0.771093	0.572967	-0.424422	1.450307	0.150962	-1.779949	0.243552	0.403919	1.726599	-0.214077	0.960831	0.271468	1.394815	0.114421	0.365473	-0.012656	1.679083	0.225203	-0.763572	2.460872	0.283692	-0.929525	0.270980	-2.082183	0.174175	0.797836	-0.911420	-0.489228	1.380113	1.039868	1.878326	-0.001563	-0.791514	1.614132	1.391309	-1.934964	2.710296	-2.127031	-0.484247	-1.998103	-0.733340	0.688676	-1.429188	-0.458553	1.488300	1.250420	0.443371	-0.302547	-0.535406	0.809296
-0.216733	1.287566	-1.434761	0.423433	-0.040442	-0.476521	-1.800953	-1.141469	0.142405	-0.457303	-1.840732	0.658139	1.274613	2.038818	-0.061731	1.303457	-0.340877	0.248988	-0.123350	2.138829	0.971581	-0.341360	-0.902773	-0.337454	-1.379699	0.843560	-1.751830	1.563617	-0.484962	-0.261768	1.245416	-0.763811	0.075071	-0.558709	0.060598	0.466182	-1.248565	-0.924751	1.229518	-1.523316	-0.684116	1.974159	-0.222440	0.848931	0.103393	-1.429771	-0.065642	-1.905615	0.951841	-0.260365
-0.746066	-0.308257	-0.644347	-0.216086	-0.850898	0.840183	-0.264819	1.789991	0.431204	-1.232327	-1.895099	-0.246848	0.357574	0.013496	-2.210067	-0.372853	-0.755407	1.051090	1.454332	-1.214912	-0.625640	1.780372	0.142083	0.395023	-0.299280	-1.461730	-1.973731	1.177805	0.418787	-0.189115	0.389755	-0.245371	4.275409	-0.779811	0.881728	-1.153307	-0.177147	-0.543062	-0.562193	-0.859666	-1.305857	-1.173622	0.580409	2.016194	0.253646	-1.986266	3.329171	-1.473018	0.181604	-0.385145
-1.703885	-3.953353	-0.271070	0.618727	-0.366312	-0.086724	0.811572	0.923892	-1.026355	0.233076	1.539841	0.546612	0.489334	1.554586	0.277259	-0.119692	0.128511	2.261423	-1.207334	-1.356010	-2.328361	0.720289	3.591956	1.223236	-1.261404	-0.173893	1.840884	0.840646	-0.245109	1.836016	-0.502287	-4.102567	-0.136410	0.556907	0.732095	-1.193416	0.421789	0.222612	-0.763578	0.553078	-0.151455	0.113966	-1.939983	0.321629	0.264436	-0.315437	-0.719664	-0.844027	0.104715	0.441914
0.111011	1.629562	-0.341427	0.366606	0.268993	-1.691702	-0.309256	-0.199107	-2.107980	-0.941182	2.285072	0.678958	1.134490	0.418596	0.572896	0.801530	-0.960511	-1.606414	-0.402202	1.386911	0.120130	0.669548	-0.588649	2.480190	-2.694368	-1.797558	0.030674	0.372099	-1.564167	0.209155	0.256922	-1.520999	0.217971	0.020285	-1.381838	1.596788	-1.903710	0.465691	-0.137532	-0.991180	-1.372745	0.554179	1.659766	0.699131	-1.650919	-0.515284	-0.854777	-2.568358	-0.560060	-1.381651
-0.717942	5.009784	1.686159	-1.951268	2.656224	-1.255665	0.392858	-0.178260	-0.273384	0.939130	-0.798474	0.336579	0.860046	-0.360113	0.484626	1.506819	-0.996022	-0.935798	0.731838	-0.538047	-0.538750	0.783273	-0.436114	1.673841	-3.124480	0.305926	0.533406	-1.292439	-1.748937	0.821600	-0.218084	1.751408	-2.124692	-0.561204	-0.867894	1.163583	-0.652458	1.668894	-3.068923	-0.205686	1.411355	1.693066	1.753623	-1.111686	1.828742	0.976731	-1.027191	1.062185	-1.047308	1.125583
-0.608899	0.458128	-2.058969	1.154420	-2.110042	-0.084485	0.723921	-0.043766	-0.224445	0.585957	0.209016	2.077809	0.002364	-2.483786	-1.281783	1.469786	0.485724	1.889940	-0.937013	0.666911	-0.313656	-0.860000	0.532790	-1.504625	0.338338	1.259537	-1.368984	-0.751545	-0.250833	0.550666	3.466088	-1.837641	-1.012595	-0.372462	-1.042467	-0.285304	1.093562	2.561784	1.972629	0.413931	0.052882	0.416427	-1.202584	-1.797257	-0.739376	-0.071211	-1.079449	0.238865	0.798466	-1.309012
-0.073432	-0.045316	1.090473	0.740082	0.384843	1.605231	-0.568758	0.453804	-0.645587	0.497140	1.359699	0.235164	-0.406485	0.088513	-0.257810	-0.111857	-0.295246	-0.959621	-1.456322	-1.239068	-0.205941	0.017893	-1.004878	0.859515	0.248867	-0.610687	-0.438241	-0.627976	0.185705	0.873229	-1.751253	0.226783	-0.557690	0.281134	2.141718	-1.332474	1.016509	-0.169708	0.514672	0.533458	-3.205312	0.691140	-0.293304	1.755288	2.507217	0.715447	-0.529214	0.375965	1.333172	-0.110999
-1.121174	1.355112	2.643119	1.212475	1.976750	1.473433	0.095112	1.387875	-1.595626	1.191662	-3.936802	0.764964	-1.583365	1.029768	-1.287974	-0.518069	-1.787052	0.451027	0.351541	-1.074376	-1.213728	-0.368103	2.501541	-2.531888	0.006957	1.781234	-1.298839	0.620790	1.799037	-0.177337	2.133422	-1.054393	-1.373121	-0.705751	-1.198703	-1.824695	0.628644	-0.217210	-0.308385	-2.490890	1.551550	0.041566	0.130172	1.257251	1.312326	1.255257	-0.956475	1.068701	-0.898353	-1.418064
-0.188508	0.782984	0.184953	-1.224324	-0.883575	-0.520547	1.484145	-0.351819	0.138871	-1.861311	0.302517	-1.168996	-3.250309	-2.179159	-0.846404	0.202677	0.670333	0.031654	0.331147	-0.153606	1.618510	0.702502	-0.319032	0.008657	0.009382	-0.600962	-0.716850	-1.470787	0.937491	-1.121913	-0.715547	0.490101	-1.972782	0.276899	0.240660	1.004981	-0.090556	-0.434054	2.007841	-3.208437	1.243435	1.966020	0.096542	0.183021	0.171885	1.458299	-1.556287	-2.115452	-0.887194	1.114907
0.002641	-0.798585	1.143529	2.493086	-1.306496	0.543277	-1.018703	-0.852259	-1.640168	0.286947	1.837387	-1.359646	-1.344154	-1.754084	0.637232	-0.969584	0.417616	0.011716	-0.258649	-0.516921	-0.286532	1.070100	0.018388	1.885539	-0.522148	-1.552775	2.350893	-2.853478	-0.418184	-0.781287	2.625933	1.882998	-0.029543	-1.695420	1.424691	-3.989527	4.205983	0.346629	0.883067	1.539952	0.030475	0.364732	1.021307	-2.356701	0.047130	-0.803172	-0.635692	-2.035802	0.506624	-0.290278
1.394410	-2.117677	-0.299124	0.381650	-2.733339	-0.756348	-0.405766	1.652434	-1.373271	-2.286203	-1.829031	-1.512511	0.645432	1.829778	0.384593	-0.862567	0.079255	1.698287	0.593895	0.771620	-0.840112	0.839471	-1.569669	-0.757596	0.610229	-2.263106	-1.404575	1.279671	-0.110375	0.096042	-0.858204	0.276285	-0.600404	1.586560	-0.994066	-1.114211	-0.743674	-0.268773	-0.143357	-1.693679	2.028274	-1.207875	0.452809	-1.074434	1.527359	-1.142415	-0.230753	-1.463164	-1.009035	0.370207
1.831350	-1.136844	0.070206	-0.136014	-0.549204	-2.021169	-1.322522	0.562827	-0.451269	0.482838	-3.575279	0.277390	2.328449	0.933105	1.524159	-0.912777	-1.838689	-1.456928	-0.721482	0.198802	1.236546	0.984920	-3.412162	-1.246172	-1.426901	-1.382570	0.598798	2.070685	-2.421627	-0.263756	-1.080228	-0.115985	-0.019032	-0.379370	0.156743	-0.906589	0.583538	0.893723	-0.905068	-0.870952	0.333421	-0.831798	0.474714	0.752708	0.230148	-1.735133	-0.353908	0.607625	-0.930960	0.379961
0.247523	-1.290486	3.254404	-0.402734	2.508085	1.540475	-0.713148	0.499527	-0.490431	-3.196250	1.705406	-2.442978	-1.144129	1.856357	3.003007	0.895191	1.612591	-1.849273	0.378206	-0.796469	1.622016	0.397713	-0.642888	-0.137897	-1.965200	0.159865	1.937514	0.664273	3.444809	0.559363	0.654465	0.179206	-1.790912	0.875018	-2.290666	0.748713	-1.766888	2.465413	2.564880	0.369294	0.789239	2.241767	0.881322	-1.405047	-0.355306	2.630695	-2.398042	3.343558	1.506996	-1.036248
-1.827080	1.942277	0.936136	-1.177246	2.268107	-0.232930	-1.079672	-1.079147	0.575696	-0.185754	-2.361150	-1.012609	0.986842	-0.522776	-0.187254	1.559324	2.349677	-2.206907	-0.508613	-0.896211	1.322008	-0.371320	0.630204	-0.248975	-0.752977	0.086179	-1.590156	0.066584	0.304218	-1.645294	1.516303	-1.190734	-0.064443	-1.132224	-3.355194	-0.538510	0.548465	-1.881984	0.650855	-0.729833	-0.332395	1.016265	0.103808	-2.773680	-0.074228	0.776452	-0.022197	3.001541	0.585483	0.606943
0.232196	-1.776048	-2.818667	-1.037464	-2.141736	1.709839	1.640455	0.410553	1.707225	-1.742085	0.841528	0.205704	-0.850847	2.162971	2.141077	-0.279382	-0.264681	1.665512	-0.658313	-2.267020	1.648096	0.565209	-0.353781	0.176080	0.671369	-0.030357	2.094071	0.328879	-0.652937	-0.653934	1.284446	2.754067	-0.422419	0.183032	1.364078	0.218545	-1.469720	3.453314	-0.403565	0.753843	1.537094	1.082405	1.927139	1.494780	-0.556403	2.700023	-1.026427	-0.072059	0.564281	1.598706
-0.653006	0.630386	0.304035	-2.259232	1.039522	2.167785	1.237035	0.090445	-0.195702	-1.605001	1.304669	-1.679908	2.729204	-0.724106	-2.771456	3.038674	-2.548624	0.536503	0.722471	-1.261344	-0.722829	0.014441	-0.015951	-0.472617	-0.497349	-0.758917	1.804050	0.158863	-3.894003	-1.446620	-0.333538	-0.903603	1.808264	-0.236704	-1.495602	-0.738766	-0.470583	-0.616645	0.101294	-0.645730	1.725516	1.086647	1.591640	1.930315	1.917758	-3.660162	0.827700	-0.331849	-0.303745	-1.039626
-0.514660	-5.624661	-3.297410	-1.098918	-3.358175	-1.121739	1.500441	-0.911349	-1.163867	0.626968	-0.240329	-1.049810	2.090255	0.641860	1.790856	-2.194825	-0.279839	1.761278	1.414228	0.605685	-0.251517	1.411352	2.105505	-0.131378	-0.791383	-3.466661	0.144234	-1.134678	2.892235	-0.421533	-1.369431	2.339310	-4.222378	-0.046368	-1.962432	0.956329	-1.734640	0.386082	0.292689	0.127186	0.355230	1.339621	2.153356	0.714382	2.229337	-1.746651	-3.643873	-0.248362	-0.133200	-1.639737
1.025768	-0.762252	0.814316	-1.309593	-1.412306	-2.384033	2.734192	-1.480978	0.948115	-0.167296	1.612902	-1.142761	-0.900933	3.282767	0.564603	-0.764703	-1.165318	1.741308	0.818877	-1.448950	-1.287878	-0.441037	-0.671800	2.454257	0.733322	-1.327505	1.465516	0.884395	-0.173956	0.382296	-1.416367	2.261123	1.711160	0.848953	2.068062	1.261010	-1.218774	-0.432587	0.200189	-0.890458	2.195493	0.892298	1.098447	0.907022	1.356788	-1.761810	1.597458	-2.290035	-3.028786	0.322547
-3.378955	-0.863075	0.586220	1.749456	1.243642	-3.019023	-1.181083	0.280366	1.984409	1.195716	0.242424	0.561398	-1.651965	0.340423	-0.673864	1.038352	0.202821	0.422027	-1.560323	0.640287	2.554981	-1.197908	3.350951	-1.313335	-1.596702	-2.175880	0.057552	1.224802	-0.570427	0.902101	3.370286	-2.862529	-0.710928	-1.127102	-1.389903	-1.742758	0.999332	-0.897908	-0.475467	-1.832633	-1.032591	0.890621	-2.281705	0.926067	-1.532010	2.546094	-0.962260	-2.273952	-2.368439	0.466033
0.968401	-2.130893	-1.397195	-1.020537	-2.236242	-1.033609	0.019793	-0.406995	0.878675	-0.658986	0.561001	0.075069	0.376697	2.331328	-1.007700	-1.283418	-0.603164	0.996387	-0.437163	0.134469	3.180016	0.373816	-0.301884	0.014662	1.712091	-1.360278	3.025023	0.269201	-0.463810	-0.280029	1.642956	1.012575	0.220530	1.600814	3.357678	-1.893481	-0.171971	0.615755	-1.677309	1.389250	0.938922	0.699936	2.773640	0.161102	-1.467759	0.046773	0.757572	0.246487	-0.554378	0.360691
-0.587689	-0.192083	0.122573	0.950568	0.931830	1.249742	-2.671334	-0.994618	0.061123	-0.290499	3.392109	-0.182827	1.952634	0.802623	-0.031383	1.958858	-0.153617	-2.118514	-0.296193	-0.284604	-0.977602	-0.403010	-0.556396	2.217394	-0.858132	1.153102	-2.036764	-0.470798	-0.362098	1.793110	1.852607	-0.474409	0.301844	0.068401	-0.048837	2.254199	-0.718454	0.689635	1.437024	-2.898002	1.481695	1.193077	-2.407512	0.932237	-1.211207	-2.667905	-0.671146	-0.351183	2.431990	-1.339302
1.523416	-0.893277	-0.764491	-0.633665	-0.712949	1.017314	1.698059	2.453730	-0.683013	-0.979671	0.774391	0.037531	-1.908689	0.188860	-2.413753	-0.028322	0.406417	-0.222379	0.021316	1.046852	-0.025299	-1.258153	-2.540865	-0.895698	-1.342591	-0.562506	-0.334896	-0.111891	-0.363621	-0.304255	0.327447	-2.468911	1.474387	-1.274459	0.273933	-2.283593	1.137091	0.420661	-3.363632	0.284279	0.036505	1.934441	-0.367560	0.798361	1.686736	0.999742	0.464125	-0.013545	2.168096	-1.283237
-0.268939	3.767746	5.374679	0.809661	4.797329	-0.072324	0.223413	-0.594479	0.448512	1.628462	0.754412	2.905017	2.112310	-2.556924	2.735006	1.477608	0.989422	-2.028682	-1.917901	0.723866	0.404145	0.252726	2.575599	1.818996	2.796700	0.342604	-0.585912	-3.584669	0.105513	0.170609	-2.350119	1.736200	0.603267	-1.186586	-0.109971	0.206705	1.938883	0.715891	-0.426376	-1.373046	0.759462	2.352672	-1.126917	-0.076616	-1.673725	-3.016172	-0.456156	-0.783166	1.473520	0.467975
-1.589770	3.781902	0.526645	-1.657160	1.736204	-2.417739	1.460795	0.006396	1.885129	2.408745	-0.028989	1.655003	0.122546	-3.068628	-1.954090	0.548805	1.012748	0.388621	-0.600383	1.533736	0.330627	-2.083839	1.601868	-0.262212	0.834425	0.608565	-0.017627	-1.842662	-0.021057	-1.256842	1.483766	-2.631337	0.947825	-0.760690	-1.709183	-0.159141	1.550594	0.422409	-1.113944	-0.271192	0.399779	-0.624018	-0.160136	-1.185315	-0.666864	-1.633650	1.368049	-0.854875	-2.065393	1.469519
0.439799	2.403632	2.208015	-0.771015	1.911474	-0.512530	0.544146	-0.030485	1.948364	1.264088	3.488985	-3.042595	1.892003	2.305717	-0.926196	0.559379	1.714608	-1.147867	-1.200748	1.974984	-1.082751	0.025999	-0.155218	3.571560	-0.343668	-0.413977	2.365459	-0.229814	2.061849	0.716500	-0.082118	3.153719	1.000920	1.155939	-2.628657	-0.596340	-1.077727	0.473173	-1.132007	0.973875	0.667996	-1.036423	1.175294	-1.648951	1.169445	-0.995847	-0.323829	-0.742460	0.134601	0.029668
-1.149548	-1.292890	0.398081	1.560608	0.017519	0.599657	1.104427	-0.424770	-1.692680	2.289711	-0.545129	-0.282888	1.208375	-1.338144	1.516197	-0.483559	1.180845	1.034103	-0.623973	3.612010	0.287725	-1.172603	2.399670	-0.571225	3.180955	0.118681	0.752368	-0.066249	0.759382	-0.411213	0.758450	-0.554818	-1.054264	-0.709103	-0.717680	0.669777	0.175924	-0.503047	0.706523	1.112325	1.360895	1.554277	-0.459776	-1.066276	-1.648501	0.010943	-1.885224	1.619419	1.094198	-0.197798
0.393910	1.499732	2.055613	1.799542	1.905206	1.211599	-0.836150	-0.471663	-1.279717	-1.870006	-0.307498	0.400715	1.359863	1.758851	-1.033873	3.155016	-0.380338	-0.843713	1.784811	0.745700	0.167542	0.086034	0.506189	-0.491179	0.451193	0.912156	0.392603	1.017656	-1.071047	0.314041	-1.818179	-1.066558	0.391022	1.116454	-0.887459	-0.106733	-0.566007	-1.157460	2.494853	2.567232	-1.167077	-0.729985	-0.565967	-0.541021	-0.666076	0.249025	0.058662	1.385595	0.549930	-0.203980
-0.702116	3.311908	1.859376	2.169864	3.431290	-1.631278	-0.236479	-1.778023	-0.127436	-1.016171	1.671473	-1.197841	-1.102534	-1.584102	-0.226555	2.153080	-1.018116	-2.040765	-0.114388	-0.740207	1.581915	2.013621	2.610291	1.426188	1.656086	1.559765	-2.413164	-2.257672	-2.977493	0.139535	-0.172607	1.849699	1.436973	-2.145146	-0.685010	-0.318142	2.588855	1.250587	-0.453612	-0.660929	1.174193	0.506099	1.382091	0.071800	-2.425571	0.685964	0.208052	-0.039746	-2.678104	2.920473
-0.318767	3.332158	-1.456054	-2.221751	0.892002	-0.326647	0.188846	-1.336969	-0.743093	0.164409	0.944525	0.831927	1.608259	-0.028288	0.951661	-0.014450	0.001868	-0.655484	0.663602	1.635039	0.035314	0.537996	-0.783111	1.166739	-2.484151	0.920489	-0.253174	-0.074845	0.618439	-1.341421	-0.313875	1.579794	-0.696751	-1.102066	0.392717	-1.523523	-0.180004	0.482568	1.245145	-0.477440	0.102978	-1.421035	1.386925	-0.751197	1.055342	-0.391773	-1.221310	-1.809072	1.552687	-0.479696
-0.251252	0.555058	-0.045753	-1.588682	-0.379148	0.228534	-0.170676	-2.292306	-1.063977	-0.838476	0.016179	0.463679	-1.138544	0.235093	0.301173	-1.055284	0.841827	-0.135304	0.256171	-0.466488	-1.051918	0.605973	-1.736718	-0.473608	0.936056	0.429195	0.526163	1.985089	2.152392	-1.255480	1.488726	-0.600875	-0.181192	-0.122282	-2.871099	-1.568737	-0.245338	-1.297426	0.486663	-0.396289	0.410998	-0.525156	1.697052	-1.223605	0.006348	-0.218871	-0.020074	0.241714	-0.128629	-0.457527
0.583765	2.008381	0.967126	1.510603	0.558483	-1.308280	-0.140451	1.276344	-0.561705	-1.261979	-3.716045	-0.527619	0.007137	0.839929	-0.705495	-0.922454	0.968748	0.240722	2.562303	1.377537	-1.620899	0.818155	-0.425391	-2.215880	1.333073	1.069145	-1.277754	1.472012	0.876759	0.026275	-0.787208	2.408467	0.086729	-0.310328	3.879642	-0.969925	1.546164	0.290110	-1.467422	0.680920	-1.949954	-1.223560	1.186580	0.055550	0.326838	0.731691	-0.349141	-0.747062	-1.978962	0.704470
-1.054819	1.921988	1.266122	-1.081735	0.967970	-1.433575	-0.921660	0.069009	-0.997962	0.081787	-3.419434	-0.560038	-1.361379	-0.590173	-0.878575	-0.889583	0.505493	-0.969611	0.953874	0.095734	0.889925	0.752071	0.754209	-1.463512	-0.908904	2.969128	1.213620	0.722670	0.755014	0.697856	-3.547186	4.138701	-0.002798	-0.326674	0.817029	0.642217	-0.982891	0.808011	-4.016848	-2.126381	-0.729756	-1.540317	2.935861	-0.253168	0.366681	1.036190	0.124886	-1.244349	-1.799864	1.111972
1.200057	3.473322	0.344513	0.034899	1.242664	-0.273578	-0.850839	0.400066	0.138655	1.576127	-2.259037	0.459230	-1.595954	-0.138169	0.127244	-0.204687	0.691239	-1.352260	0.362689	-0.630922	-1.435613	0.475324	-0.085354	-0.872143	1.001144	3.278178	0.932196	0.609716	-0.402085	-1.177400	-0.686688	2.084157	-2.655935	0.062481	-1.343171	1.309847	-0.804562	1.197951	1.108335	-2.627463	1.303758	-0.401284	-0.056577	0.866735	0.219773	1.491540	-1.661826	0.077666	-0.042949	-0.576397
0.750288	0.533609	0.527568	0.521123	0.089573	-0.426513	-0.321980	1.374674	2.391235	-0.768268	-0.273236	1.522550	-0.202606	1.420599	0.288303	-0.975542	1.116320	-0.567624	0.600792	0.849088	1.696745	-1.883168	-0.588437	-0.354784	-1.894467	0.065255	1.674011	0.067757	-0.497093	1.022649	1.079337	0.251913	-0.127641	-0.203772	0.017084	2.969869	-2.867626	-0.845865	1.296725	1.313059	-1.557636	-1.415106	0.532685	-0.690251	-0.300354	-0.939129	1.222705	0.167758	0.804606	0.599716
-0.248355	-0.355509	-0.231421	1.665508	-0.271226	2.954408	-1.531874	1.625956	-1.280599	-1.765184	0.237080	1.148016	0.455190	-0.407844	2.686618	1.686243	-1.477368	-0.939784	-3.466169	0.913623	1.308014	-1.228674	-1.387584	-0.261991	1.940417	-1.132911	1.637195	-1.197615	0.706091	-0.267810	3.112228	-4.027698	0.392399	-0.147973	-0.714500	-1.360812	1.603242	-0.844608	1.571183	-2.755996	0.529300	1.024219	-3.943743	1.567495	-0.031582	-2.150283	-1.965454	-1.754006	0.462952	-1.161693
0.095138	-2.442712	-0.569938	0.763096	-0.332246	-1.583215	-1.057146	-0.139667	-0.509928	4.005618	0.127202	-1.077301	-1.094210	0.537841	-0.831340	0.002796	-1.692038	-0.348050	-0.880159	0.701113	-0.467717	-1.205495	1.162579	-0.910918	-0.341159	1.045916	-2.942293	0.662060	-0.795545	0.535184	-0.407113	1.178535	0.570803	-1.663598	1.959221	-2.173165	0.874475	-0.605844	-1.081447	0.386331	-0.278131	-1.697044	-1.235667	-0.116247	-0.626807	-0.649704	1.210351	-1.756325	-1.902578	1.433376
0.221154	-2.810424	-3.832764	0.030045	-3.719208	1.949505	1.367509	-0.162717	-0.161880	1.497923	0.055975	1.435917	-1.426673	0.199747	0.357849	-1.462748	-0.137610	3.753916	-0.724248	1.195947	-2.154386	-0.149603	0.769554	0.067369	2.787588	-2.535475	-2.009571	0.670472	0.772962	0.256266	0.265399	-0.942596	2.120768	-0.191403	0.286355	-1.371525	0.457336	-0.806302	-0.032680	0.667615	0.630779	-1.018143	0.341849	0.380030	1.688227	0.473747	0.943829	-0.486480	-0.116564	0.025456
-0.564634	-1.136251	-0.334752	0.307688	-0.917626	0.186362	0.761074	1.869432	-1.196123	2.664241	-0.392774	1.742477	-1.572393	1.285930	-0.727155	-1.357239	-1.181927	1.036088	-0.750572	1.004701	-1.172940	-0.891002	1.124863	0.451620	0.799857	-3.033495	0.217100	1.513063	-1.554264	0.157049	-2.346814	-0.699970	-1.265228	-0.963448	0.095242	-0.302006	-0.256004	-1.237361	2.439937	1.087339	-0.454795	-0.935279	-1.745525	0.503183	-1.437095	0.235359	-0.201681	0.141908	-0.115821	-1.188313
0.905273	3.264985	0.856400	2.418344	3.140498	-0.203137	-2.877728	-1.885029	-0.254110	0.246689	2.021385	-0.111635	-0.370811	0.887391	-0.597321	0.894721	-0.335960	-2.031152	0.108971	-0.826571	0.258620	0.147757	-0.405307	1.423521	0.074331	1.549154	-1.365989	0.496808	-0.831802	-0.567151	0.118043	-0.861611	1.418873	1.203163	-0.802870	-0.370260	0.679308	1.775440	-3.110622	-0.866244	1.741655	-2.503562	-1.697494	0.132520	-2.480209	0.369990	0.114095	2.815431	-0.901384	0.786017
-1.643734	0.997179	-0.460252	-0.446577	0.515086	1.568791	1.470810	0.676503	-0.307191	1.810766	0.797391	1.105851	3.909470	-0.810567	-0.068509	-1.215477	-0.602835	0.280927	-0.314130	-0.200080	-2.748512	0.153088	2.713871	1.399223	1.222364	1.296544	-0.001119	-0.668343	1.642389	-0.593918	-0.903421	-4.201486	0.247681	0.638811	1.375206	0.384603	-1.281171	0.882790	-1.464554	-0.051860	-0.487461	0.117295	-1.400943	1.278294	1.766035	-0.317347	-1.095862	0.964953	0.415902	-1.508379
-0.194986	0.564157	1.075557	1.968729	1.074441	-2.450145	-1.381202	0.640205	-0.285855	0.740726	-1.490777	0.386810	-1.456670	1.790587	-0.339272	-0.186152	-1.998211	-0.683285	-1.757061	0.915561	0.546017	0.739392	-0.182496	-1.721753	1.193583	-0.207457	1.190271	1.125258	-2.742264	0.294900	1.226279	-1.353866	0.155128	-0.581801	-1.032299	-1.659294	1.800411	0.653243	1.590980	-0.860878	1.971267	0.368371	-1.336321	3.022248	-1.106149	-1.258284	-1.107472	0.969122	-2.683548	1.403220
-0.428236	-0.345146	0.435179	-1.919258	-0.827187	-1.477359	1.437775	-0.230271	1.217065	1.140809	0.979645	-1.116127	-1.382461	0.039149	0.533986	-1.765675	-0.795373	0.757215	0.890554	-0.325569	-0.291959	0.496763	-0.714654	0.012800	0.585193	-1.149048	-0.980013	-0.414828	1.124156	-0.963288	0.329165	-0.625375	-3.032223	-1.631463	-1.417084	-1.132615	-0.255692	1.923899	-0.620418	1.954548	2.432697	-4.129567	-0.160874	1.441272	0.419812	1.453479	-2.422398	0.292043	-1.335546	-1.913214
1.314677	1.082985	1.056197	0.090572	-0.897433	0.731736	0.764989	0.056054	-0.747343	-0.784254	-2.103753	-1.996264	-1.377288	-0.316648	1.646587	1.099718	1.632793	0.301595	1.284822	0.391595	-0.857461	0.870974	-1.823641	-1.401610	-3.260717	-0.472069	0.251946	0.482302	2.675689	1.824673	0.512096	3.351310	-1.205760	0.078816	0.223254	-0.546966	0.551072	-0.135597	3.337520	-1.269847	0.421745	0.532306	0.890940	-0.166518	1.033067	2.011277	-1.350002	1.090781	2.334566	0.340978
1.339376	1.429888	0.317150	0.300010	1.142631	0.805810	0.194758	0.954120	-1.289494	-0.548294	-2.356975	1.969414	-0.059025	-0.446572	-1.126372	0.582598	0.011548	-1.464460	1.440391	0.501527	0.600659	1.710407	-2.873363	-1.198143	1.614865	2.734509	0.831768	1.722962	-2.965034	-0.178649	2.518805	4.847732	0.221723	0.051645	0.146741	0.711876	0.596583	1.012543	-0.501911	0.976509	-1.822296	-2.067852	2.447957	0.198199	0.902081	2.122921	-0.150364	1.208180	1.412699	0.677136
0.106439	1.545421	0.676808	1.623939	1.478448	0.751168	0.301590	1.444988	-1.579270	-0.678608	-1.647682	0.704752	-0.926253	-2.074551	2.637625	-1.423203	2.138369	-0.006935	-3.081820	-0.907204	1.151250	0.187628	1.879157	1.126091	-0.643910	0.327177	0.379310	-1.044268	0.829954	0.581710	-1.260552	1.103817	-3.385965	-1.319320	0.611134	2.127754	-0.137006	1.978540	1.327522	1.558105	0.869921	-0.284328	-1.147057	0.853751	-1.210436	0.132477	-2.234945	0.746922	1.785636	-2.599495
0.845558	2.861163	1.687686	0.443533	2.253605	-2.592466	-1.341775	-0.330113	-0.368158	-0.753751	0.018917	0.022412	1.381026	0.859533	1.053703	1.620954	-2.828005	-2.424137	-0.249920	1.442911	-1.374124	-0.161039	-0.876812	0.457701	-1.993750	1.761821	-2.020420	0.102336	-4.176154	-1.721310	0.754257	2.034746	0.092929	1.963332	-2.776792	1.837318	-1.131665	-1.406516	-0.659136	-4.693303	-0.177384	2.602706	-0.457360	1.926293	-0.263590	-3.006193	-0.380024	-0.532017	-4.220964	0.514967
-0.288664	0.423613	-0.280211	-0.198103	-1.824935	0.234051	-0.422001	0.204233	-0.900811	-1.969228	0.679005	0.093900	0.198952	-0.581339	0.543682	-0.946651	-1.621069	0.833342	0.779454	-3.678032	-2.064608	0.577631	-0.056051	2.431049	-0.331664	-0.847125	1.697363	-1.201366	-1.698467	-1.086748	2.321032	1.770601	-0.980152	1.753392	-0.894621	-1.796612	0.716661	0.596950	-0.827568	0.986169	0.878455	0.328745	1.768621	0.883704	0.479773	-0.485975	-0.951575	-1.504581	-1.677465	0.397154
-0.340531	-3.039894	-0.739012	-2.044140	-2.058959	0.544347	2.548695	0.283012	-0.532941	-2.329096	-0.683908	1.249307	0.478139	0.309597	-0.229965	1.238607	1.167268	1.554555	1.302237	1.457882	-1.930591	0.418949	0.175750	0.005061	1.158822	0.759707	0.039911	1.992809	0.403644	-0.243892	1.490004	0.375096	0.665234	-0.236534	-2.103128	0.425774	-0.441845	0.444850	1.005706	1.647606	-0.074583	-1.614290	0.797849	-1.476400	-0.326763	-0.735011	0.122227	-1.050926	1.700212	-0.389158
-0.668571	2.311021	2.515419	0.370527	2.875888	-1.428667	-1.066148	-0.105152	1.400569	-0.907754	0.782075	0.875736	1.793983	1.432915	-1.548252	0.360879	0.219250	-2.004249	0.355665	0.268768	2.365835	0.654040	0.078864	0.688709	0.855987	-1.014485	-0.530952	1.184458	0.737428	-0.561646	-0.232740	-1.589711	3.478138	0.984459	-0.891948	-1.078708	0.777798	-2.469626	1.573929	-0.604802	2.339926	-1.219910	-0.552185	0.275401	-0.216066	-1.839212	3.975049	-2.060739	-0.928860	0.308786
2.392096	-2.816755	-4.345642	1.047739	-3.005736	-1.405601	-0.686263	2.722915	-0.815222	-0.554945	2.782799	1.115715	-0.707207	0.298153	-0.410149	-0.119584	-1.895650	0.012150	1.376307	0.020718	0.667709	-0.454395	-2.676229	2.819202	-1.605266	-0.364137	1.752016	0.195091	-3.060359	-0.668757	0.476813	1.362422	-1.473215	0.212207	-0.777283	1.079817	-0.542938	-1.599142	-2.215976	0.263474	-0.964668	2.630090	0.008317	1.482978	-0.620729	0.315621	0.090393	-0.627560	-0.676087	0.193849
-1.464555	4.070313	4.155657	0.425864	4.053370	2.083306	-1.478147	0.119012	-1.858202	-0.372707	-2.707317	-0.189129	-0.187452	-0.838220	0.934431	0.439300	0.977912	-2.945042	-1.762512	0.730120	1.290411	0.425318	1.193479	-0.916297	-0.015455	1.594041	1.592365	-0.053979	1.502498	1.204598	2.237498	-0.425108	0.663878	-1.854044	-0.644142	-0.254896	0.285605	-1.357963	0.561332	-0.110227	0.538833	-0.788591	-0.539125	-1.255794	-1.260004	-0.525098	0.510691	-0.712206	3.578821	-1.877238
-0.422850	-1.215041	0.100487	0.462344	0.176498	0.931255	-1.034395	-0.741370	-1.421147	1.018721	2.696212	-1.168048	0.364467	1.986922	0.749751	0.346674	-1.928067	-0.469882	-0.797067	-0.909616	0.062409	0.161033	1.413647	2.606164	0.043157	0.080129	0.561569	1.348925	-4.143442	-1.077161	0.010499	-1.228450	-0.218432	-1.887156	-0.981161	-0.975355	0.263905	-2.526952	0.157590	-2.603859	2.221287	0.947651	-0.940346	-0.676691	0.876526	2.604959	0.401746	2.870713	-0.446615	-0.181743
-0.882921	-1.473625	-0.123237	-0.678694	-3.098210	1.410013	2.592510	-0.351455	0.784690	-1.234946	-0.064076	-0.317799	-1.174198	-0.905864	-2.012689	-0.494915	0.938832	2.709688	0.748934	-1.081626	-0.955000	0.192199	0.705798	0.420070	0.447541	-0.597468	-0.489538	-0.537711	1.722980	-0.583294	-0.105604	0.997972	2.410234	0.132919	2.414315	0.792345	-1.049836	-0.285717	0.418772	1.301480	0.630067	-0.707473	0.643096	-0.818187	-0.944137	1.928038	2.378969	1.839232	1.178264	0.123558
-1.928777	-1.325622	-1.434555	-2.262437	-0.277931	0.225572	-0.599594	0.790788	-1.578947	1.380100	-2.300842	0.154626	2.757636	-0.470080	-0.190093	0.481956	-1.097370	-0.944566	1.197259	-0.523560	0.397801	0.550719	0.169775	-0.253587	1.743841	0.353719	0.078351	0.440942	-1.365338	-0.982554	-0.520107	-0.131420	0.561979	-0.052375	-2.681237	0.373006	-1.081149	-0.188686	0.253350	0.206263	-0.901539	-1.840672	1.426612	1.411675	2.306412	-2.354721	0.400524	-0.238617	0.392199	-0.305222
1.435904	-0.869222	-1.173612	1.488253	-0.056876	-1.928711	-0.678978	-0.172681	-0.681492	-0.871134	-1.105517	0.492602	1.616299	2.648459	-0.274957	0.392189	-0.546526	-1.225164	0.770355	0.068156	0.766099	-0.836606	-1.775623	-0.286278	-0.879764	-0.151208	-0.782610	2.473118	-0.670943	-0.907461	-1.903981	-2.974766	-0.002513	1.737038	-0.634089	-1.552625	0.661678	-0.449476	-3.283161	0.144403	-1.889537	0.109155	-0.311017	0.342762	-0.854550	0.349380	0.804340	0.743221	-1.524294	1.102402
1.700493	-0.900177	-0.893542	0.781912	-1.078780	-3.543310	0.058335	-1.046090	2.196886	-0.173709	1.971536	0.707883	-2.047765	-1.263133	0.685077	-0.215258	-0.885585	1.137402	-3.287725	1.678062	0.611483	-0.439748	-1.643563	1.033450	-0.531841	-1.973524	-0.950991	-0.756144	-2.364062	0.195047	-2.068351	-0.489409	0.675480	0.285504	0.130499	1.054425	0.133204	0.861337	-0.346100	-1.570735	-1.492726	-3.048473	-2.604649	0.714975	-0.890617	-0.733080	0.803532	-3.742338	-2.379375	0.240457
-0.039699	1.190988	1.859032	0.593231	0.968486	0.509131	-0.810716	-1.118021	-2.338863	2.608689	-2.331472	-2.115327	1.582798	-0.848129	-0.218926	-0.244472	1.650214	-1.503893	-0.707115	0.902204	1.448268	0.790012	1.282840	-1.668325	0.195483	-0.577734	0.302764	1.404532	2.855199	-0.689300	-3.133924	-3.231829	-0.407186	0.119435	2.238572	1.046312	-0.045367	-0.866688	3.327137	-0.376976	-0.224174	3.855386	-1.714444	-0.385744	0.832174	-1.560423	0.591645	0.348351	1.349812	0.455392
0.715393	2.429234	0.113511	-0.043315	0.417609	-2.771300	-2.189845	1.615238	0.355374	-0.978486	-0.569403	0.992895	-2.424622	-0.484447	-1.172342	2.893287	-1.862666	-2.315977	1.084905	-0.410899	-1.855817	-0.285751	-1.539201	0.240507	-0.479303	-0.524567	1.466507	-0.174259	-3.386183	-0.142563	-3.196560	1.703202	-0.349998	-0.948915	1.439403	0.071668	0.973748	-1.194897	-2.968557	-1.693918	1.639117	-0.246464	1.558777	-0.040229	-1.689804	-2.461658	0.861319	-4.132905	-2.747309	0.274533
-0.407835	0.490540	-1.789497	-0.076201	0.143309	-0.145719	-0.519421	0.406055	-0.386906	-1.041111	-1.250460	-0.049288	1.391460	-0.521480	-0.629212	1.106693	-0.008922	-0.164815	2.162945	0.173391	-1.052378	1.879603	0.283637	-0.135470	0.752041	-1.064411	0.965854	-0.135638	0.622731	0.433940	-1.642243	1.871402	-0.742368	-1.555982	-0.734292	0.505607	-0.086650	-0.089510	-1.053374	0.623717	0.702986	1.047514	1.819338	0.183757	-0.300568	-0.117163	-0.412934	1.036669	-0.896391	-0.038470
-1.325586	1.455988	2.452676	0.075560	1.443462	0.063321	-0.568647	0.385779	2.017241	-1.498643	0.519652	-0.448810	0.669785	-0.561704	-1.561491	-0.298536	0.717599	-1.529001	2.498212	-1.117383	-1.240389	-1.162926	0.320182	-0.188436	-1.486244	0.702211	-0.394239	-0.525755	1.460954	-0.308519	-0.636201	0.696567	1.912864	1.397860	-1.718900	1.129143	0.152661	-0.973312	-1.803929	0.333689	0.558153	0.175910	0.902619	-0.065106	-0.986156	-0.889310	1.976017	-0.472496	-0.009487	1.347141
-0.751135	0.458009	1.647999	-3.213429	1.955700	-2.007905	2.115177	-0.495007	0.281409	-0.164051	1.087978	-0.503391	-1.475794	1.739703	-0.165294	1.244269	-1.592741	-1.383137	1.765286	0.909879	1.373322	0.868555	1.292589	-0.301539	-1.883813	-0.687719	0.050573	1.171696	-0.758354	-0.067064	-2.646183	-0.055743	0.608010	-1.686348	-0.050690	1.346949	-2.902767	-3.292583	-3.870941	-0.246114	-2.270807	-0.734577	2.883910	0.878431	1.844977	-0.506874	0.774427	-2.258923	-1.600408	0.972649
-1.141478	2.428532	0.901878	-0.460252	0.249051	1.573201	-0.552659	0.190561	0.192545	-0.640983	-1.945242	1.441755	0.814236	0.754770	-0.314280	0.499339	0.956327	0.007560	0.936606	2.770088	2.990766	-0.993977	0.717190	0.956252	-0.583708	0.147083	-1.235179	0.564528	1.584608	-0.019261	0.304313	2.493742	0.631875	-1.622198	1.047777	-1.708688	1.392812	-1.518726	0.560535	1.377798	-1.609285	3.118498	-0.279687	-0.178199	0.036659	1.407763	0.913232	0.954588	1.319387	-0.238584
0.694964	0.972412	0.650090	1.083187	0.901448	-2.367140	0.151845	0.249298	1.659131	0.583721	-0.946691	2.340870	1.075200	0.839239	0.100608	1.680153	1.052981	-0.270425	-1.746237	0.142536	-0.284771	-0.069180	-0.561106	-1.538294	-0.315609	0.815838	-0.538411	1.504431	0.185700	-0.232068	0.298292	0.200006	1.486522	-0.443335	-2.410683	0.512326	-0.537904	1.001547	-0.511885	-0.888932	0.744301	2.156473	-0.822352	-0.927692	-1.235631	-0.640075	1.319924	-1.488666	-1.480325	1.632849
-1.439329	3.126811	1.706089	0.550018	2.538925	-1.064060	-1.340711	-1.027147	3.097669	1.069165	4.461371	1.686961	0.042235	-1.520300	-1.888676	0.981871	-0.753207	-1.745679	0.927005	-0.835122	0.161901	0.668185	1.293678	0.958687	1.808064	2.540801	0.646362	-1.212957	1.078166	1.208852	0.105050	-0.451319	1.176169	0.437139	0.330981	-0.985126	1.249829	-1.281950	0.277451	-0.325408	0.011449	-1.283675	-0.809438	0.386426	-2.345079	-0.160838	1.458234	-0.343873	-1.311084	0.670115
1.355806	1.725121	2.324275	-0.313835	2.833693	-4.870754	0.617244	0.044236	0.758886	0.552579	-2.567245	0.044306	-0.682423	0.141662	-0.278289	0.441931	-1.973514	-1.786839	-0.189306	0.649627	-1.098419	-1.344763	-0.073991	-3.539016	-0.373425	2.709418	-1.984760	1.047992	-1.722516	0.236020	-1.378053	1.241905	-0.035795	1.003101	-0.331818	-1.610898	1.009525	0.521957	-0.611956	-1.378719	-0.782785	1.755404	0.588638	0.930168	-2.598537	0.380883	1.019153	-2.378546	-4.966833	2.955140
-1.695890	-0.838819	0.783850	0.424431	0.795641	-0.940223	2.464977	-0.023358	-0.137612	0.660590	-3.648938	1.451452	2.818958	-2.054990	-0.277662	0.447020	-0.793302	2.388902	-2.408116	-0.752055	-0.929896	0.818104	3.828929	-1.988858	0.101626	0.306668	-0.517462	0.576583	-1.348980	0.137550	0.065958	2.147193	1.007726	0.134211	1.634716	-1.320538	1.944533	-0.494108	-2.476793	-1.978508	0.936186	2.323104	-0.760955	0.634811	-1.333424	-2.384671	1.123076	-2.850406	-0.460542	-0.283677
-1.830134	-1.693404	-0.654528	0.363554	-1.151532	0.116866	-0.457048	0.676934	-0.025115	0.171540	3.231071	0.487171	-2.910829	-0.659334	-1.662795	-0.855053	0.646756	1.864700	-0.322544	0.297353	0.737781	-0.947755	0.793636	1.639367	-0.666008	-1.108609	0.838669	-0.170805	-3.048397	-0.455624	1.076324	0.769238	1.474621	1.360062	-1.614197	0.668404	0.221843	-1.540977	1.621495	1.575986	0.240886	0.201197	1.167027	-0.284761	-0.608661	0.418552	0.841046	-1.536383	1.380611	-0.084605
-1.072407	0.625003	0.976455	-3.203785	0.459940	-1.362842	2.426077	0.406746	-0.312575	-2.415104	-1.373871	2.887027	-1.199101	-3.043171	-0.499811	0.950286	-0.365443	0.080263	-0.308849	-1.393328	-1.088293	2.204887	0.667141	0.740815	0.649857	0.025449	0.589398	-1.275086	0.035434	1.081056	-1.275128	-2.609401	-1.730077	1.290524	-2.500035	-0.386363	-0.609198	1.202833	0.357844	0.341731	-0.926870	-3.146207	0.246719	0.039582	-0.366913	1.434109	-2.368822	-1.867259	-1.749967	0.291854
0.542149	0.343467	-0.440731	-0.076051	-1.659616	0.712981	0.082936	0.230168	-0.991565	-1.849841	-1.565313	-1.038417	-0.944299	1.769751	-2.888921	0.303728	-1.008441	1.787559	-0.857048	0.332115	-1.553769	-0.346727	0.087837	-3.881068	2.188446	-2.663061	0.931831	1.285980	-0.450127	2.000202	-0.721356	-0.695524	1.161679	0.452599	-1.407454	-0.914841	-0.109540	-0.446314	1.248360	0.880610	-0.910660	-0.722067	-1.709205	1.985132	0.254145	-0.600330	1.376251	-0.768756	-0.436404	-0.322023
-0.154001	-0.308593	-0.219816	-0.540449	-0.378861	0.720929	-0.224155	-0.390243	-0.956864	-1.348480	-0.324709	-0.384274	-2.808326	-1.197216	0.206500	0.995902	-0.002484	-0.919719	-1.725332	-0.682849	0.738803	1.221591	-0.273073	-0.723081	2.375507	-0.486420	0.710989	-0.331223	-0.733320	2.346422	0.032131	-1.414369	-1.605509	0.772916	1.231402	-0.720510	1.407860	1.190217	0.809472	-2.001458	1.144790	1.974037	-1.467010	-1.247459	0.586235	2.467912	-3.083117	0.867481	0.518277	-0.614176
1.478996	1.515112	-0.549024	2.949336	-0.114667	0.294016	-1.259178	0.188733	-1.676877	-0.887289	-3.128210	1.482208	0.626600	-0.621595	1.391480	0.177519	2.028001	-0.385432	-0.132842	0.520082	-0.507227	-0.689470	-0.580018	-0.754399	-1.662938	0.119907	-0.006406	1.317550	2.197398	-0.512714	-2.586081	2.828953	-0.823281	1.236435	0.866792	0.284323	1.486622	-1.337566	1.843828	1.730698	0.601658	1.344852	-0.451814	-0.441636	-1.788362	-0.390781	-0.329151	0.738034	2.093309	-2.040358
0.867398	1.345719	0.125118	-0.833772	2.080030	2.504672	-0.314109	0.019146	-2.749151	0.298756	-0.878514	-0.799749	0.265609	1.403134	0.988778	0.363617	-1.113895	-1.798281	2.126525	-1.043202	-2.914082	0.942245	-1.172491	-2.656136	2.367682	-1.663152	1.418945	0.142681	1.011331	0.412115	0.306352	1.073746	-0.018470	-1.618905	0.512437	0.461084	-1.036825	-0.324482	1.485302	-2.171731	-0.444313	0.684597	0.273421	1.259143	0.471847	1.326985	-1.667915	1.884217	1.351783	-0.422271
1.283053	2.373493	-1.582826	-1.054941	0.954723	-0.545728	-0.432644	-1.392419	-2.207368	-0.022895	-0.071607	1.598497	-1.199819	-1.075369	-0.187365	0.959238	2.032689	-2.248555	-0.055721	1.400351	-0.244392	-0.939007	-0.940526	-0.226168	-0.270651	-0.493312	-1.747955	-0.812488	1.506924	1.128119	-1.593526	-0.274325	-0.726910	-0.485738	-0.764956	0.744933	0.801504	-2.534414	1.991021	0.718760	-1.743565	-1.611717	0.893449	-2.811802	-0.209125	-0.287778	0.174675	-1.024638	0.436983	-0.416211
0.082841	-1.916566	-0.900464	-0.918962	-3.366598	-0.327114	2.126204	0.238839	-0.519777	1.991386	3.565522	0.518543	-1.737852	1.171082	-0.829657	-2.631713	0.238193	3.838132	0.472983	0.103360	-0.477801	-0.655549	0.907267	1.190820	-1.297871	0.763910	0.955250	0.906978	0.917792	0.547076	-2.535058	-3.196752	1.019730	-2.104693	1.460193	-0.147361	-0.596343	0.414602	0.775023	0.561286	-0.300586	-0.902679	-0.851440	0.752993	0.905975	1.441281	0.776545	-1.820867	0.960602	0.151875
-0.125124	-2.522073	-1.163418	1.800751	0.116329	1.163315	-3.582188	-2.333474	-1.075295	-0.506132	0.922034	0.473957	1.232042	-2.253718	0.968589	0.619248	1.086744	-1.663361	-0.590773	0.479901	-1.566508	0.186735	-1.501292	-0.409607	0.283215	1.601317	-1.357098	-0.811117	0.906160	0.637225	0.024624	-0.548639	-1.199616	-0.548316	1.865345	-0.558383	2.025662	-1.425704	1.125248	0.850363	0.262395	-1.794020	-0.035608	-2.619834	-1.918970	2.995451	-0.514291	4.986638	1.436689	-1.104017
-1.542188	0.220841	-0.241307	-0.409205	-1.210200	-0.671285	1.079514	-1.072730	0.483959	-0.406224	-0.418485	-0.565368	1.619756	1.334166	-1.864131	1.041315	-0.248418	1.042306	-0.564297	-0.739978	-0.859832	1.498878	1.229369	0.348831	0.643053	-1.761655	-2.919793	0.322446	-1.031087	0.739787	1.651860	1.428581	1.615019	-0.827439	-0.892368	-1.389054	-0.783745	0.096561	-1.619127	1.232469	-1.828848	-3.084710	-0.234812	1.249952	-2.076978	-4.365206	2.723351	-1.141903	-3.060393	0.987534
