X12	X31	X10	X7	X4	X5	X44	X39	X6	X8	X9	X48	X26	X45	X14	X43	X20	X25	X46	X1	X13	X37	X19	X47	X24	X49	X18	X33	X22	X16	X27	X29	X2	X38	X3	X50	X36	X28	X17	X32	X30	X11	X34	X15	X40	X21	X35	X42	X23	X41
0.202084	-3.664465	-0.572303	-0.268287	-3.018035	1.471470	3.268342	-3.156457	3.626541	0.150858	0.685649	-1.350263	-3.767211	-0.514035	1.125892	3.542091	-0.510618	3.684241	1.058934	1.305116	-1.494299	-0.035325	-1.976598	-3.937365	0.086253	-3.434974	-0.526352	1.300224	1.395012	1.550017	0.495816	-3.019841	0.259507	0.980191	2.522773	1.549361	-2.501763	-1.045146	0.562769	2.501708	0.291694	-1.629128	8.102711	0.363437	-0.128447	-1.056497	-3.246513	-0.463557	0.575704	-0.179908
0.697623	1.017927	-0.989979	-0.661389	0.204050	-0.826581	-5.052780	0.944305	-0.251875	-1.669890	-1.262139	-0.899434	1.875020	-3.275519	-1.408301	4.192621	-0.909640	1.986050	-0.789100	-2.889733	-2.416246	-1.322639	-1.350253	-2.438646	-0.652973	4.051620	0.098252	2.765648	0.684978	0.472233	-2.093331	1.987078	1.109641	0.716825	-1.042856	2.961932	2.446371	-2.459956	0.444028	-2.924674	0.036325	2.046415	-2.455514	1.809968	0.287407	-0.277892	4.511018	-1.994614	2.817568	2.110937
-3.885960	2.180283	-0.339181	1.846827	1.471866	-1.266729	-2.588384	1.173269	-0.770896	-1.545824	0.366182	-3.430737	0.925112	-6.074139	0.345372	-3.346730	-1.584246	1.917418	-2.253777	2.147433	-0.693732	0.851631	-3.635431	6.179222	-2.453146	-1.244065	-0.576034	2.422327	-5.206731	-3.634358	-2.630245	1.246995	1.422411	0.574710	0.606965	-4.048927	-2.233562	-2.908457	-0.221781	0.418091	0.965347	0.278328	-4.887669	0.897676	0.077269	2.665019	-0.289577	-0.033326	-0.559311	2.004758
-1.009834	0.485362	-0.034188	-0.844344	1.063828	-0.503296	-4.140915	-0.459173	-0.735572	-2.724146	0.510429	-3.488248	2.243514	-3.861903	-0.526788	1.914077	-0.957629	0.754898	-3.901598	0.830217	0.099280	3.512796	-0.805970	-1.995129	-1.578841	4.834016	-1.058965	1.101051	-1.450568	-0.004100	-2.519956	2.100447	0.073584	0.157433	-0.157019	2.619299	0.851740	-3.709904	-1.928882	-2.808170	2.371566	-1.391881	-2.103224	1.808654	-0.012131	3.059299	3.099757	-0.359149	0.903608	-1.952388
-2.490945	-0.918910	-0.875081	-2.918642	-0.137661	0.268125	1.367185	0.074971	1.962359	2.066645	0.130162	2.247485	0.097705	2.129158	0.992989	3.194802	-5.882797	1.516892	-0.604125	-0.202048	-0.116057	0.738819	2.339984	-1.310026	0.800595	-6.456709	0.311770	-2.534955	-0.614032	-5.186254	2.376044	-2.997622	-1.377181	0.041357	1.839839	-3.837565	-2.543176	-3.506609	-1.088650	2.481398	-0.006534	-1.297815	1.234474	1.429709	-0.628558	0.265636	-1.700693	1.170551	-1.436962	0.340350
0.080278	-2.337191	1.225591	2.093420	1.997199	1.311690	1.590226	2.942954	-3.213874	2.134913	-1.642059	3.762955	-0.083751	2.833640	-1.311185	-0.911741	0.446646	-0.612083	0.681302	0.123489	1.578910	-2.634342	-1.651735	0.232846	0.277599	-0.567686	2.138814	0.593007	-1.630467	-1.303009	1.141351	-1.189292	0.947415	-0.781522	-3.302257	0.458243	0.450055	1.828275	-0.167398	0.738162	2.698465	-0.737659	2.835882	0.670030	-0.552155	0.073864	0.604471	-0.650870	2.235080	1.678888
1.875113	-2.085147	-0.416192	1.363481	0.541137	-0.564452	2.869221	-4.020848	-0.199104	-0.357023	2.124669	2.073522	-0.447429	-1.755060	0.174608	-0.026662	0.392215	-4.424606	1.843326	-1.577163	1.789351	-1.647264	-1.499855	0.838770	2.344719	0.509450	-1.027849	0.922102	-0.107473	2.841494	-0.670098	1.466157	-1.379514	-1.399193	0.809915	-0.741674	1.165931	-1.068523	2.312175	2.349864	-1.137231	0.106892	4.449391	-1.829455	-0.332303	-1.192139	-5.381741	1.817395	-0.644619	2.242126
-0.686330	2.221478	0.014767	1.972949	-0.825011	1.271182	-0.334085	-0.054565	-0.354167	0.582992	-0.699520	0.298553	0.934351	-0.066124	-0.569182	0.248115	-0.411636	-1.087623	0.693093	0.578081	-1.357518	-0.258221	4.296982	0.841324	-1.197662	-0.559514	0.008262	1.239348	-0.560714	-0.663778	-1.205887	0.621087	0.244339	-3.187277	0.153159	1.131502	1.002339	0.764932	1.606686	-1.373694	0.296273	-0.913068	-4.398625	-1.249743	-0.639108	-0.834424	1.486321	-2.181365	2.317964	2.652352
-1.815595	-2.225322	1.757097	0.623250	1.672195	2.053352	3.587880	-0.686046	-1.752794	2.103917	-0.360439	4.672985	-3.582915	-1.948546	2.683450	-4.642677	-0.199332	0.531619	-2.819641	-0.520125	-0.216737	1.256236	0.930427	2.128006	-1.162769	-1.824579	-1.591538	-3.055324	-3.746887	-1.531925	0.737369	0.705978	-0.466129	1.617947	0.805603	-3.677403	-1.127607	1.272872	-1.115060	4.006640	0.937475	0.534247	2.330116	1.720599	-0.064554	-0.094352	-5.752697	-0.816155	-1.764694	-0.452385
-0.662298	0.505266	-1.394661	-4.599453	1.272227	0.549502	-2.796664	0.128486	0.193566	-1.170777	-0.337051	-1.433727	0.265005	1.962800	0.890304	1.093420	2.265337	-1.313876	-1.522612	-1.207982	-0.595893	0.922004	1.516134	2.405979	0.558831	0.285490	0.177971	-0.539927	2.184245	-0.733059	-1.555183	-3.751274	-0.228190	0.150092	-0.592572	-2.767389	-2.410319	1.529511	0.862848	-1.621622	-1.816232	1.238886	-4.294583	-1.497160	-1.259094	0.837812	1.236455	-1.203543	0.626729	-2.069895
0.450755	-3.575409	-0.255774	2.392525	-0.663232	-0.563440	0.561489	0.650578	0.715055	-0.314193	-1.932936	-3.363785	-2.619719	0.537189	-1.558325	3.007190	-2.615449	2.207162	-1.631908	1.695428	-1.446465	-2.828217	-2.580524	-3.963958	-2.059212	-0.418152	-0.136502	1.260738	-3.245887	-0.828749	-0.193514	-0.141864	0.248307	-0.316742	-0.756208	2.644761	-5.231914	-0.773953	-2.049303	0.849317	-0.503965	-1.114884	3.189845	-0.263496	-0.524613	-0.907149	1.674320	0.384025	0.644776	-0.769764
1.469417	3.680601	-0.004465	-1.285070	2.619953	-0.457403	3.928971	-1.558577	-1.406072	0.523394	0.837973	4.818873	1.612400	3.822672	0.566152	-1.822350	-0.752092	-3.966567	2.064763	-0.007168	2.669247	-1.032384	4.570387	4.957773	1.740869	2.139881	-0.115861	-5.498788	0.216074	0.647418	1.071255	-0.315989	-1.119727	-0.517686	-0.416550	-5.106027	1.548454	1.324144	2.194478	-0.087700	2.878024	-1.678709	-0.446828	-0.115577	-0.336053	0.286039	-0.736496	0.022015	0.636616	-1.343633
-0.652246	2.421611	0.678635	3.295125	4.561138	-0.552441	-7.190503	-1.848129	-3.596085	-2.403303	2.089320	-3.218785	0.601961	-5.945693	0.845332	-0.742532	-0.288764	0.353136	-4.195370	-0.212835	-2.382309	1.748539	-1.809863	2.918539	-3.456774	6.153258	-0.647557	1.750595	-4.713049	1.192081	-1.521637	0.458050	-0.736167	1.084612	0.281429	2.269242	0.162025	-2.910251	0.743921	-1.722778	1.056593	1.142537	-7.560126	-1.047324	0.060523	1.256879	0.147134	-0.699731	1.522096	2.813734
-1.143377	-5.082433	1.376652	2.438872	-1.082368	1.722706	1.512355	-0.476719	-0.036216	1.136648	-0.379899	-1.836970	-2.682518	0.428049	-1.442155	1.673880	-0.726977	-4.531737	0.731746	-0.999105	-1.408990	-0.029876	-2.821920	-4.693199	1.219871	-3.708777	0.224094	1.525329	-6.341058	-1.063008	1.799567	-1.353267	-1.796940	-2.403538	-0.549820	3.189598	-0.336752	1.865568	1.339703	1.361260	1.043736	-1.386157	3.006496	0.121143	2.063774	-0.512363	-2.697227	-1.884037	0.452321	2.835035
-1.122137	-4.109784	-0.467659	0.712304	0.744439	-0.978972	-2.646528	2.829474	0.660196	-0.196772	-1.311748	0.641286	-1.887426	0.873907	-2.172467	-1.712631	-4.211944	6.613953	-0.503851	-1.171418	-3.737180	2.643905	1.470336	4.257762	-5.757827	-0.943547	-0.258495	1.755276	-2.880288	-3.150926	-0.031044	-1.381748	-1.308793	-0.911412	1.630810	0.765914	1.411857	-3.460712	3.021449	2.060087	-1.446640	0.471702	3.308171	0.357394	-0.338952	2.093702	-2.498178	3.959816	0.580406	0.612087
0.862911	-3.317829	-0.524859	2.487533	-0.117347	-0.435574	0.830282	-2.113492	-0.838109	-1.094611	1.781817	0.060845	-0.828846	-1.742986	0.629141	-2.818188	0.418172	-1.333748	1.038140	-0.842030	0.507376	1.782737	-1.064940	2.608301	-0.223679	1.396807	0.986031	-1.849981	-0.646832	1.738019	-0.094993	2.154884	-2.307962	0.310345	-1.739050	0.194077	1.455053	0.458574	1.176145	-0.464185	2.442907	-1.681305	4.682951	2.152586	-0.351916	0.097306	-0.783606	0.902071	-2.039558	-2.225177
-3.427467	0.010831	-2.418149	-0.763842	2.480478	1.288238	-1.528782	-0.812007	-4.203703	-1.456631	-0.384620	3.387298	0.570461	-0.516501	0.669111	-1.253728	-4.982876	-3.510784	1.935682	-0.602012	1.299412	-2.169430	-1.019592	2.783603	1.250472	-2.253479	-0.458519	0.768334	-0.971263	-3.100816	-0.948208	3.871634	0.660504	-1.294121	-0.074904	-6.479160	-0.015344	0.449052	2.785613	1.065040	6.381976	-1.434562	-2.342162	1.301800	-0.671072	-0.337292	0.897529	3.187774	-0.416360	-2.514095
0.170631	1.719297	-0.360703	-1.168275	0.970499	-0.277741	1.874607	-0.847458	-1.980683	-0.863655	-0.539904	7.220304	3.871656	0.233627	0.203124	3.122988	-0.875816	-1.821006	1.762847	0.118319	2.008732	-0.355659	3.481013	-2.160475	1.210199	3.682927	0.426411	2.311740	1.153422	-0.115180	-1.239263	3.331338	1.980508	2.146854	1.495752	2.323178	5.080742	0.672850	0.029430	-3.701954	3.786042	-0.399751	-4.506023	-2.353198	-0.777715	-1.317845	3.393608	2.440315	3.199258	0.129502
0.763582	-0.940537	-0.891788	0.415943	0.243131	0.650264	7.333233	-0.020468	-1.087384	2.172154	0.790490	0.892888	1.175545	-1.200761	2.124344	-2.298417	2.257553	-3.050447	-1.191608	-3.969856	-0.171610	3.343530	0.075875	1.457152	-1.422948	-1.328329	2.313000	3.708918	0.095092	0.194588	2.000490	0.062563	-0.184450	1.452624	1.081046	-1.694682	1.242580	1.552029	1.663898	0.111076	3.129860	-0.894629	2.250717	-0.573860	0.093332	0.725867	-0.831106	4.942181	0.252506	-1.525027
-3.231011	1.271876	-0.496758	3.490275	0.079624	0.054280	-0.449200	0.514303	-1.637048	1.451699	-0.175092	0.839677	3.233960	-1.725251	-0.107876	1.293145	-0.869203	4.168255	0.589604	-0.000858	0.961461	-1.415108	-0.366598	1.813137	0.687506	2.424136	0.621821	2.345998	-4.265143	-1.785264	0.323309	1.264878	0.091868	1.391706	0.213591	-3.451193	1.221885	-3.903933	0.054209	-2.285701	1.606308	-0.356234	-3.955533	0.923573	1.733527	0.289913	-1.758170	1.396398	2.045911	1.444335
0.807230	0.180921	0.264223	0.608205	0.241414	0.798179	-2.321603	-3.230350	0.281718	0.330330	2.727334	1.125284	-0.429360	-0.805796	-1.329575	2.410303	2.191066	0.779327	-0.903070	-0.822387	-2.758491	0.047668	-0.580025	-1.563143	0.117149	1.474069	-1.078847	-0.654741	1.783009	1.398463	-0.479883	-1.728899	-0.059108	-1.895267	-0.425210	4.164072	1.358427	1.270082	1.476145	0.048608	-1.136396	-0.111719	0.673792	-0.735729	-1.111649	-0.941530	-1.934301	-0.164865	-0.033934	-0.445774
-0.288090	-1.815641	-0.385638	1.315313	-0.701074	0.799480	-1.629577	-2.402965	-0.356792	0.222164	1.408652	-1.049700	-2.742707	-3.417429	0.396934	-2.634663	-2.675867	-3.756516	-1.154221	-0.419961	-1.244168	-0.708427	-0.388309	0.026249	-1.300425	-2.303605	1.476954	-0.074070	-2.010261	0.102161	0.456424	0.632362	-2.963387	-4.938201	1.830460	0.269994	0.106932	0.099366	-0.219404	2.215996	0.588201	0.893416	4.061072	0.369152	-0.721010	0.664533	-2.769407	-1.733746	-0.653154	-0.184593
-0.199256	0.726879	0.155522	-1.673450	-0.262967	-0.045464	1.083873	-0.400063	-1.130988	-0.711534	2.705902	0.672240	-0.204501	1.322357	-1.889351	1.411370	1.553903	-1.871972	-1.284308	-0.390630	-0.111810	1.886100	1.679698	-1.348612	-0.072512	-1.425028	-0.544038	2.183110	2.281767	2.514543	-0.047072	-1.341093	-0.603900	1.276872	0.586994	4.742334	-1.338327	2.726662	0.219270	1.876854	2.776367	0.540828	0.065854	-0.296234	-2.063166	-0.405587	-4.031828	-0.254064	0.311241	-2.853872
-1.614151	3.492621	0.904315	-0.532740	-0.095605	-1.237309	-3.386766	0.338349	2.274533	0.406310	1.383236	-0.106098	3.862599	-3.188825	-1.000383	0.805374	-1.018739	0.661201	0.111417	-0.434266	1.166583	1.390932	0.232157	2.230375	2.530357	3.520727	-2.913672	-3.380367	-1.791894	-1.345597	-0.041773	0.207959	-1.271496	0.203190	-0.300424	-3.782008	4.022915	-2.456384	-1.819131	-2.989326	-2.223882	0.554868	-4.722597	1.095301	0.761025	1.716632	5.123913	-2.438908	-1.022168	-0.587400
2.175757	-2.819648	1.831849	-1.446386	-1.736958	-0.805896	8.772942	1.864183	1.058344	-1.084241	-0.345442	-1.014685	-2.484265	2.136009	-0.361387	2.146621	1.737242	-3.235916	0.096926	0.906765	-1.009872	-1.356051	0.149587	-4.871266	-0.487840	0.470490	1.046227	0.343477	0.608710	2.109416	0.052773	-0.144322	1.342994	2.380168	-1.547246	3.993268	-1.655544	2.431609	-0.139961	-0.117942	1.342309	-2.662340	5.717876	-0.693832	0.957940	-1.658495	-0.249088	1.093827	0.446974	0.668192
1.784553	-1.839943	0.444654	3.475868	0.764676	-0.536366	2.443480	-1.571947	-0.012172	0.352785	1.025213	-3.375017	-2.720784	-1.289927	-2.258202	-1.909838	1.423049	0.922862	0.125918	0.133328	-1.016509	-1.952001	-1.243366	2.389771	-0.080953	0.796136	1.208484	-5.179917	-2.073152	0.886644	0.862275	1.746579	1.017099	0.647892	-0.702568	2.389853	-3.081082	2.400802	-1.315217	1.805540	0.665205	-0.785403	3.726490	-0.469355	1.231037	-2.097791	-3.296845	2.450846	-3.674370	-0.852760
0.331468	3.240268	-0.579188	-0.855538	1.002653	-0.419356	0.726598	-3.107276	-0.465671	-1.617197	1.177582	0.002141	1.636482	0.537967	-0.900657	1.257699	-0.915993	-2.780040	-2.504351	2.614442	1.332770	-1.879779	-0.817334	-4.254767	1.784795	1.032190	0.037387	1.383462	0.631529	2.396232	0.885697	-0.165474	1.251499	2.935837	0.505535	5.751857	1.652090	-1.727387	-1.425332	0.540739	2.410580	-0.421755	-0.692765	0.395898	0.436595	-1.510192	-1.165691	-1.364833	0.344698	-0.876074
-0.521173	7.317589	1.806730	4.651604	0.556636	-1.720586	-1.143121	-0.813243	0.388891	-1.779893	-0.396922	-5.599557	4.181193	-2.647087	-1.386566	1.068501	-1.186243	-3.531799	3.201227	1.253497	3.475031	-3.641567	-3.624510	0.656753	2.460907	0.662954	0.545888	1.070977	-1.989338	0.861085	-0.109907	0.228257	-0.890818	2.440277	0.301089	-2.836752	2.069305	-2.730424	0.405813	-2.259941	0.992505	-0.460059	-6.452694	0.581131	-0.337474	0.386637	3.582762	0.702502	2.668071	-2.530545
0.869643	4.269330	-1.807216	-2.167740	-2.078792	-1.252490	-2.786062	-2.873624	4.042029	-1.490612	1.967506	-3.088960	1.331914	-1.520793	0.417009	2.617356	-2.767101	-0.135081	1.191151	2.928510	0.113966	-1.618108	-2.387821	1.243622	1.210885	0.463136	0.376145	0.773315	1.104640	1.323136	-1.484544	-4.797876	-2.260207	-0.041043	0.340609	-1.873612	1.978600	-2.251785	-2.004068	-1.925475	-5.735036	2.474406	-4.291609	-1.750135	0.820385	-0.438357	0.544613	-3.571727	0.149266	1.847188
-0.780900	-0.765494	-1.389729	0.245696	-0.928233	0.912348	-2.577919	-0.788506	-1.586342	1.066721	-0.539298	-1.143397	-0.892894	1.358557	-1.380750	-3.664498	0.639396	-0.709830	-2.254357	0.701198	-1.354179	0.931683	0.410241	3.726418	-0.413214	0.785271	-1.102734	-1.199728	-0.511583	-1.647492	0.864929	-0.342538	-0.307150	-0.914568	-0.145317	-2.081040	-3.938465	1.996321	-1.060814	-1.349247	3.607828	-0.222220	0.027349	2.336212	-1.133062	1.608705	0.511720	2.063703	-0.973892	-1.284638
0.551044	-0.430195	1.333156	1.701691	0.427460	-0.765707	-3.172142	-1.695515	-0.266021	-0.366164	1.451512	-1.171569	0.801035	-3.219910	-0.787666	-1.525038	-0.853199	1.722958	-0.936005	-2.024407	-1.335310	1.420637	-0.077901	-0.892315	-2.445771	2.343504	-1.327343	0.781881	-2.363575	1.760781	-0.186711	3.698324	-2.694318	2.397461	-1.420387	4.933596	2.380312	-1.359731	2.109829	-1.338348	-1.051261	0.496691	-1.860734	1.353165	0.700740	0.665694	-2.585535	-1.620102	-0.412092	1.304538
-0.657509	-1.856110	1.318261	-0.782209	-0.543583	1.606088	-3.511168	-2.486441	-0.593925	-0.435904	0.630714	-2.607922	-2.780470	-4.907933	-2.609594	0.866282	-1.843394	-4.025867	-4.930020	-0.422517	0.012125	0.413267	-3.477808	1.849826	-1.874649	-2.496702	-0.757751	-0.373814	-1.691639	-0.860060	-0.618767	1.589917	0.392567	1.498093	0.661164	0.712514	-3.669751	-1.833518	-3.353405	3.274876	-1.918168	1.361718	1.013538	1.610001	0.511880	0.733645	1.173935	-1.896585	0.594226	-1.128626
-1.025666	1.841057	2.643298	-0.594608	0.280999	-2.747051	1.807750	2.353410	0.562362	-0.061019	0.505232	-1.185452	4.036133	-2.668163	0.708347	-1.718002	-3.177735	-0.232838	4.432121	0.408416	0.208890	-0.752087	0.076674	-1.698561	-0.189147	1.312087	-0.005833	0.136276	1.178861	-1.297896	-0.071127	-0.964342	-1.956461	0.377801	0.592516	-0.857540	3.166384	-2.397389	2.632930	-3.193455	-0.025436	-0.516307	-2.776400	1.386014	0.520022	1.619426	0.505134	-0.332588	0.412716	2.596446
1.109161	3.066526	-0.768012	-0.534262	-3.012518	-0.745161	2.143417	-1.561263	5.272196	-0.938086	3.997496	-3.945526	3.067126	-4.703550	-1.483864	3.282483	2.920437	1.970337	1.001442	0.222347	1.347152	-1.394806	-0.927027	-1.411572	2.089490	1.323011	-1.394767	2.036833	-0.496407	2.835633	-2.151433	-2.842673	0.450479	0.834998	-0.361694	3.041529	3.605641	0.550866	-2.506528	-1.893499	-3.438513	-2.474385	-0.879432	-2.473480	-1.014971	-0.168204	-2.081766	-0.057177	1.030039	0.044265
2.200961	-1.809083	0.426398	-2.634676	-0.305224	-0.268505	3.194097	1.731304	2.769732	-0.889803	-0.675905	0.759280	-0.287899	-1.480749	1.145031	3.967590	-2.848163	1.889881	2.953518	-0.390284	-0.740690	-0.347850	-1.668674	-1.526015	-0.599148	-0.205908	0.644368	1.481834	4.155119	1.193446	0.381963	-1.726770	1.354462	-1.005114	-1.551450	1.962556	2.391155	-2.745191	3.130166	0.569275	-3.036021	-0.952960	4.925418	-0.838034	1.489609	0.320006	-0.487992	-0.202739	0.616183	1.700150
-0.371929	-2.892470	-0.532571	2.413211	2.008907	2.034811	4.201640	1.153634	-2.981476	2.399819	0.089097	1.824827	1.190184	0.218620	3.484048	-0.869972	1.301122	-2.893611	-4.434539	1.640394	1.277378	3.232945	-0.307125	1.472911	2.160386	-4.837041	-1.142274	0.945585	-2.691646	-1.482458	-0.394645	3.291018	0.319101	-1.517553	0.093026	-5.420095	1.977158	3.066027	-2.367749	1.409953	0.382740	1.845653	-1.364825	-1.510641	-0.347853	0.245798	-3.421972	-1.965118	-0.160271	1.283923
-1.742044	0.333531	1.234762	3.187767	0.870003	-0.154733	-2.605142	1.136897	0.363843	1.652600	-0.348027	-1.549377	-0.191932	-0.744542	0.736762	-3.426946	-1.152998	3.933352	-2.913891	1.006446	-1.299136	0.863516	0.694062	4.164339	-2.117418	1.202692	-1.554311	-0.184933	-4.157979	-0.591443	1.110103	-2.565555	1.224548	1.494414	-1.120435	-0.692874	-0.463619	-2.279075	-4.038590	0.379812	-2.403813	1.689693	-4.588840	0.042695	1.628619	0.523456	1.707374	-0.173234	1.018261	-1.173663
0.339054	3.381198	0.161845	-0.184820	-1.984323	-0.563135	-2.501498	2.030086	1.570164	1.334540	-1.713729	-2.984979	2.948152	0.844239	-1.231503	-0.195521	-4.470565	1.832199	-2.010539	0.854105	-0.938219	-0.313559	0.331125	-0.076153	0.561792	1.151683	-0.940397	0.532904	0.617456	-1.521949	0.454754	-0.850186	-1.274456	1.134234	-1.610232	0.994772	0.101883	-4.318592	-1.444897	-2.465491	-1.759520	1.120007	-4.658796	1.448670	0.520011	-0.051063	3.144585	-2.737981	3.191459	-0.220938
-1.479817	-1.765569	0.101867	1.077110	-0.924323	0.489281	1.857734	-1.046063	0.503239	2.216100	-0.359847	-2.857719	-1.090513	0.248157	0.101708	-0.345634	-0.185837	0.337913	1.323013	-1.089668	1.501833	-0.748602	0.818586	-0.123551	1.892081	-2.964743	0.472356	-2.392936	-2.914433	-0.972515	1.945099	-1.600460	0.097093	0.131216	0.773698	-1.149302	-1.451243	-1.697292	-0.472698	0.877208	4.847655	-3.738076	3.781455	2.658539	0.436675	0.553148	-0.452309	2.249231	-0.295168	0.580487
-3.104811	1.248747	-1.801150	-0.676028	-0.634712	-0.556975	-3.938123	-2.706004	1.448746	0.752803	2.025210	-3.035582	-0.720671	-5.999703	2.352156	-1.171453	-3.386826	1.734865	-0.728008	1.854960	0.973213	-0.206810	-2.681360	-0.518518	-0.501243	-2.700848	0.218849	0.299239	0.527929	-3.064170	-0.430429	4.788513	-3.389677	-3.005070	0.120989	-4.745324	-3.860577	-4.181607	0.462185	0.677267	0.522828	-0.151812	-1.783295	1.332448	0.162883	1.214790	0.600484	-2.133120	0.153450	1.578100
-2.105076	0.109132	-0.009786	-0.974276	0.531571	-0.605408	-9.066962	1.654653	-0.865116	0.292557	2.219165	-1.380073	1.681853	-2.816010	0.380684	0.901002	-2.043896	-1.137495	-0.226148	-0.575049	-0.768057	-2.743420	0.889092	0.137808	-0.026993	-0.927528	-1.436492	-2.841380	-0.251641	-1.955224	-1.581742	-1.184022	0.668664	-3.324884	0.430300	-1.421011	0.111063	-2.754512	-1.994908	-1.117847	2.463765	-0.566899	-3.208716	1.481949	-0.364688	0.825730	2.113411	0.969172	-1.090141	3.083572
0.461174	0.189660	0.733861	-0.652485	0.669700	-0.893650	4.137371	-1.003521	-1.245829	-3.180820	0.269903	-0.100461	1.768303	-1.599979	0.528035	-1.981137	0.006919	-3.010657	-1.319853	0.048254	1.080231	1.625068	-1.907420	3.421492	0.449815	2.403074	1.511644	0.856467	0.855150	0.808154	-1.579321	2.888741	1.366781	-1.202250	1.525004	-0.790960	0.649298	2.687975	-1.515257	-0.553832	3.566657	-1.135395	1.573285	-0.507762	-2.845890	0.264435	2.282372	-0.825316	1.110685	-0.117330
1.737281	-1.585572	-1.708051	-2.564899	0.239408	-0.374353	1.747040	-0.752694	1.543744	-2.718826	-0.697222	-2.636394	-1.066108	1.754237	-2.995334	0.151886	-0.343382	-1.597597	2.505728	-3.017562	1.183462	-0.395827	-0.858844	1.116208	0.475756	1.154942	0.054632	-1.587846	3.292968	1.134200	-2.064131	-1.348805	0.095891	0.246811	-2.905030	1.866568	0.254732	1.349489	1.237362	0.894717	-1.709059	0.297649	5.250954	0.124649	1.670397	0.920416	-0.454208	2.616425	-1.894761	-0.229371
-0.820831	0.160223	2.294457	-0.818260	-2.797605	-0.867707	0.231327	0.820820	2.008305	-1.264874	0.584655	-2.574259	0.740718	1.472856	1.751564	1.625003	-1.786680	0.452624	-0.028361	1.079434	0.353557	1.345841	-0.158256	-2.520764	1.759658	-0.499649	0.808625	0.850925	4.685779	-1.760884	-0.028131	0.266244	-0.120046	-0.537884	-3.614552	-2.783585	0.741618	-1.919487	0.767622	-0.443260	-2.906721	0.218120	-1.690463	-0.205995	0.491009	0.545738	0.423984	1.170248	1.931402	-0.394909
-2.211928	-1.008706	-1.386666	1.659381	1.510560	0.044447	-1.680554	0.240118	0.609035	-0.328075	-0.091632	-3.748136	-0.097604	-3.604301	0.534315	-0.325069	0.944619	3.709192	-2.099536	-0.212525	-1.893644	1.359602	-1.718520	6.256863	-1.873213	0.036679	1.012370	-0.488282	-2.442130	-1.752841	-2.535253	-2.143699	0.314127	2.541937	-0.244302	-3.763502	0.096403	-1.542515	0.690698	-0.152953	0.199279	0.693153	-0.265093	1.947781	-0.312776	0.710263	2.796953	2.332715	-0.727856	0.155341
-0.682764	-0.755744	1.408001	-0.024983	1.022631	1.173319	-2.765555	-2.722275	-3.071000	4.231373	1.112630	5.261710	-2.100884	1.467849	-0.288803	-1.746534	-0.084140	0.755053	0.116989	-2.678675	-0.630016	-1.059989	3.045518	-0.493205	-0.310570	-3.282963	-0.572353	0.612989	-0.216916	-2.102927	5.007310	3.985805	0.488065	-1.245892	-0.355750	-0.018642	-1.928500	0.430153	0.991559	2.306399	2.127838	-0.821107	-0.321659	-0.813763	1.460273	-0.891826	-3.895419	2.591226	1.063491	-3.864483
0.851216	-0.873424	-0.053412	-1.889343	1.635445	0.004446	4.726884	-1.385265	0.026075	-0.089118	0.455936	1.752393	1.711054	0.509018	-0.701124	0.815652	-2.102726	-2.174783	3.737791	1.036286	1.307497	-3.130356	1.038579	-1.203816	0.084554	2.197745	-0.475116	-1.489752	2.660889	0.633148	-0.517885	0.634855	1.862089	0.794836	0.717734	2.934631	1.878016	1.003995	-0.972529	-0.140312	2.607068	-1.138091	2.599651	-3.085186	0.330789	-1.483637	2.315620	-0.406787	-0.293055	-1.996282
3.004467	0.038646	-0.375476	0.652988	0.485735	-1.245120	-1.453678	1.447569	1.500768	0.314281	-1.379946	-2.482744	1.080477	0.131530	-0.232974	2.902232	4.245728	1.378745	2.698488	-1.176260	0.815731	0.950389	1.824680	-3.637493	-1.258526	3.609077	1.284382	0.728908	1.892666	2.652625	-1.774211	-0.027035	2.706929	0.216597	2.083310	6.071041	1.211300	-0.926335	0.401825	-0.916213	-1.921974	-1.701240	1.232729	0.991447	1.073927	-1.573492	1.624312	2.426616	1.415187	-3.735598
-1.332008	-1.035156	-0.176486	-1.329124	-0.675833	-0.367893	-2.093851	-2.132023	1.009522	-1.732471	-0.292804	-2.015463	-1.632259	-2.186882	2.038534	2.022013	-0.302171	2.664034	-3.438460	0.391113	-3.183147	3.908523	-0.959386	-0.081779	-2.975621	-1.270523	1.460083	-2.513262	1.224047	-1.474294	-0.397346	0.424687	0.157166	-0.390451	-1.789140	-0.991221	0.617087	-0.536368	-0.889519	-0.534816	0.593775	0.460717	0.178014	0.606910	0.732602	0.828933	1.761260	1.088285	-1.027846	-0.856106
0.468476	-0.708383	0.182921	1.324588	-1.317132	2.729568	0.741683	1.270803	-3.020903	2.551631	-1.723502	5.541286	-1.103636	5.531977	-0.616701	-0.362847	-0.699432	-1.441194	4.258917	0.198275	2.766842	-3.071728	0.127420	-5.789275	2.547324	-1.633496	-0.004725	0.529829	-0.268311	-0.793942	1.927626	2.314223	0.206453	0.378148	1.983581	-0.895592	1.466643	3.268359	-1.049463	-0.243762	2.355180	-0.889421	-2.302086	0.685274	0.143722	-0.778983	1.722530	0.555421	0.562208	-0.753943
-0.748259	2.011972	0.937981	0.605062	-1.342560	-1.026029	0.298937	0.261516	1.154843	1.464468	1.532517	-0.721324	-0.674311	1.385018	0.726711	-0.357867	1.372963	1.013807	-1.959833	-0.725984	-1.534728	2.887224	1.115531	1.498656	-3.816573	0.462858	-1.188159	1.357749	-3.312200	0.102454	0.856228	0.400669	-0.105372	1.068992	-0.442046	3.330074	-1.655517	2.499070	-1.036551	-0.688066	-0.023438	-0.932771	-4.205924	0.497800	0.404681	2.100723	0.656369	2.260931	3.065811	2.471924
-0.787851	1.815167	1.339467	0.715969	3.632182	-0.130517	1.361564	-0.478775	-1.935982	-0.375260	0.673748	2.441058	1.919336	-2.579722	1.364347	0.045915	0.691921	0.898139	-1.409125	-0.551085	1.228548	0.550213	-2.766001	-0.412931	1.918013	2.762334	0.630912	1.273092	-2.182699	0.628504	-0.808901	2.650810	0.316092	2.591999	2.805284	-1.545253	1.573139	2.233970	0.520478	-1.463137	3.175946	-1.442534	-4.014497	0.341120	0.644191	-1.171141	3.034686	0.291674	-1.749002	-2.718874
-0.250221	-0.352049	0.867667	1.100311	1.466953	1.390884	-1.037126	1.259592	-2.119198	-0.186721	-0.575714	2.954932	-0.378687	-0.110619	0.960915	-2.487585	-4.376158	-1.523148	0.905643	-0.069799	0.710247	-3.523122	0.186104	3.788807	0.513751	0.756114	0.771316	-1.334686	-2.467958	-1.083443	-1.332838	0.345374	-3.577422	-1.622502	1.074117	-6.784723	-0.153526	-1.833206	-1.597997	0.440541	2.558091	-1.284850	0.162039	-1.025060	-0.351296	0.954147	-0.353468	-1.099683	-0.345888	-2.982704
-1.574414	-0.423787	0.295237	1.553558	0.250811	0.239859	2.220291	-1.078207	-1.569662	-0.015802	0.877544	-1.356255	1.713993	-3.946318	-0.832782	-3.365116	0.345617	1.174592	1.326357	-2.327263	0.439289	1.253671	-1.203791	3.873648	1.542170	-1.095019	-0.808521	1.866594	-3.272152	-1.950305	-2.286335	0.798440	-0.199471	1.000641	-0.677980	-4.558727	-1.486860	-0.972736	0.905318	0.206808	3.167307	-1.412498	-0.337493	1.126187	-0.591987	0.618592	-2.263113	2.501059	-0.101701	0.508510
0.807905	-1.482355	0.772745	1.819247	-1.411892	-1.593033	1.629882	-1.706878	1.262204	-1.344517	-0.972347	-0.499961	1.765022	-0.513922	-1.417984	0.844322	-1.306475	-2.836234	2.843074	-1.631137	-0.286762	-3.987995	0.580607	-3.527694	2.270168	2.626355	0.531520	2.301373	0.657680	1.564495	-1.915326	-1.853320	0.977246	-0.882256	2.022075	4.073864	2.139007	-0.710184	1.020870	-0.488309	-0.346225	0.555314	3.006271	2.071081	0.860938	-2.162169	1.757676	1.556659	0.003609	2.376616
0.126121	-3.442480	-0.066872	-0.138668	0.646896	1.070429	0.090177	-2.232117	-1.758243	0.267154	1.898607	0.268234	-2.700092	-0.908450	0.380927	-4.533915	-2.962125	-0.498738	-2.294742	1.629636	-1.304868	0.030423	-0.423614	5.361794	-2.849981	1.909772	0.830606	-1.370247	1.437079	0.021581	-0.142141	1.328208	-1.170336	-1.412243	0.833950	-0.663981	-2.633742	-2.515539	-0.274324	1.167111	3.833168	-1.320563	4.938288	-1.790287	-0.614385	0.407799	-1.321162	-2.986145	-2.493394	3.789574
-1.224057	2.567785	-1.110977	0.411976	3.590369	0.318692	-2.670789	-0.670131	-2.089157	-0.064555	-1.022922	0.423433	0.517916	0.142007	1.017556	-0.886532	0.888787	-0.201319	1.159212	0.026506	0.920458	1.393092	0.327523	5.232698	-0.963555	3.025047	-1.970819	0.267003	-0.894317	-2.640729	-0.083196	1.582581	0.318728	-1.497316	-1.816307	-5.060648	-1.592849	1.936090	2.061590	-0.799376	0.031133	1.830795	-3.426091	-2.630028	-0.216283	1.454822	3.643341	0.305392	-0.258504	-3.085343
-0.218478	0.465188	-1.049409	-0.662973	1.335539	-0.617589	-1.065419	-0.492520	-0.725299	1.862389	1.763801	0.505688	0.644810	0.668029	0.227789	0.911054	-0.580943	-0.501889	1.105689	-0.834999	0.263867	0.844380	-1.071902	-0.209386	-1.074445	1.353445	1.155330	-0.552807	0.831484	0.940448	1.488830	-0.031973	-1.017846	-0.654690	0.115972	2.470651	0.828443	0.698767	1.600081	-0.387884	2.879449	-2.231226	-0.204054	-1.710685	1.467256	0.451187	0.806347	0.305859	0.019025	1.592862
2.248821	0.515113	0.687902	-3.036457	-1.588910	0.031162	8.234014	1.048175	1.709240	-1.342677	-0.955695	4.299666	-1.058052	2.895336	-1.683236	3.563187	2.320987	0.526335	2.248198	-0.207095	-0.536500	-1.771986	0.758315	-3.987043	0.035383	-3.194519	-1.484004	-2.838945	2.785545	0.965045	-0.311474	-0.929830	1.514067	3.433666	-0.250426	4.598457	1.810872	2.441958	0.847811	2.727356	-1.844260	0.027298	5.099191	0.110575	-0.027342	-1.328637	-4.350019	-0.495650	0.057110	-0.052934
-1.156144	-2.673616	-0.512330	0.382820	-1.850597	2.395539	0.378043	0.033117	-1.420908	2.586877	-1.058696	1.654460	-0.930975	2.760895	-0.177654	-2.663505	-1.081130	1.918515	1.196122	0.542426	-0.329534	-1.045108	0.543811	-0.241671	1.070069	-2.834042	0.461679	2.035332	-1.070084	-1.989379	0.471445	1.845097	0.220810	-0.322743	1.213177	-2.901025	-1.491810	0.007115	0.504408	1.248046	2.709757	0.161006	3.324689	-1.875420	-1.087717	0.253341	-1.402813	-2.273499	-0.660659	1.874779
0.923384	-0.078814	-0.280968	-1.366896	0.224817	0.342312	-2.547952	0.595662	-0.075146	-0.631394	-0.861580	1.078185	-1.441379	4.029454	-2.290651	0.222950	1.028240	1.531166	-1.709773	0.009805	-2.239637	2.393208	2.178790	-2.696098	-1.795895	0.630214	-1.029119	-2.920928	1.955810	0.428079	0.524593	-2.588425	0.565178	-2.839155	1.219893	6.860450	-1.586505	2.818022	0.838846	1.390542	1.728019	-1.677491	3.013062	0.148357	-0.454839	-1.193367	-3.236090	-0.355461	-1.504805	1.563410
-2.400560	1.974710	-0.272871	-2.068817	0.875182	-0.190087	-5.730686	-0.102317	-1.471801	0.924766	-1.279888	2.234539	-0.543263	0.534717	-0.438933	-3.710760	-2.300883	0.833397	-0.730836	-1.144763	-2.054576	-0.478740	3.380820	3.572333	-3.597850	-0.340868	-0.374176	0.976067	1.285458	-0.855025	0.950967	3.775944	1.199915	0.608050	0.177195	-1.102583	-0.611714	-3.795992	-0.667508	-0.375739	1.831213	-0.853254	-2.269703	2.609342	1.126423	1.785594	1.002446	0.867775	-0.257988	-1.051563
0.519424	0.449732	0.470097	-1.591445	-2.141903	-0.416868	-0.393993	1.986662	1.070114	-0.039643	-0.762546	-1.453139	1.724037	2.689962	-0.216060	1.004225	1.309576	2.132955	-1.173457	1.580041	-0.137635	1.160441	1.142623	1.316688	-0.674099	1.398844	0.681973	1.371733	-0.450641	1.211250	2.041294	-1.523577	1.909245	-0.324530	-2.435783	1.142389	2.236824	0.106731	-1.026264	-0.763830	-0.988881	1.152191	1.252106	1.358724	0.391362	1.454666	1.761378	-0.997629	0.632057	1.166249
-0.349227	-3.398306	0.230479	0.012834	-0.776644	0.377196	1.785080	-0.497879	-0.839030	-0.741046	0.901940	1.059222	-2.325922	-0.982030	-1.623090	0.484431	1.145954	0.157917	2.411373	-0.671187	0.208378	0.828149	-0.429202	-0.363498	0.064583	-1.308383	-0.284529	3.728348	0.713055	-1.449545	-2.611831	-0.110196	2.207760	-0.006311	3.037076	0.523872	0.377425	3.615479	3.538919	1.808333	0.588047	0.281797	3.450136	-1.717085	0.247475	-0.042012	0.323106	1.150655	0.698307	3.312044
-0.217394	0.736483	-1.837426	0.084359	1.521900	0.143677	-3.462986	-0.358448	-0.970576	-0.180967	2.247619	3.228071	1.592542	-2.641771	-2.897246	1.748019	0.850393	0.260294	-4.638607	2.456225	-0.278765	2.337537	0.777315	3.181150	-3.066983	2.972014	0.508365	0.417847	-2.287027	-0.440605	-0.670764	-0.349189	1.063223	0.273757	0.966097	2.541519	0.501663	1.406406	-1.479800	-0.373432	-1.394243	1.934644	-4.061733	0.062630	-1.931258	0.981801	2.326811	-0.594835	0.962204	0.720992
2.624761	-0.063031	-1.265085	-0.175781	-0.054158	-0.814020	-4.182051	-3.223776	-1.099252	0.691937	0.446029	0.923989	-0.443528	3.683735	-1.589578	-5.288351	1.474123	0.677771	-0.885628	-0.731986	-2.620075	1.626091	2.532843	6.038450	-1.376099	7.175402	-0.182277	0.213233	1.486926	5.965741	1.610756	-0.331465	0.988359	2.505339	1.496816	2.398898	0.533094	-1.408853	2.768025	-2.032241	-2.281282	0.485842	-1.859452	-0.584978	-0.482312	0.570722	-0.719024	1.763478	-0.427241	2.608108
-1.460445	-5.377448	0.984017	-0.254843	0.545793	0.655537	6.144084	2.060635	-2.454714	-1.149187	-0.528686	3.949382	-3.536198	0.707859	2.026642	-3.963157	-2.293444	-1.817381	-0.848191	-0.039537	0.011276	0.742744	0.347024	7.265400	-2.153855	-4.897260	0.107474	-3.271291	-0.033032	-4.226994	-1.384898	2.242759	0.161926	1.347194	-2.930039	-7.807580	-0.917092	1.158594	2.815955	2.158090	4.111215	0.222253	4.576249	1.877501	-0.817383	0.629125	2.685402	0.041596	-2.576320	-0.302173
0.861057	4.455796	1.142826	0.322854	1.713462	-0.332077	6.786693	-0.508572	-1.973471	0.327766	1.075671	3.181104	3.410662	-1.510223	1.182162	2.558546	1.517212	-4.839601	3.255131	-1.845073	1.618803	-3.805662	-1.966485	-4.200794	4.505988	2.601447	-0.236946	0.096385	-2.423795	0.599573	0.101110	1.517051	0.409832	2.719975	-1.707217	1.258596	5.044662	3.520497	2.345198	-1.630744	1.712104	-0.279374	-1.949190	-1.541576	-1.587325	-1.568744	1.942600	-0.044712	-0.937121	-0.572830
-1.464327	3.230575	1.295971	0.299496	-1.984043	0.258240	-1.939271	-1.669277	1.209070	0.791345	-0.216901	-1.717542	1.869978	-0.603903	-2.156018	1.379665	-0.341809	0.055292	2.352883	-1.043143	0.968243	0.593654	0.247437	-2.758856	1.607631	0.486024	-0.332769	2.771613	-3.061178	-1.374509	1.850297	-3.030587	-0.389407	-1.655401	0.450079	-0.012623	-0.637108	-1.784867	2.068131	-0.970076	-0.298576	0.557120	-2.625321	0.981348	0.108207	0.568330	1.710215	1.827824	1.974875	-1.101130
2.399786	2.618309	-0.299263	-1.740755	0.385689	-0.250696	0.348380	-0.635479	0.477173	-0.723712	-0.683571	1.987734	1.938285	1.039777	0.531013	1.813306	-1.368849	-1.569098	-2.061196	2.921895	-2.841114	-0.842903	0.269886	-0.298666	0.992583	1.448169	1.442491	-0.675539	4.480941	0.172583	-1.795195	1.241743	-1.590560	0.655241	-0.188486	0.460619	1.266842	0.829815	-1.468403	-0.283007	-0.507731	1.154297	-0.531707	-0.508669	0.974794	-1.125020	-0.315744	-0.819359	-0.342623	-0.207461
0.286924	2.374119	0.975717	-1.991447	0.693360	-1.556305	-1.645902	-0.145011	1.473754	-0.369572	-0.836928	1.635494	1.653139	1.456126	0.544053	1.184198	-0.509958	2.601346	-0.128242	-0.349725	-2.678953	0.566001	-0.148603	-5.219901	-2.352259	1.816263	-1.369147	1.579354	2.717838	-0.561102	0.518441	-1.607998	0.628110	-2.170697	2.186022	4.055818	-1.130014	-0.171842	2.220634	0.023089	-1.841567	-0.336238	-1.773024	0.623805	0.777227	-0.762063	-0.124920	-0.095362	0.153150	0.878731
-1.428163	-3.079079	0.170368	1.717691	-0.213831	1.119382	1.641939	-2.689724	-1.013074	1.044012	1.058973	-3.331298	-3.173789	0.160618	-1.134272	-0.111647	2.346605	0.121081	-3.338970	-0.916079	-1.632078	2.339058	0.267649	0.712945	-3.395989	-3.317571	-1.006598	1.784265	-2.384740	-0.404582	0.581257	1.689155	1.198924	1.189741	-1.052699	0.671837	-3.519272	2.850849	-0.164186	1.592570	2.306703	-3.052291	4.515272	0.181375	-0.481960	0.647774	-1.480209	2.739296	0.301893	-3.311971
-1.901671	-1.134805	1.463997	-5.566962	-0.245167	-1.341251	-5.931069	-0.237137	3.532736	-0.845622	0.134625	2.297904	0.193281	-1.226752	-2.101720	1.173930	-3.979727	1.925714	-1.942547	-0.131980	-0.984662	0.496591	2.199764	0.246885	-1.917429	-0.000106	-1.299575	-3.233543	3.583490	-0.733661	-0.712200	-0.199094	-0.329066	0.286893	-1.009855	1.661449	1.638795	-5.313945	-0.552659	0.427268	-5.321406	-1.525707	-1.081492	-0.205222	-2.057738	1.695223	0.100608	2.219961	-3.530484	-0.135428
-3.040706	-1.628858	-0.294882	1.199186	-1.038591	0.787849	-0.683501	0.984720	0.804376	1.929606	0.771344	-3.742602	-2.685215	0.145196	-0.259839	-2.152947	-0.746176	2.417143	0.126399	-0.281521	0.532468	3.396440	3.457690	0.227722	-1.218527	-2.380670	-0.469385	0.944454	-1.824830	-3.105051	-0.153529	0.983324	2.166195	0.500770	-0.812554	-1.968479	-3.467791	0.070532	0.701984	1.830649	-2.673741	0.297340	-0.188839	4.074689	-1.728192	2.064893	2.692473	0.778013	-0.121404	-2.581531
-1.459495	-0.537217	0.274994	-3.259483	-1.224692	-0.835493	0.621489	0.185013	3.267742	-0.550947	-0.859594	1.066714	-0.925746	3.941026	0.650362	3.627347	0.484415	2.230818	1.415320	-0.077387	-1.741642	0.640127	0.823321	-4.569498	-0.471815	0.160294	0.314798	0.117074	3.293459	0.733746	-0.163583	-0.394999	0.635789	-0.754004	1.230146	5.834440	-0.483292	2.792982	0.285509	0.881185	-3.930581	0.497442	0.336860	-0.683190	-0.785764	-1.673291	-6.834084	1.321992	0.613043	0.452233
-0.065548	0.647429	-0.788945	0.176864	0.901574	-0.788299	2.061811	0.802960	0.465537	-1.587085	-1.973011	3.747052	-0.550601	2.340120	-1.111972	-1.891612	1.311790	0.843040	0.523626	-0.819285	0.724842	-0.005140	0.205274	3.257602	0.568717	-2.450090	0.318611	-2.560375	-0.794544	-2.002358	-1.040034	-0.202863	1.303810	-2.410719	0.421325	-2.953643	1.805839	2.693653	-0.988224	1.535556	-0.524076	-0.648472	0.611272	-0.075434	-0.829964	-0.144455	-0.849417	0.891570	-1.953122	-0.568207
1.431609	0.710975	0.666305	2.933897	1.364751	-0.328917	-0.427653	-1.783483	0.586483	1.237517	-1.730421	-0.510587	0.012884	3.234991	-1.614423	-1.752383	0.165360	-1.512957	1.782227	-2.408316	1.285123	-2.294448	1.220125	-1.143156	0.119434	1.165004	2.360077	-0.597066	-0.870050	-0.228194	1.295016	-0.566860	1.023510	-0.629481	0.875466	3.678879	1.795309	-0.509056	1.610017	-0.147024	2.715980	-1.300890	1.319008	-1.216711	-0.568938	-1.028696	-0.766105	1.785800	-0.011754	-1.508802
0.133829	-1.147700	0.351232	-0.774377	3.465825	-0.351094	-1.685007	-4.144085	-3.065234	1.774682	1.749007	6.182207	1.086796	-0.833349	-1.897821	-3.167084	1.123222	2.806783	-1.357482	0.052934	-1.032150	0.988623	0.009846	2.044885	-2.679633	3.605337	-1.129375	1.428062	-1.798979	0.036917	1.572161	0.365435	1.625749	-0.436044	2.306877	1.906979	4.008600	-0.625164	-0.135275	-0.166754	5.291555	-2.227381	0.623802	-0.322047	-0.951030	-0.075037	-1.422457	-0.866280	0.482992	2.158226
-0.856221	1.167325	1.588342	1.222160	-0.836640	1.039190	0.704723	-2.687892	-0.500032	3.692655	1.453211	0.589319	-1.451621	3.213592	-2.208104	-2.745832	2.636736	-0.583322	-2.585758	-1.136255	0.840461	3.680557	2.623198	1.141958	-1.536116	-2.045043	-0.128341	-0.412483	0.076773	1.801252	2.637807	0.337907	0.747741	1.173684	0.214168	3.402986	-1.175723	4.204326	-0.946670	3.172495	-1.009185	0.634984	-1.560573	1.218223	0.955960	1.329873	-4.820884	-0.350507	-0.338783	-0.396597
0.295319	1.901079	0.066045	1.301122	1.106816	1.406045	0.075845	3.300315	-2.337343	-1.096446	0.864156	2.641907	1.148506	-0.186251	-1.949640	3.320753	2.192844	-4.054182	-0.564890	0.603868	2.848027	0.385722	-3.540782	0.551777	1.731503	0.455559	-0.706967	0.489605	-0.230327	0.545202	-0.746501	3.383391	0.450339	1.586093	1.344907	-1.225606	0.677939	5.509424	-0.440292	0.082574	-0.233261	0.981518	-4.817090	0.461495	0.969827	0.211237	2.695301	-0.246439	1.932929	-1.062120
0.418707	-3.362688	-0.537733	-0.281527	-1.385683	0.726633	0.030184	1.781202	0.557051	-0.781766	-1.236367	1.585397	-2.004415	0.260496	0.945451	-4.179239	-3.415880	-1.884548	0.524182	1.950980	-0.009916	2.277552	-0.155198	4.878812	-1.739750	-3.964911	0.628200	-0.201223	1.432261	-0.938716	-0.180484	1.846963	-1.474294	-0.770235	1.116386	-3.571859	0.422765	-4.272450	0.868260	3.195326	-0.467712	0.772112	7.365336	-0.941175	2.685379	2.554067	-0.020665	-1.854329	-0.998660	1.384011
1.663858	-0.734294	0.104140	-1.089270	1.099928	0.044539	1.747877	1.748394	-2.955313	-1.147788	-1.383133	2.420744	-1.794612	0.905993	2.270713	-1.206252	2.373037	-0.897818	-2.743461	-0.032136	-0.525047	1.578573	-1.586265	6.998511	-1.953666	0.875789	-0.197317	1.351576	0.762290	0.006612	-0.655638	1.213258	-0.445198	-0.638301	-0.798601	-3.254549	0.235257	2.853177	0.315826	0.756523	1.606448	0.880498	1.730792	-2.738513	-0.267486	1.225322	-0.341637	-1.616483	1.405024	3.199352
3.829886	3.834775	-0.110816	-0.689938	1.904442	-1.225179	2.239776	0.140084	0.255380	-2.420067	0.397939	-0.345518	2.260359	-1.453498	0.535068	-1.273737	3.375908	0.584294	0.968213	-0.756942	-0.213901	-1.890305	0.476580	6.632951	1.516766	6.902163	2.341515	-0.797052	1.648661	5.258610	-5.647945	-0.526245	-0.423730	0.288271	0.209321	-0.980050	3.817418	3.136684	2.053510	-2.671337	-3.303856	2.673273	-2.609616	-1.233135	1.428532	-0.882382	0.726605	-0.386620	-2.680388	-1.128824
1.586670	-0.352874	-1.358176	0.503692	0.248204	0.553796	-1.056560	-2.408141	-1.266593	2.064323	1.352349	2.735955	-2.217328	-2.265613	-0.245256	-2.716158	1.005687	-1.858034	3.074318	-3.319911	-0.063169	-0.105588	-1.371622	4.552051	-0.818660	-0.486171	-1.452991	-3.010746	1.576584	2.436801	1.608766	1.701113	2.006744	-0.116838	0.717897	0.172543	-0.661857	-2.336508	3.604863	2.076008	0.181685	0.168511	2.889390	0.333670	-0.291107	0.898762	-1.349584	2.301736	0.423584	0.524747
4.222084	-1.505929	1.536401	0.715682	1.084556	0.104490	0.425992	-0.195538	-1.201364	1.844197	-1.511867	0.617197	-1.340823	0.367871	1.364540	-2.257980	3.419553	-0.156842	-4.206703	0.409246	-0.700835	3.489006	-2.831439	-0.010069	-2.549162	3.235182	-0.813865	-1.640724	4.182379	4.581416	0.466688	-1.068737	0.132655	-0.872321	0.828799	2.631465	-1.715331	1.690743	-0.218261	1.493124	-1.301915	0.088704	4.688284	-1.133365	0.977175	-0.264509	-2.688435	-2.052111	-1.290946	-2.206410
1.670498	2.000128	-0.755489	0.561295	2.647101	-1.453573	2.414957	-1.139284	-1.255398	0.599010	1.662268	1.267470	4.249115	0.007852	0.267153	-3.427101	1.747848	-4.684830	-0.193712	1.575745	2.183195	-2.030296	-1.287687	1.327766	3.078655	3.669043	-0.450427	-2.554162	-2.256730	3.212675	1.808419	1.939920	-0.172911	-0.496895	0.515624	0.686152	2.281663	0.084166	-2.815150	-0.529714	2.056266	-0.441374	-2.720234	-0.445885	-0.675154	-1.440037	-1.020248	2.707845	-2.083337	0.047403
1.901034	-0.750461	-1.365980	-0.091600	-0.520015	-2.318888	1.449913	-0.328721	2.819107	-0.336538	0.111760	-0.019768	-1.325838	1.115836	3.760830	-0.053079	-2.820666	0.732199	1.610006	-0.368231	-0.198738	-0.742714	0.717952	-3.134884	0.036685	-2.415464	-1.050305	1.136534	2.524991	0.927581	2.809403	-2.847860	-0.702122	0.079619	1.108906	-2.557810	-0.425924	-4.197231	1.190819	2.499916	-1.963322	0.825026	4.185546	-1.536189	-0.145500	0.201454	-3.039291	1.018648	-0.537331	-0.043801
2.103376	-0.001369	-0.140910	-1.089098	-0.296655	-2.118747	5.914707	1.530702	3.230356	1.325001	0.238203	-1.793724	0.005201	1.413750	-2.366455	-0.071297	1.584108	5.990728	1.339855	-0.548258	1.041825	0.058874	2.033854	-0.628324	-0.485021	3.331017	-0.711760	0.613722	1.120571	2.774029	-0.519742	-2.089112	0.630367	0.824791	2.323878	7.094046	1.459368	2.756576	1.499933	0.099176	-0.278019	0.117735	4.422082	-1.629226	-0.778767	-1.486701	-1.659400	-1.180902	-1.539608	-0.055340
-0.697384	0.100489	1.532642	0.639731	-1.170821	-1.189753	-3.380779	1.065796	0.109663	-1.409531	-0.767876	-1.387923	-0.822194	-0.127799	1.200022	1.451436	0.544894	-2.723017	-3.138977	1.084303	-0.570917	2.184952	0.092926	-3.005525	0.118091	-2.077966	-0.959720	-1.344321	1.949541	-1.456315	-1.566194	0.666888	1.042290	1.035097	-1.717800	1.141341	-0.014473	-0.374618	-1.578621	1.109845	-2.569058	-0.617102	-0.875935	-0.498554	-0.957126	-1.105378	0.264679	1.822965	0.035732	1.361380
-1.601937	1.408083	0.232552	1.391106	-0.146968	-1.485742	2.662657	-1.837072	-0.283822	-0.448503	3.197995	-0.139084	0.425539	-0.843795	-1.497979	-1.215569	4.186827	0.233102	-4.142749	2.697306	-0.985492	4.590302	-0.169521	-1.690461	-1.680783	2.950008	2.003193	1.353394	-3.918319	2.000159	1.917108	-1.903706	1.690156	-0.241866	-0.100362	5.253554	-0.034340	1.761759	-0.165252	-0.096614	-0.100375	0.462114	-1.318763	2.415473	0.557837	1.296170	-0.988772	-1.176063	0.471521	-0.917130
1.421443	2.654149	0.962210	-1.700772	-0.695660	-0.269353	4.702522	1.568362	0.295953	0.835056	-0.309087	-0.933369	3.848580	5.311313	-2.585774	0.899642	1.820332	-0.422432	2.370175	0.465500	0.917021	0.731304	4.081164	-2.952238	0.668766	1.806069	0.348727	0.444135	2.952790	-0.137244	-0.105414	3.168849	1.520782	0.283832	-0.652787	4.749215	2.130473	3.554729	1.387288	-2.051663	0.374570	-2.271275	0.417380	-0.009544	0.819677	-1.379708	0.382213	0.623671	1.089733	-1.111236
0.108824	-0.527218	-1.496903	0.136972	-0.671668	-0.435386	2.376793	-0.226163	0.634962	0.706154	0.112571	0.861232	-0.407208	3.048933	0.083910	-1.380928	-1.569222	2.017673	-0.412880	0.381746	1.261064	-0.622831	-0.280609	0.715730	2.484705	2.023446	-3.123566	-1.462587	1.468707	-0.001086	2.479279	-1.954755	2.038724	-0.741241	1.832785	-2.216819	1.856911	-0.134994	-1.042701	-2.050642	1.686512	-1.859198	0.440172	-0.584424	-0.939674	-1.075003	3.307913	0.439196	0.607856	0.930788
-1.198666	-2.431657	-1.535964	2.763718	1.198657	-0.094840	-1.141102	0.957889	0.792752	1.052166	-0.572452	0.197476	-3.151594	-1.471315	-0.852059	-4.147510	-0.393819	-1.838171	-2.001101	-1.183226	-0.014355	1.967527	-0.986902	7.499346	-1.016807	-2.292273	-1.423705	-0.724031	-3.060765	-2.461667	-0.010318	-0.027369	-1.029180	0.878835	1.276132	-3.638264	0.032349	-0.603610	0.752842	3.049827	-1.758040	0.680761	3.076232	-1.035926	0.906847	0.989936	-1.668140	2.059150	-1.178065	2.075644
1.389903	3.257164	-0.728954	-3.231530	0.998976	-2.010887	3.066462	-2.407356	1.792976	-1.241909	1.465961	2.008872	3.788770	-0.785638	0.444494	4.461968	0.663988	1.054604	-1.481474	0.806194	-0.240112	-0.116114	0.897488	-4.948890	0.450695	5.045467	-0.907889	1.522936	4.481248	3.262756	-0.035344	-2.557068	-0.430406	-0.363799	1.776222	7.184798	1.275017	0.183983	-2.032042	-1.642058	-0.441866	-0.595870	1.040998	-0.315882	-1.571456	-0.707004	1.093164	1.122113	2.239875	-1.810027
-0.810748	-1.744907	1.507196	0.404452	-0.645722	0.946814	3.841832	0.552352	0.534288	1.973070	-1.484106	1.856768	-2.093191	3.015119	-0.343527	-2.148823	2.698866	-5.109576	3.780713	0.292860	2.072385	-3.608224	-0.540103	3.557697	2.806156	-3.920636	0.612009	0.536388	-0.012486	-1.628490	1.343744	-2.663457	1.915016	-0.710830	1.032327	-5.186884	-0.991256	4.134162	1.039728	2.557816	-2.366921	-1.047633	2.579011	-0.305908	2.236232	-0.740557	-3.579438	1.395440	-1.809428	-1.515394
0.143922	-2.104883	1.437207	-1.115053	-2.144854	-0.706349	-0.656092	3.259369	1.431802	-3.044400	-2.604840	-2.914601	-1.070500	0.803927	-0.038027	1.276009	-0.963805	-0.781378	0.355282	1.179355	3.064509	-1.712525	1.237782	1.560307	2.341998	-2.135135	1.297308	-1.770601	1.471554	-0.064929	-2.657021	-0.626697	0.155611	-0.647948	-1.135407	-3.167857	-2.389030	-0.373062	-2.354123	1.540445	-1.508697	-2.194735	1.572032	0.244173	1.212765	1.363521	-0.280109	1.971267	-0.423110	-0.648001
0.537591	-2.436332	0.679864	1.425007	-1.463283	-0.022941	1.500370	-1.271938	0.350191	0.284489	0.744874	1.056427	-1.617786	-0.289729	3.349378	-0.942738	-2.372028	-0.181810	2.032482	1.015708	0.256677	-1.617120	0.705525	-4.530240	-0.013959	-1.289484	0.605011	-4.926484	-2.632583	-1.091027	-0.420837	-1.527346	-1.227480	-0.556000	-1.109411	0.023674	1.704506	1.052399	0.584954	0.952902	-1.173667	1.203091	2.604885	0.738970	0.366851	-2.507144	1.947567	1.294362	-1.135878	-0.227821
0.230905	0.551343	-0.717430	0.832555	2.016456	-0.037050	2.186724	-1.229496	-1.842741	-0.956100	-0.820198	2.837517	0.649321	-1.552180	0.359509	-0.445314	-0.959377	-2.721123	2.716248	-0.865448	1.226773	-0.132898	-2.064232	1.330549	2.437319	0.898005	0.377045	2.412128	-2.791304	2.950427	0.102235	1.471316	2.016627	-0.385161	0.854051	-1.410155	2.894863	-1.521523	1.536280	0.762099	6.039579	-3.052354	2.432297	-0.551939	-0.272969	-0.515756	-0.935987	0.001491	-0.070622	-1.147472
0.260657	-1.035377	1.733786	1.663764	0.794598	0.746306	-0.619799	1.500829	-0.647305	-0.537106	-0.687806	1.898277	-1.095809	1.806924	-1.917848	-2.040544	0.491735	3.817672	0.138296	0.587862	0.169133	0.376515	-2.123768	2.614222	-2.567418	0.660293	0.360339	-0.044747	-2.017096	-0.639764	0.938763	2.098689	0.615745	-2.782101	1.021804	0.501205	-2.010409	2.232193	0.726406	0.867210	3.792892	-1.701665	1.989644	0.780466	1.115143	2.174511	0.840317	0.830828	1.546629	-1.687378
1.129539	2.625073	-0.290210	-1.831664	-0.310898	-2.292998	6.306575	2.109924	3.668083	0.166634	-0.080823	-2.331685	2.605635	1.016809	0.763556	6.712895	2.502693	-1.176970	1.820345	-0.160672	-0.373016	-0.027947	0.608306	-4.813339	0.487112	2.352705	-1.210097	0.517465	1.346743	2.028440	-1.193182	-1.634781	-0.137169	2.965027	-1.607994	3.140331	1.899889	1.202777	0.678292	-1.911968	-1.084335	-0.443528	2.598158	2.497291	-1.281392	-0.399115	0.439225	0.171245	0.000390	-0.822449
