X23	X45	X34	X16	X42	X32	X36	X9	X37	X43	X41	X8	X20	X4	X46	X15	X28	X25	X39	X48	X40	X17	X21	X19	X49	X27	X14	X11	X13	X2	X30	X33	X18	X3	X35	X24	X7	X47	X50	X5	X31	X10	X44	X29	X1	X22	X6	X26	X38	X12
-1.097215	0.615742	1.962596	1.105892	0.680996	0.561352	-1.817581	0.834640	-1.000517	-1.156258	2.148257	0.446292	0.650647	3.157342	2.777731	0.659857	0.934216	2.679616	-1.198878	-4.032756	2.044353	-0.071113	2.934423	-0.457199	3.149256	0.978565	0.696286	1.206523	1.819931	-1.287547	0.743956	1.301980	1.272798	-0.077896	3.027835	1.337272	-2.052747	0.291688	-2.668062	0.750740	-0.043328	0.018329	1.957850	0.686766	-0.175787	-1.269802	3.137646	-1.752498	-0.017639	-0.021700
-0.260052	-0.285171	0.840200	-1.688757	-3.756270	-2.061644	-1.986397	-1.710557	-1.252099	-1.746272	1.956764	1.969171	1.063978	-1.481668	0.950339	1.298877	-1.874584	-2.508404	-1.921335	-1.155135	2.481427	-0.573871	-0.956991	1.673405	2.523313	-1.566269	-0.128936	-1.089815	-2.201111	-1.016608	-0.569633	0.423932	-0.789471	2.006850	-1.907448	-0.325485	-1.101314	2.478091	3.032168	-1.143635	-0.792206	0.810869	-1.254218	-1.093243	1.624684	-1.187594	-0.545963	0.159528	2.381873	-1.212682
0.217924	2.118527	1.298323	-2.794996	-2.871432	-2.957215	0.039537	-2.519112	-0.238623	-4.837513	1.556722	1.823815	1.871242	0.929693	-0.222346	1.139290	-0.115790	-2.387224	-2.609269	-3.833499	4.342815	2.483639	-0.334831	0.468402	-3.049800	1.970218	-0.873491	-0.607035	4.061443	0.164562	2.088838	-1.224723	1.202245	-0.015072	-1.101033	0.159662	-0.810278	2.734665	1.826397	-0.051978	0.401016	0.524960	-0.684057	-0.035420	-0.043176	1.056450	0.915436	0.419712	-0.797365	-1.020785
-1.622290	1.509944	1.085917	-1.134232	-2.043280	1.546464	-2.120050	-2.674361	0.759297	1.645310	0.180313	-1.373029	-0.640868	-3.109762	-2.279881	0.914557	2.969678	0.058907	-0.221674	-1.119884	-0.740930	0.021552	-0.120450	0.415493	1.844976	-3.053299	0.488347	0.470211	0.637173	1.849909	-2.182938	2.008893	0.737069	0.403388	-0.055038	0.026188	1.201795	4.106789	1.102833	0.531899	-0.311374	0.574699	3.171386	2.035943	0.041742	2.521162	-0.689258	-0.440186	-1.162067	-1.195027
2.207398	0.562262	-1.126155	0.379128	0.873598	0.381082	1.650126	-2.052410	-0.707128	-0.269061	-0.454650	-0.766932	0.416548	0.111062	2.458361	0.770502	-0.040176	-1.487631	-0.195853	0.381058	-0.647375	-0.534766	-0.609614	3.653712	-2.777047	1.510948	-0.480814	0.343268	-1.222756	0.870869	-2.437988	-0.892007	-1.832043	0.781601	1.631363	-1.643250	-0.908909	-0.410978	-0.361764	-1.879374	-1.880572	-2.702835	1.136786	1.319894	0.768176	-1.321138	1.452361	1.764520	0.368599	0.587032
-0.558302	-3.838173	0.303618	0.198358	-0.012707	-1.374715	-2.242910	1.741213	2.285120	-0.535270	-0.001667	0.100793	1.405574	1.584000	3.518338	-1.394652	-0.621534	0.261639	3.110415	-0.338598	1.578208	0.702695	0.610060	-0.427493	1.624055	-1.429659	1.477243	-0.810011	-3.510105	-0.916588	1.315944	-0.046067	0.081682	1.191682	-0.667548	0.434133	0.046414	-0.148534	1.522406	-0.124992	-1.769692	-0.187250	-1.118555	-0.234286	-0.677101	-1.190985	-0.835309	0.392655	-1.636214	1.999681
-1.423145	2.643793	-1.768756	-0.019080	-1.803881	4.730099	-3.666943	-1.599552	0.271898	4.828866	2.344498	-3.850501	3.359624	-1.240992	-0.883111	-0.590395	-1.373195	0.085795	-3.286978	7.247215	-4.672746	1.434847	-0.905038	1.011021	0.780771	1.042301	2.651021	-0.899409	1.190258	0.881316	-0.389387	-2.732783	0.270705	-0.267540	-9.058486	-1.074357	0.730424	1.807951	-4.992853	1.310684	-0.178404	-0.260474	-2.108784	-0.421035	1.568530	2.983576	-0.731832	-0.160393	3.909983	1.044952
-0.585217	-0.413674	2.777179	-1.200887	-3.571386	-1.744145	-2.591549	-1.368395	0.702577	1.534096	0.047671	-0.791283	-1.493769	-2.142706	1.871439	0.018770	-1.099308	1.867516	-1.706522	-2.779381	2.257289	-0.361339	-1.385936	1.480640	0.500362	-0.840302	1.771943	-1.623823	0.740440	0.933034	-2.518202	-0.111013	-2.208856	0.829198	-2.673978	-0.290395	-0.062059	2.832070	1.959241	1.133785	-1.024076	2.877156	-0.843932	0.211605	1.057320	1.050376	0.897727	1.633759	0.462309	2.020238
-1.582515	-2.059985	0.526501	-1.549880	0.152314	0.167893	-1.276697	-1.124033	1.136605	-0.647085	0.597178	1.514046	-0.341822	1.779796	-0.819280	1.179748	1.044757	0.184242	3.627691	-0.170613	-1.124598	-0.823497	0.162257	1.402713	-0.120071	-0.364086	0.776388	0.135395	2.213613	2.299032	-0.499191	2.692253	2.996516	0.443525	4.351056	0.114173	1.642479	-0.481537	-1.419084	0.183883	-0.302964	0.144504	1.137696	-3.149949	0.841109	-1.416948	-0.019865	0.643912	-1.025616	1.086526
3.599412	0.260316	-0.164187	-3.693638	-0.078158	1.542258	-0.618825	-3.762100	-2.385030	2.678456	-0.619135	-1.767533	0.971682	0.930984	-0.921257	-1.856376	1.034191	-2.312366	2.301338	2.106959	-2.144836	0.838888	-0.894950	4.198747	-7.647550	3.193592	0.022266	0.205593	2.789658	-0.161144	-2.621475	4.558063	-2.312427	-0.334735	-1.512290	-0.512490	-0.987266	1.034061	-0.192111	-1.922812	-2.963471	-0.744375	-1.051025	1.580697	1.537943	-0.180757	-0.665650	-0.731468	2.441295	-0.874878
-0.336847	-2.945641	-3.261922	1.747313	0.620966	-1.700737	-1.609360	2.143605	-1.375499	3.921832	-1.154451	-0.925137	-0.137665	0.478572	-5.522510	-0.491111	-1.617210	1.359534	1.607390	1.511613	-1.098293	1.736695	0.083927	-2.481364	-2.752483	0.592822	1.067598	-1.506846	-1.709602	-0.021906	-0.530648	0.305141	-1.283434	-2.421924	0.667979	-0.724793	0.307562	-0.813885	-2.161431	-0.444677	-1.926060	-1.281920	0.071406	0.044486	-0.665715	-3.325595	-0.510344	0.675401	1.144781	-0.983464
-4.306643	0.265073	-0.137099	0.278489	-0.258317	-1.985200	0.015422	2.386294	-0.018343	3.489952	-0.082121	-0.207163	0.250823	-3.084158	-2.472887	-0.207050	-0.540841	3.082570	0.669995	1.526475	-0.590217	0.249497	1.184339	-3.815057	0.415483	1.331972	2.630141	-1.393591	0.076882	0.800660	2.084106	-4.902849	-0.594135	-0.629607	-5.290069	-1.487976	1.885965	0.254686	-1.381056	3.322424	0.096415	-0.599366	0.339656	1.539083	-1.732001	2.584391	0.918093	2.428548	0.822721	0.127287
-0.976095	-1.613518	0.987356	-1.423069	0.329855	-0.909170	0.863827	2.789178	1.856530	-3.345000	-2.091599	1.236527	1.484688	3.383965	0.656929	-0.396683	0.101082	-1.361830	2.006478	-1.033107	1.552586	-0.321346	-0.935956	-1.305802	0.763971	-1.525305	-0.511470	-1.701818	0.509147	-0.353728	2.562507	-0.308183	0.686991	1.879997	2.421413	-2.814663	-1.138146	1.259032	-2.287189	-0.310590	0.539639	1.990806	-1.476918	-0.742304	1.305213	-2.725741	0.991964	0.448673	-1.285987	0.541365
-3.478465	2.240133	-0.271660	-4.729872	2.484719	2.285858	1.018670	1.689515	1.134124	1.592639	-4.772255	-1.041608	-1.322347	2.589497	3.568075	-0.941480	0.282417	1.430176	0.234174	0.945862	-1.366138	-1.289366	-1.886505	-1.397207	5.179958	-0.444906	-0.024597	-0.471012	0.872668	0.786294	1.243687	3.288661	-0.716123	0.187057	3.641236	-1.437700	-0.015316	-2.708221	1.976434	0.479682	-0.754645	1.317219	2.520710	-2.134455	-1.626604	-0.424180	0.549743	-0.372354	-1.025806	0.355306
-0.599393	-2.204779	-1.108181	1.722581	-1.665031	-2.894421	-0.312904	0.745255	1.244517	-0.653956	4.528707	1.128835	1.037090	-0.111227	3.881697	3.206681	-0.258414	-1.911675	-3.541865	-0.737610	0.018738	-0.870934	0.161460	1.287106	-0.795557	0.486891	1.110759	-0.425723	-2.840232	1.116472	-3.332566	0.998098	1.103746	1.608498	-1.399186	-0.139579	1.552318	0.992810	-0.053378	-0.962271	-2.602334	-1.292754	1.234053	1.803606	-0.108939	0.730730	1.737213	1.209082	-1.759307	1.686278
-1.277384	1.351979	1.622069	-0.159706	3.149598	5.027767	-0.470897	2.245676	-0.412376	-1.434591	0.735917	-3.119661	0.208940	1.492664	3.768235	2.088957	-1.590563	0.685505	0.857855	1.975871	-3.124613	-0.389329	2.040451	-2.118054	0.023272	-0.507583	-1.150064	0.901909	1.750820	-2.073477	1.834076	-3.368430	3.025308	-1.363827	-0.879610	1.392036	-2.735648	-1.926428	0.361487	-0.228189	2.415990	1.890512	-3.909405	-2.389071	-1.396487	-4.038422	-1.252975	-0.214180	-0.735494	-0.091040
-1.062123	0.767120	1.158999	2.478480	-1.812505	-2.517866	0.589121	-2.759632	-1.953647	1.182194	-0.314593	1.723174	0.225097	-0.053367	-4.277712	-1.569480	1.290254	-1.212109	-3.432681	-1.414028	2.249180	1.063412	-1.723856	3.804182	-0.827316	1.798937	-0.022193	-1.671863	0.161186	-0.332230	3.714607	-1.025873	-2.316433	-1.448517	-4.435615	-0.220848	3.072366	1.859931	-0.011599	-0.594279	1.698304	-0.464418	-3.031843	-1.875190	1.372873	-0.318425	-1.684548	-0.809362	-1.154099	-0.166461
-0.091263	-1.252688	-0.362438	-0.803560	2.745372	1.838905	-2.062031	3.133362	0.632436	9.005310	-2.648242	-1.760899	-0.281557	-0.122125	-1.423542	-1.613134	-1.155926	3.997154	5.050302	2.197637	-3.931786	-2.134198	0.687623	-4.035026	-0.231203	-0.872023	3.427084	0.493050	0.234528	-1.507446	-3.761720	1.563983	-1.558173	-3.156720	7.447178	2.068862	-1.855075	-4.400223	1.250963	0.318052	-0.294963	-0.106131	11.971450	-1.991129	-0.304253	0.993063	-0.104216	0.603059	-1.632439	0.771528
0.793995	2.309493	1.191834	1.731952	-2.184943	1.955593	0.883091	0.012462	0.320462	0.802011	2.050613	-0.063465	-2.027497	-0.789188	-4.490615	0.660159	-0.021847	0.705006	-2.738728	-3.364580	0.710091	1.865099	2.311974	0.408137	-0.502605	-0.754697	-0.061904	2.254794	1.458662	0.551655	-0.310312	0.554937	-0.329648	-1.444002	-0.886605	-1.568202	2.299236	1.313966	-3.711196	1.072133	-1.041867	2.459288	-0.997272	1.612248	-0.749991	-0.450191	1.314501	-2.196037	1.746030	-1.113790
-0.900918	-3.198616	-0.776017	-0.194584	-1.117333	-0.818960	-0.668504	0.862840	-0.436066	0.705673	-3.889136	0.151557	-0.689744	0.910337	3.451552	0.054661	-0.606903	0.279940	2.235852	0.097337	0.226670	-1.451540	-0.203451	-0.668031	1.296882	4.151093	0.241667	-0.406169	0.192427	0.761876	3.882739	1.724090	-0.296683	0.683285	2.272535	0.872006	-1.595876	1.376797	-0.952717	-0.445518	3.271877	-1.300696	1.648235	-1.180474	-0.915445	0.624112	-0.520363	0.070521	1.018680	1.466925
0.583057	-0.757460	0.985058	-0.319721	2.319183	-2.534718	0.073186	-0.913311	0.542008	0.474271	-4.544486	3.574206	-0.834425	-1.438967	0.922212	-1.145486	0.451399	-1.219772	6.067402	-3.619536	2.934997	-3.161357	0.772537	4.114478	-0.442992	-0.980452	0.086812	0.280745	0.504943	0.364336	-2.724702	3.479653	-1.679766	1.393331	2.230824	0.011283	0.436663	-1.058471	-0.678640	0.155401	-0.507421	0.788908	1.297084	-1.836443	2.112089	-0.587674	-0.790031	-1.480371	-0.453581	-2.165668
2.164204	1.849387	0.758046	-0.160244	-1.041316	1.514488	-0.572940	0.817905	0.092385	3.428793	-1.813654	-2.045991	1.426715	-2.654551	0.950237	-0.143442	-0.096151	-0.278442	1.490125	2.072161	-1.530677	-0.249189	0.249518	-1.740490	1.324962	0.433070	0.664099	-0.245595	-1.283346	-0.707348	-1.483214	-0.129991	-4.655055	-1.762139	0.819514	0.678989	-1.735578	0.414854	0.365762	0.416807	0.714290	-0.132629	2.178067	4.609663	-0.829093	0.536108	1.111941	-0.030131	0.775630	-2.643417
-0.062387	-1.943526	-1.666205	-0.236012	1.244607	-5.503575	2.205347	1.492184	-1.309837	-1.797195	-2.141274	1.160749	0.773507	-1.929681	-3.387722	-0.915458	-2.087111	-2.364552	3.976630	-1.314093	2.340375	0.577695	1.603216	-4.099891	4.313398	-0.909321	-0.363910	-2.088144	-0.265258	1.278739	1.421662	-0.721436	0.042014	-1.326602	2.665204	0.218895	1.574489	-0.294870	1.318469	0.161421	-1.091659	-0.705544	1.688348	0.019651	-0.463336	-2.437034	-2.795234	-0.542905	-0.336755	1.286425
0.313781	-4.829107	2.607902	-0.320037	0.425373	-1.865703	-3.162171	2.922982	0.833375	0.178643	1.379980	-4.289984	-0.403322	-0.531822	-0.067428	-1.491501	-0.645465	1.658496	1.667475	-1.217044	0.045971	0.230384	0.365330	-1.927056	0.628379	-1.530486	2.174631	-0.141505	-0.049712	0.272501	1.808952	-1.663665	1.751283	-0.165972	-1.411712	1.668154	1.798307	0.846008	1.588228	0.330673	1.684345	2.543075	-3.624022	0.340644	-2.301888	-0.386250	0.565268	-0.400954	-0.935835	0.808552
0.760242	5.318576	0.159570	-1.832795	-0.391214	1.502026	-1.041956	-1.907879	0.944041	2.914809	1.517297	-3.299768	0.748523	-1.740928	-0.080085	-0.632995	0.491205	2.768684	-3.972072	0.671155	-0.627836	0.057064	-1.333216	3.033587	-0.873427	1.067963	1.788341	-1.041567	1.533585	0.737261	2.560380	-0.477926	-1.552470	1.898988	-6.104003	-0.584055	2.157548	-1.700475	-1.405176	1.157782	1.217027	-0.214980	-2.132136	2.529232	-0.955811	1.316055	1.785045	0.702625	-1.191643	-0.947192
-1.281324	2.867281	1.761452	2.173027	-0.496479	-0.093401	2.099844	1.046708	1.672262	-3.307308	1.071924	-0.232772	3.003900	-1.103207	0.912721	-0.208130	-0.194409	-2.227150	-1.621983	1.568258	3.281400	1.112644	1.584376	0.540077	3.650324	-1.262901	-2.109911	0.948221	-1.052199	1.520182	-1.522510	-2.885642	1.637451	-0.555588	-5.686141	0.067167	-0.421634	1.002203	-0.513615	0.948566	-0.048510	0.867344	-5.271585	0.987566	-0.541357	-0.988258	1.500366	1.910833	-0.016750	2.272156
-2.145491	1.936924	0.323944	0.546712	0.807613	-1.716347	3.489671	-3.810956	2.278396	-2.602608	1.083528	-0.586873	0.078253	0.665206	0.254838	0.990146	-1.117759	-1.223477	-2.411882	0.967244	0.202137	-0.781314	-0.179387	4.335956	-0.698684	1.082166	-2.101359	1.463493	-0.769006	-0.714077	0.785760	-0.120007	0.500642	-0.803003	-0.813288	-2.150881	-0.808244	-0.335511	0.070394	0.996092	-0.490354	0.469996	-1.974841	-0.375640	0.493823	-1.594844	-0.424784	0.621210	-4.231757	0.069278
0.570537	-4.416227	1.634263	-1.972810	1.871463	-2.028845	-0.415454	-1.366322	1.687434	0.534830	0.166456	0.085909	-0.554624	0.387525	-6.631075	1.083119	-1.824815	3.169435	-2.455047	-0.891537	0.536939	-1.217439	-0.351925	1.492029	-1.129885	-0.070519	1.824148	-1.179158	-1.162975	0.451887	-1.034926	0.970712	-1.049200	-0.795163	-0.659832	-0.957073	1.181845	-3.358431	0.703191	-1.263970	-0.137966	1.425926	0.395755	-0.515327	1.093798	0.886488	-1.182952	-0.027181	0.833813	0.878562
2.203322	2.567687	0.493220	-1.031781	1.454899	1.375605	0.323334	-1.479044	-2.196989	1.484757	-3.773465	-0.899694	-0.857566	-2.739685	0.305770	-1.958390	0.627101	0.515564	4.760023	0.950581	-0.452690	-1.053278	-2.254247	-2.985441	-1.844146	0.772541	0.541358	-0.294916	3.708995	0.811039	1.394141	2.696145	-1.349958	-1.632364	4.493589	-1.393127	1.735469	-1.264083	-0.965221	-0.888158	-2.295116	-1.157901	1.990898	3.084110	0.695179	-2.156613	1.774409	0.243224	0.925313	-1.266308
1.392759	4.368861	0.925776	-1.116494	-1.527720	3.999339	1.536373	0.208373	-0.045860	4.704151	-4.297289	-0.446364	-1.757118	-2.955557	1.558087	-0.252965	1.091920	0.823035	3.095235	3.142327	-2.988431	-0.203713	-1.676844	-0.743292	0.395931	-1.019110	-0.247763	-2.532575	0.576787	-1.215980	0.081885	1.465758	-2.928369	1.245796	3.645189	-0.871402	-2.530829	0.993228	-0.038860	-0.822232	-1.311130	-0.803291	4.378313	2.787945	1.799486	-1.441073	-0.004423	0.967680	-0.156499	0.901940
-1.610883	-2.783888	-2.242184	-3.337711	0.579984	-0.853044	0.082350	0.054578	-0.268782	2.837627	-1.437015	-2.874507	-2.099147	-1.156513	-0.406453	-0.808639	-0.237727	2.658213	3.812444	4.325115	-3.198237	-1.590425	2.504750	2.395639	-0.735209	3.744232	-0.144562	-1.646780	2.393496	0.680798	5.950016	5.253996	-0.752805	1.463040	3.719653	-1.199168	0.245760	-1.681562	-0.209547	0.178399	1.758479	-2.389955	2.734284	-0.698377	-0.676608	-1.814829	-0.710970	0.394363	2.032747	-0.925384
-4.109519	3.311851	-0.527118	0.041906	-3.170049	-0.118241	1.678653	0.806188	4.303593	-0.792479	-3.977795	1.264294	1.577734	-1.856632	0.525727	1.213156	-1.201194	-2.271615	-1.796304	1.408612	0.393697	-0.853851	-0.975837	-0.338326	1.935389	0.474347	-0.650196	-0.477752	0.249418	-1.116836	-0.161536	-3.394471	-1.460121	1.864128	-1.347246	-0.307526	-0.926739	2.720059	-1.233537	2.175322	-2.132355	0.295867	-2.770349	-2.343791	-0.442233	0.354595	-0.947846	2.191572	-1.224350	1.690274
-2.999359	-2.358045	-0.729259	0.996634	0.777510	-3.541927	-1.180199	0.758281	-0.525762	0.915344	-4.553445	-0.573200	-0.016211	-3.275985	-2.437953	-0.183865	-0.478013	0.285347	4.947785	1.113853	-0.192126	-1.218248	-0.350257	-1.468826	0.389014	2.413459	-0.050801	-2.008235	0.641934	0.079983	2.187165	2.170856	-0.129395	-2.859072	5.762343	2.238076	0.007571	-0.134288	-0.433665	-0.404761	2.339397	-0.609795	4.893209	-0.457740	-0.829257	-1.597857	-1.667398	-0.254440	0.686771	-0.376670
-2.175060	2.751192	-0.667388	-0.049676	1.098152	3.861171	0.365227	-0.008230	-1.766369	2.602126	-1.496245	-4.124187	1.043446	-2.231206	1.441555	1.188611	0.121420	-0.975354	-1.372714	4.049364	-2.926255	2.336627	-1.718964	1.476504	2.524205	-0.404219	-0.124841	0.005399	0.692618	-0.322406	-0.673750	-0.626056	-1.012341	0.188574	-3.892303	0.353832	-1.402720	-1.162686	-1.010231	0.254837	0.373508	1.482477	-0.182765	0.403179	0.914262	1.477363	-0.197110	1.719781	0.922578	-0.623949
-1.066707	-5.271359	-2.250619	-0.695950	1.983311	-3.538848	-0.391100	1.395698	0.941809	-0.871767	-2.935073	0.730882	0.603711	2.270486	3.192642	-1.135292	0.126299	-1.290070	2.801082	-0.386362	0.240456	-0.905603	-2.040897	-2.108565	-4.507003	1.969532	-0.442504	-1.502096	1.345278	1.169036	-0.471562	3.021641	-0.381979	1.045185	5.427389	-0.935948	-0.429121	-1.995939	2.123381	0.978124	-2.555122	-1.389368	5.700985	0.207501	-2.740900	0.650455	0.749133	-0.948007	-1.911239	0.460463
-2.054246	3.907646	3.455727	-1.511955	1.548892	-1.247956	2.126587	-1.991409	-1.745771	2.263154	-5.531548	0.618314	-3.195225	-0.782318	0.434148	-1.545558	-0.058634	1.920492	3.273182	-5.325366	2.219366	-1.866661	-2.393180	3.706675	3.073584	-2.082979	-0.036042	-1.713167	1.327002	-1.069377	1.970153	3.256025	-1.528254	2.062653	3.113631	-1.995008	-1.094133	0.582946	1.771062	-0.982126	2.230775	3.037806	1.524135	-1.216297	1.095087	-1.088898	-0.914356	-0.557423	-0.142090	0.423982
-3.203601	-0.273904	-2.497861	1.946953	-0.570818	2.246725	-0.633177	-0.757843	1.864910	-0.475270	1.890465	-1.174417	-0.057707	1.824771	-3.826653	-1.637876	0.990046	1.177728	0.055224	2.957356	-2.054423	1.068667	2.142334	1.015254	0.207556	1.519746	1.978755	-0.852880	1.724422	-0.754462	0.037438	1.131285	2.723447	-2.679251	-0.638744	-3.516041	-0.809325	2.793195	-3.884505	-0.582180	2.063053	-0.531639	0.194544	-2.409579	1.126277	0.274507	0.823670	-1.357480	-1.648612	-3.548679
-2.907562	1.354089	-1.282662	0.712153	-2.231284	-0.669497	0.317616	-2.981739	0.204192	-0.692598	0.897458	1.725633	3.024515	1.213246	-1.968086	1.842021	0.377309	-0.908554	-2.214308	-1.500114	2.106596	0.015813	1.273781	2.703286	4.276364	-1.150870	0.603552	1.878102	-1.973135	-0.086121	-2.164632	-2.734945	1.052928	-0.473787	-4.582020	-1.967614	-0.824664	1.302087	1.135822	-0.238027	-2.625278	0.170042	-3.155576	-1.102351	0.997643	-1.197896	0.419218	0.511179	-0.392800	0.700354
-3.288947	-3.192209	-1.393291	-1.285340	2.239449	-1.241318	-3.228404	0.067290	1.191613	3.297234	-2.877364	-3.284388	-1.312437	2.476153	-4.039337	0.937619	-0.955585	4.873699	0.179407	-0.080205	-1.087131	-0.082466	0.005602	-0.396577	3.720855	-1.564895	2.812930	0.359826	2.140786	0.602729	0.112596	4.702059	1.899999	0.314388	5.968405	0.702787	1.763103	-1.620567	-0.979292	0.413971	0.712994	0.030186	9.249325	-2.322574	-1.858342	3.443968	-2.475954	-3.336942	1.121421	-1.979003
3.573843	-5.051057	-0.890429	-1.600700	0.689663	-3.438851	-0.660657	2.726397	-1.866039	3.884314	-4.581616	0.500615	-2.067056	0.314764	0.620231	0.321596	-2.117677	2.456374	0.776262	-1.173298	-1.099020	-1.656555	-0.454439	-2.665199	-3.260978	-1.784987	1.213032	0.918852	-1.385421	-0.712251	-1.139270	2.091194	-3.310869	2.530232	5.343882	0.561847	1.377593	-0.664033	0.595886	-1.388154	-1.214069	0.022189	7.704504	2.222459	-1.759075	3.432637	-0.653168	2.555131	-0.504018	-0.074464
0.349661	2.073784	1.592252	3.331997	1.071793	-1.436335	2.894433	-4.120556	1.123636	-0.440271	7.096291	-0.211664	3.752368	-2.445500	0.491834	0.450308	1.909733	-2.358422	-4.161328	-1.216249	1.859763	1.293866	-0.330090	5.745497	0.449779	-0.977141	-0.804341	0.870356	-2.204694	0.991743	-1.785689	-0.736228	0.640105	2.701397	-6.824132	-0.696590	0.614446	-0.026402	-0.495510	0.410339	1.400587	1.148542	-3.952726	2.744823	0.263351	-0.210971	2.578916	-0.815267	-1.095782	-0.300308
0.855653	4.999460	0.853567	0.020676	-0.298956	2.216132	1.921374	-1.521244	0.109057	-3.719063	1.302411	2.237022	-1.122128	0.235741	-0.701044	-0.097933	0.028452	0.181635	-1.149576	-0.150047	1.239884	2.002870	-2.176498	1.082527	0.130759	-1.317529	-0.777815	0.060475	-0.086160	1.179369	-0.309934	-0.134349	0.517275	2.149345	-0.882342	0.440090	2.300907	-0.635822	0.032571	1.107738	0.567401	-0.199748	-2.629731	-0.861406	1.306038	0.990192	0.771137	-0.234971	-2.012879	-0.509821
4.119017	0.686589	-2.418613	1.244352	0.143712	1.700811	1.022589	-0.646824	-0.867811	2.246585	2.430882	0.652944	-2.097529	-1.695669	2.268049	-0.347636	-1.108717	1.872847	-1.726788	-2.151565	-0.555478	0.993149	-1.223092	-1.012339	-3.857190	4.744790	-0.561981	1.893193	1.411153	0.395835	1.824018	-0.744655	-3.727683	-2.210324	0.988991	2.824857	0.055459	-1.436409	1.253897	-0.669058	-2.050113	-2.016475	2.608053	3.661712	-1.054337	-0.507656	1.361170	1.791035	0.308711	0.375743
-4.541735	-3.275997	0.412624	-0.525748	-1.446961	-0.037393	-1.112503	4.432740	-3.203502	-1.335229	-1.675791	-1.071101	-0.297394	-0.520647	1.562703	0.407979	-1.743268	0.750176	-0.701142	-1.297648	2.228196	2.346986	-0.746812	-4.141139	0.438814	2.401223	-1.546101	1.017945	-3.430056	-0.056421	0.886564	-8.198997	-0.682481	-0.860665	-3.358343	-1.287549	0.806352	0.119258	3.159518	1.960121	0.767064	-1.313430	-5.046171	0.649902	-1.441421	-1.772473	1.399081	1.782681	4.966998	2.736724
0.286151	-1.372483	-0.882937	-1.119579	-0.072186	-0.350802	-1.283364	-1.388101	-0.596622	-0.252464	4.522558	0.442686	-0.060616	0.739655	2.876402	-1.473117	-1.284634	-1.169769	-5.088916	0.001152	1.471133	1.240056	-0.103389	1.542881	-4.480116	1.746340	-0.496854	1.176852	0.622172	-0.873430	-0.198931	0.919504	-2.238457	0.103624	-2.960899	-1.146848	-2.688124	-0.387027	1.168712	-0.074424	1.044836	-0.992288	-1.807453	2.496933	0.243670	1.931786	0.104211	0.690990	0.736326	0.420042
0.864766	0.471448	1.151890	-0.666280	-0.048535	4.592072	-1.985876	-1.624001	-1.852183	-1.561878	3.005585	-4.618684	2.999412	-0.466587	-3.660459	0.388973	1.973059	-4.738924	-0.160723	1.435419	-3.255929	0.755156	-0.787870	2.683292	1.636154	-2.914564	-1.708034	0.734008	-3.028020	-0.855303	-2.523638	-0.792266	0.235154	0.882157	-7.622322	-1.519436	-0.074368	-1.258781	-1.290608	-2.448243	-1.552515	1.075188	-4.769994	1.183313	-0.337418	0.882336	-1.669993	-2.023947	1.297355	-2.078718
-0.700017	-1.902144	0.897609	-0.348754	1.439633	-3.620849	-0.615278	-0.285237	0.488762	-2.890436	-1.024554	0.949318	0.057743	-1.036434	5.511318	0.652370	0.136987	1.846553	-1.764774	-6.211123	4.761092	2.085517	0.273041	0.529804	1.814063	-1.762963	0.568346	-0.541323	0.440530	1.484433	1.786767	-1.499016	0.510001	1.390336	-2.501759	1.637804	-0.617696	-1.508796	3.442310	-0.709190	-0.655041	0.508447	-0.150667	0.934963	-0.219837	3.485475	0.429166	-0.934033	-0.197556	1.829275
2.023930	1.834618	0.979205	-2.287538	-2.723743	-2.402949	0.417079	-0.858427	2.385109	-0.627222	1.302464	1.604184	-1.116350	1.967341	-4.491126	-0.144121	0.928104	0.454536	-1.230483	0.679004	1.872434	-0.487556	-0.166221	1.649253	3.574460	-3.083052	-0.651875	-1.169311	-0.174946	0.847758	1.062133	-1.830354	-0.110140	0.235942	-2.627853	-2.984910	1.057785	2.492240	1.550325	2.006459	1.559943	0.978693	-2.599186	0.450570	0.633505	-0.890514	-0.532737	-0.323472	-0.784254	0.816997
0.420027	-1.887640	-1.537445	1.042407	3.056342	-1.469941	-0.032392	-0.684732	-1.123939	3.272993	-3.354094	1.704965	-1.094458	-3.582387	-3.297058	-1.872812	0.058886	2.744159	2.212553	2.675971	-1.504406	-1.912686	-0.285638	1.535750	-2.866639	3.574887	2.601760	-0.411324	-1.300450	-0.288991	-0.975343	-0.875514	-3.776913	-0.548765	0.292761	-1.162222	0.848746	-0.753908	-3.938649	0.806311	0.097159	-2.428618	2.909570	1.261842	-0.778370	1.270688	0.386963	1.182895	2.275915	1.959798
-0.530652	1.084912	1.404841	0.485343	-0.734532	0.722254	-0.556951	-3.803541	-0.135157	-1.839007	6.258072	-2.528809	0.490221	3.014985	-0.257615	-0.204937	-0.604772	0.803699	-3.814365	4.400564	-2.820710	1.070854	3.857115	2.165284	1.414760	0.849216	1.155594	-0.331403	-0.182587	0.808542	1.061769	-2.798146	3.616769	-3.128171	-4.459980	1.572185	-0.924148	-0.893426	-0.649017	-0.151215	-0.187187	0.430142	-1.641633	-0.216359	-0.072030	2.560831	-1.328933	2.228791	-0.773043	0.522500
3.176447	-3.158374	-1.653539	1.970436	-3.854271	-1.417916	-0.684224	-2.346884	-2.078505	-0.413205	0.453055	-0.209650	-1.007564	0.147094	-2.874015	0.272678	-2.212530	-1.443587	-4.702999	-3.188717	1.151918	2.638933	-1.874055	2.216388	-5.045470	0.522297	-2.178225	0.454198	0.485310	1.820491	-1.531100	-0.833690	-3.045354	-1.544736	-5.564007	0.045212	-1.332141	1.960457	-0.705560	-0.522534	-0.679257	-2.069637	-6.234393	-1.286808	0.712308	-2.417853	-0.761707	-0.779114	2.103515	-0.732229
-1.399631	-3.631947	1.513696	0.994641	0.251052	0.418614	-4.337460	-2.971674	-0.493425	-2.390568	-0.387923	0.661956	-1.187873	2.428828	-0.103725	-0.027301	-0.232337	1.187376	1.107433	-1.682663	1.005670	0.319389	0.343972	2.172851	2.276885	0.232718	0.754132	0.707463	-1.018858	-1.528418	0.531150	0.653201	1.813319	0.799616	0.764710	-1.223579	-1.966403	-1.106695	-1.021309	0.831880	-1.387081	-0.185804	-0.976579	-3.905504	1.372022	0.200951	-2.203506	-1.999093	-0.871314	0.618462
2.464370	0.235390	1.669922	-0.885626	-2.487061	0.811774	1.486654	-2.065708	-1.896916	1.902784	1.557463	1.815088	-1.550731	0.161842	5.695576	-0.910493	-0.096522	1.619695	-0.657544	-2.074976	1.218018	-0.691035	1.741973	-0.229690	-5.279761	-1.739047	1.021478	0.240807	-1.229479	-3.911637	0.943569	-0.391132	-1.191006	1.026666	-1.872226	3.102811	-3.388037	1.977007	1.643081	-2.459976	2.495355	0.173761	0.197072	0.945905	1.476296	2.531897	0.207325	-0.886535	1.426025	0.124451
2.906955	2.479888	-0.095992	-0.006015	-2.136828	0.084276	0.419463	-0.252087	0.744581	-0.227670	4.529678	2.088933	-1.130590	-0.557673	1.229551	-0.926952	-0.828024	0.800271	-1.900237	-5.083912	1.522980	-0.477261	-0.789800	1.897964	-5.451816	1.421166	1.492396	-0.406886	0.361797	0.196531	-0.757784	-1.906759	-2.080105	-0.470402	-2.787159	3.561439	-0.810846	0.435283	1.702272	0.397686	1.051298	-0.327608	-2.325326	2.378215	0.083129	0.613622	-0.527822	0.021838	1.347252	1.656685
2.889231	-1.998472	2.656009	-1.085958	-2.279603	-3.625526	-0.084681	-0.319332	1.139654	-3.379921	2.716867	1.870182	-0.532291	1.472965	-0.424247	-1.304487	1.351623	-0.886319	-0.625017	-5.617466	3.816120	-0.508199	1.247780	2.041496	-1.703800	-2.436226	-1.204977	-0.817925	2.706329	1.098031	0.403535	2.326371	-0.072867	2.050832	0.226989	-2.721278	2.621660	2.673826	-0.649966	0.311437	0.598971	2.598508	-1.198966	-0.578724	0.225034	-0.977231	0.107513	-1.779353	-1.608548	1.690788
-2.182804	-0.018712	-0.994915	0.806106	0.015487	3.449332	-0.233817	0.477113	-0.413908	5.083579	-4.708495	-0.917547	-0.365614	-3.145755	-2.694869	1.251328	1.349548	3.509242	1.620256	0.208382	0.257996	2.501571	1.120167	0.547094	-0.648589	1.520354	3.101208	-0.553864	-0.638891	1.872162	-1.966842	-1.526431	-2.964840	-0.699176	-0.987280	-0.863144	0.794420	0.695572	-1.349127	1.429737	-0.712417	-0.637571	3.767831	1.263858	1.015940	3.458523	-1.017214	-1.765767	0.747395	-1.856032
-0.251077	-1.219000	0.643802	1.279609	2.907716	-3.759557	1.013780	-0.305808	1.533585	-3.898047	-1.630795	2.468913	1.161186	0.111294	3.593736	0.041354	-0.931305	-2.280944	2.600469	-3.273624	3.825877	-0.560131	0.809894	-0.333865	2.147695	-1.181255	-0.660581	-1.571024	-0.897490	0.346852	0.032237	2.028116	0.243709	-1.126057	2.157878	1.042740	-1.045889	-0.825479	1.869193	0.545678	-1.227882	1.159482	-0.221358	0.222215	-0.209083	-2.914716	1.716777	0.817034	0.446322	-2.033619
-1.612121	-0.664488	-0.951976	2.624080	0.122825	2.027032	-1.487943	-1.335115	-4.349682	0.849914	-1.189093	-1.022505	-1.181419	-0.512119	-2.702955	0.208705	2.365582	-0.505930	0.110704	0.387805	-1.211196	2.516986	-0.333938	-0.489041	0.395271	0.862022	-0.770042	1.002129	-3.866088	-0.070977	-0.293697	-1.993922	-2.043565	-2.222285	-1.810904	2.818083	0.310475	1.035660	-0.249198	-0.191194	-2.316906	-1.246849	-0.502372	-2.371132	-0.042548	-2.325630	-1.637708	-0.609737	3.656859	-0.152496
0.381433	-0.135147	0.670600	0.347734	0.416121	2.825037	-0.319114	1.379658	-1.738319	-0.187397	1.266293	-1.080780	2.177709	-0.342951	3.063802	1.408881	-1.192793	-1.300185	-0.117862	0.615614	0.716405	1.984066	-0.386812	-0.745171	0.783151	0.317167	0.603516	0.950410	-1.471086	-0.164686	-1.931025	-3.151384	-0.279992	-0.001455	0.615226	0.322935	-0.839993	-1.166455	1.282938	-0.053807	-0.420614	1.404937	0.879711	0.296852	-0.069458	-1.061547	-0.050937	0.393901	-0.369842	-1.286536
1.919777	1.354923	-1.390451	0.655278	-2.603984	-2.388376	0.924044	-1.677603	0.276905	-4.382645	3.123442	2.325941	-0.407166	1.395873	0.205412	0.507258	0.915669	-0.261584	-2.415242	-0.646677	3.815498	2.041050	-0.597270	1.018066	0.320370	-0.009582	-1.757623	0.507107	-2.617787	1.577417	0.383855	-2.898989	-1.201422	-2.498937	-2.482929	0.858925	0.662244	4.009447	3.833256	-0.025794	-2.336977	-1.031265	-6.661392	-0.007837	-0.837681	-1.906899	1.691966	0.088343	1.930014	1.640373
-1.263161	-6.736618	-2.448017	0.506247	-0.145607	-4.366797	-0.680465	0.376016	-0.127581	-3.481033	1.467296	1.236733	-0.410749	2.593000	1.481138	0.845155	-1.144024	1.060510	-1.850827	-2.735118	1.539943	1.174102	2.688639	-1.051412	-2.648184	1.884452	1.474771	-1.726243	1.400461	0.940062	3.500891	-2.593271	3.223934	-0.258547	-3.848143	2.235322	-2.889701	0.679962	0.042160	1.608620	3.842532	-1.518356	-4.164037	-2.792509	1.687575	2.191013	-0.549357	-1.342291	-1.170757	1.388902
0.389429	-4.856270	-1.770011	1.035782	-1.180105	-4.065218	2.422413	2.071563	-0.157309	0.354198	1.300020	1.695809	-0.144998	-0.123648	6.681441	-0.369107	-1.225780	2.191969	-1.699916	-0.713078	1.151031	-1.480378	1.628717	0.168744	2.040571	-1.572788	0.354534	-0.056164	-1.776739	1.962660	-0.914258	0.102089	-0.268714	-0.138878	-1.760844	4.289598	-0.873689	0.116252	2.020734	-1.925598	-2.632374	-1.849224	-0.877179	-1.102404	-1.327815	0.932344	1.119881	2.000512	-0.828934	3.062063
-1.850679	-3.172211	-1.910756	-1.288517	-1.908097	-6.421984	2.357511	-1.510494	-0.519366	-5.041704	-1.874527	2.608569	0.478519	-0.487508	3.673466	-3.289109	-0.040563	0.323840	0.590689	-2.237995	2.707442	-0.309616	-0.084124	2.218148	-1.557997	3.001853	-1.652125	0.165088	0.673693	-0.571551	1.085119	2.190210	-0.799196	-0.848203	-0.412860	2.966388	-2.790078	-0.839978	3.665459	-0.122012	1.001021	-3.107791	-2.295990	-2.950105	-1.008090	0.584716	-2.723857	-0.543593	0.157540	-0.355145
-3.431574	-2.840190	-0.275474	0.518147	-0.393878	-1.742895	1.601466	2.183754	-1.240475	-6.159469	-2.090933	0.314372	4.402360	1.028908	-2.028216	3.000637	1.426093	-4.086049	1.579763	-1.602991	4.548791	3.890703	-0.246962	-4.412316	6.897255	-2.034245	-1.439453	1.005533	-2.346182	-0.985752	-1.098245	-1.620511	2.682841	-1.434914	-0.357922	1.162266	-0.642113	0.503487	1.349888	-1.062177	-1.968175	-0.593186	-1.872960	-0.743962	-1.961775	-0.110783	-0.341361	-1.674995	2.931374	-1.436113
1.907474	-1.125508	-3.500690	-0.118569	-3.016231	5.071151	-0.758202	-3.404514	-0.211964	4.769536	1.893462	-2.281449	0.955689	0.115294	2.496215	0.644182	-0.070662	0.784935	0.129784	4.003945	-3.876206	1.011391	1.009407	2.681794	-3.352615	2.395994	1.399164	2.058659	0.136967	-2.443371	-3.458979	-0.584628	-1.779167	-0.136069	-1.313375	-0.652572	-1.417299	2.237897	-2.253066	-0.832911	-0.753153	-1.314263	1.426030	3.758536	1.094759	2.018924	2.752004	1.280453	-1.267872	-3.135313
2.015025	2.184641	-0.394432	0.905837	-1.557978	-0.426950	1.185921	-0.352089	-0.485826	1.618226	-0.914760	1.125283	1.242990	-3.371625	-6.252551	0.049972	0.375600	-1.497192	0.284922	0.203798	-0.048476	0.952356	-0.589273	1.646748	0.957596	-0.076075	0.226061	-0.955452	-0.515992	-0.969053	-1.498400	-0.026216	-2.369208	0.883398	1.568199	-0.372950	2.182454	0.194985	-1.030690	0.839123	-1.003057	1.750051	0.475694	1.000680	0.634865	-0.571559	-2.768857	-2.772605	0.222789	-1.765572
-0.698159	-4.850853	-2.843431	-0.054748	1.211221	-3.718551	-0.851690	-0.887418	2.278656	1.485967	-1.554894	-1.257936	-1.565734	0.007945	5.025873	-2.004433	-0.545047	1.473484	0.066606	-1.817246	1.303822	-0.208560	-0.012786	2.863845	-1.906690	2.580115	0.802732	-0.048475	2.939258	-0.161398	2.777010	0.887845	-1.809012	1.764279	-2.007688	-0.407643	-2.906568	-1.061889	0.003882	1.804754	2.348270	-0.929231	0.301892	0.210377	-0.187296	0.138830	0.364054	-1.750417	1.309863	-2.190540
-1.738820	-3.936377	-1.104230	-1.659264	1.831962	-2.496686	1.740591	1.205974	-0.929546	-4.749574	1.704665	1.132736	0.693587	-0.917537	1.289813	1.414766	1.142315	-1.594756	0.749728	-4.424451	1.776138	0.961315	2.818313	-1.717595	3.085304	0.077924	-1.221770	-0.493234	0.448987	0.630459	2.603390	-1.372006	4.397699	-1.152409	1.657887	-2.243012	-1.727008	-0.567435	0.051703	-0.197767	0.676181	-1.703766	-1.599732	-2.177182	0.700248	0.641741	0.027079	-0.649713	2.887430	-0.302767
-1.853134	9.120723	1.658810	-0.965234	-3.127489	3.184985	4.444582	-3.499205	-1.228298	0.159224	1.930060	3.396517	1.089758	-3.546307	-1.498946	1.478595	-1.505123	-0.591822	-2.151732	-2.767652	2.659458	2.444039	-1.366134	0.395006	3.287434	-2.079093	-1.029423	0.360364	-1.854572	-1.171898	-0.217877	-0.722791	-0.951517	0.637502	-2.158100	-0.668891	0.195729	3.965355	1.754181	-0.104379	-0.330195	1.778792	-4.754355	2.227568	1.577763	-3.024556	1.514287	0.828776	1.071098	0.674617
2.076703	-1.022414	0.877899	1.928217	-3.959466	-0.841563	2.958491	1.460694	-0.913598	-0.741703	2.225945	0.141555	3.733415	-1.661673	0.828802	-0.601810	-0.854897	-7.504179	-2.842017	2.409366	1.045439	1.509159	0.077982	-1.972307	-0.607107	-1.920672	-4.044152	0.049592	-4.264646	1.020708	-2.478332	-3.178011	-3.060477	-0.163599	-3.758589	1.770384	1.535529	5.106261	2.223888	0.635288	-1.889294	-1.155288	-5.455478	1.203609	0.246409	-1.364015	-0.144643	0.432675	3.014661	1.434471
1.836281	-0.093609	-0.590233	2.322783	0.628110	5.286355	-3.987983	-4.402323	-1.587505	1.347762	1.251871	-2.844120	1.638375	-1.838056	0.278013	1.002210	1.249443	-0.302198	-0.297452	1.121815	-1.723301	-0.365658	-1.147797	4.574388	-1.408657	-0.315781	1.291050	-1.837564	-0.521956	-2.036465	0.333162	1.507108	0.460290	0.235195	-3.772386	0.333236	-2.021375	-1.653069	-1.125588	-0.365356	-0.028218	-0.809798	-0.731462	0.546266	0.839000	-0.807938	1.253604	-0.479481	-0.069868	-1.557124
0.768181	-2.274541	-0.712733	0.684364	0.591254	0.855848	-1.117595	2.500350	-0.605674	-0.020408	5.747790	-1.456323	0.474997	-0.087421	-1.593845	0.005157	-0.014964	-0.431630	-0.186241	3.583694	-2.813028	0.852449	-0.106946	-2.265909	1.083210	-2.105122	-0.821404	0.444158	-0.600570	0.507555	-1.259508	0.728884	1.322313	-0.265733	1.264164	-1.054056	1.182130	-2.484586	-1.239748	-1.273553	-0.390791	1.034017	-0.587634	0.333200	0.205309	-1.523462	-1.278472	-1.722137	2.216453	-0.575433
2.062724	-5.901578	-2.613313	-1.262579	3.066952	-1.356364	0.046441	2.122218	1.571866	1.634231	2.548242	-1.347509	-2.455212	1.027619	0.454630	0.224114	0.658408	0.590457	0.852297	1.748061	-3.554863	-2.342538	-0.610471	-2.504135	-6.935966	4.848756	0.235331	-0.549480	-0.657849	2.449805	2.648574	-0.490024	1.019521	-0.156332	3.378869	1.760222	0.094343	-2.167750	-0.041449	-0.618961	-0.043005	-2.855172	-0.778348	-0.640049	-2.735373	-2.347595	-0.305086	0.374299	-0.208228	-1.342696
0.007908	0.700375	0.847878	-0.589404	1.159449	-0.136092	-0.009324	1.406561	-0.755373	2.007824	1.469731	0.749096	-1.395152	-0.495440	1.987949	-0.874973	1.259424	-0.065117	-2.706264	-2.322289	0.329631	0.087679	-0.076494	1.609391	2.048527	-2.047568	-0.028136	-0.592413	0.601887	-0.686539	0.758408	-2.462381	-2.065924	3.181932	-4.532906	-0.205019	-0.060699	-2.269740	-0.254857	-0.360060	-1.851143	0.581061	-2.967915	1.091518	-0.450422	2.175591	-1.624881	-0.235471	-1.110818	0.545192
-0.811725	3.225207	1.473343	-2.889941	0.681100	1.171871	0.184496	-1.173738	-0.224133	2.395303	-2.329344	-0.014883	0.453291	0.311722	0.915140	0.267472	-0.869911	-0.214210	0.349466	0.423804	-0.314541	-0.068485	1.080945	2.851031	-0.212793	1.705339	-0.014931	-0.372548	1.840098	1.326234	0.351904	1.463607	0.563266	1.551172	-0.974475	-1.267607	-0.079934	-0.780028	1.888434	-0.227720	1.060000	1.872573	-0.004596	2.321274	0.812622	0.674319	1.030512	-1.840452	-2.220787	-1.461211
-2.598909	2.829178	-0.504749	-1.284893	-3.144066	1.376406	1.353391	-0.619730	0.655304	4.616868	3.297114	-2.675888	-1.182776	1.843338	-4.419027	1.298723	-1.568003	-0.233963	-3.334636	3.469432	-3.869848	-1.410597	0.037349	0.800714	-0.007513	3.501654	0.311637	-0.360263	1.879367	0.404121	2.697596	-1.523395	0.088278	-1.735375	-1.663780	-4.065271	2.525565	1.905240	-4.022150	3.079438	0.668054	-1.498035	0.209538	-0.971853	0.283544	1.537810	2.583085	2.696080	-3.152720	-0.326358
0.360419	-3.123082	1.143670	-3.067372	3.217259	-1.768020	-1.727067	0.933172	-1.165434	2.050643	-2.588903	2.301988	-0.586390	0.535514	-0.209885	-0.964749	-0.197359	0.504508	2.191564	-1.154288	1.884064	-0.609464	-1.761847	-3.032505	0.403928	-2.046599	-0.665345	-1.396293	-0.196818	0.782543	2.458901	1.213974	-2.465831	-1.358240	3.657117	-0.181836	-2.296658	-4.404121	2.334286	0.490851	-1.537872	0.003834	2.911773	-0.606541	-0.037302	-1.872914	-0.780656	-0.384943	0.085447	-0.255038
-1.688555	-0.686509	-1.476969	-1.723053	-0.211625	-4.515946	1.209619	-0.824459	1.252279	1.373746	-2.713026	1.959791	-0.626035	-0.715492	0.583905	-0.294374	1.453143	-0.594405	0.160956	-2.356077	4.676475	-0.568070	1.761523	0.598761	0.492645	0.366960	1.239996	-0.742104	-1.195310	1.904564	-0.158356	-0.903187	-0.408620	-0.015172	-0.474439	0.817764	1.385101	-1.143566	4.407758	0.938724	0.624995	-0.417557	-0.181031	0.061223	-0.833778	-1.507261	0.433706	1.047886	-3.909796	-0.974298
2.448122	1.321113	0.106410	1.431277	1.054154	-0.661829	0.236534	2.291046	-1.142123	-0.698466	0.624310	0.016011	1.398372	0.169515	-0.809677	-0.317810	2.604080	-0.240038	1.036031	-2.309225	1.561639	1.508643	-0.662052	-1.612076	-2.075936	0.831066	-0.734015	-0.576809	-2.532448	-1.337402	-2.347199	-2.546696	-2.666208	-1.168334	-0.165985	1.515800	-0.053821	-0.961938	0.512148	-1.956084	-2.021190	-0.469058	-1.292177	1.868842	-1.248899	-1.102853	-0.019931	-1.011781	1.323798	-0.355313
0.017321	-2.111980	-0.599772	0.545751	0.016898	0.669668	-3.366546	-2.046618	-0.708930	3.904275	-0.830221	-4.358582	-0.794617	-1.195328	-1.072477	-0.099937	-1.275594	0.023656	-3.912783	1.184295	-2.974478	0.075049	0.256500	2.415020	-1.226301	0.774193	0.720205	0.219426	-0.153046	0.261681	0.706707	-0.466425	-0.668915	-2.095432	-3.260105	-3.035783	1.409022	0.660959	-2.560976	-0.006036	1.947470	0.251298	-1.104619	-0.508451	0.971111	0.438254	-0.809136	-0.933433	1.279701	-0.282936
1.817844	1.706703	1.532639	-0.612790	-0.684184	-1.925955	-1.629581	0.186717	0.171282	1.072038	1.669193	0.112823	0.213030	0.943124	-7.184597	0.742388	-1.698938	-0.674521	-0.890762	-1.358424	2.432603	-0.577320	0.667785	-0.718778	-0.453343	-2.262998	0.933926	-1.803903	2.177393	0.978441	1.346071	2.175309	-1.416321	-2.100591	2.447215	-1.772250	1.688834	2.819263	0.192743	-0.285866	-1.222765	1.541777	2.374304	1.183107	-0.159943	0.527531	0.364203	0.390021	0.182634	-0.645110
-1.477855	1.347566	0.094514	0.327274	-2.053687	-0.291187	-1.377802	-2.925067	-1.952937	1.309233	-0.474505	-2.249093	0.508341	-1.717972	-5.576162	1.120815	-2.100373	-0.544378	-1.601331	4.226302	-1.526320	0.666655	-1.917270	5.345704	3.460615	-0.441749	0.259704	-0.894730	-2.311224	0.904533	0.775453	-1.343081	-0.973971	-2.487941	-4.774041	0.246577	0.952574	3.375929	-0.211016	0.107368	1.646542	0.371407	-3.621027	-0.759767	-0.404767	-1.084235	-1.001380	-0.370869	2.571978	0.243778
0.961503	-2.637062	-0.238536	0.459451	2.547280	-2.353849	1.514173	-0.995647	-0.346553	-0.021775	0.320556	1.984214	-2.372607	0.415160	-4.801465	1.538888	-0.886734	1.565965	-0.463826	-0.889714	1.143947	0.989912	0.018605	1.568820	-2.791316	2.497563	-0.221959	-0.033428	1.250253	0.700170	2.114498	0.253641	1.173316	0.372533	-4.422339	-1.960612	2.330231	-1.598002	-2.203842	-0.525063	0.583302	0.400799	-4.794804	-0.474683	2.499682	-0.727636	0.742867	0.270410	-1.677563	0.944152
-0.645588	-4.089563	-3.141262	3.870237	-2.201749	-1.993052	-0.461641	1.756226	1.319388	0.110680	-0.981707	1.347398	-2.027553	-0.286005	-1.418463	0.606605	-1.506856	0.688294	-0.398526	-0.782641	-0.673656	1.631884	-2.882332	-0.425447	-0.325720	1.565393	-1.693764	-0.080021	-1.811369	1.128748	2.726128	-2.402927	0.305620	2.595177	-1.023636	-1.588685	1.466446	3.318125	-2.889652	-0.054629	0.989138	-1.892650	-1.314787	0.657857	0.091123	-1.820684	-1.174356	1.552571	-1.243885	0.035999
-0.636470	3.153836	3.176371	1.970069	1.714101	-2.799709	4.977596	1.801891	0.708486	-1.921010	-2.348852	2.095511	-0.465281	-0.723142	6.313444	-0.233970	-1.478022	-1.730500	0.482951	-6.830506	4.593589	-1.538823	-0.045645	-1.503833	5.269695	-2.981244	-1.799606	-1.631277	-0.041933	-2.536980	-0.863768	1.083131	-0.030332	0.933397	3.265083	3.773320	-3.269592	-1.605742	5.012157	-0.340296	0.440139	4.217611	1.067999	0.868620	-1.868300	-1.735382	3.315891	2.565224	0.633354	0.409983
3.285497	-0.121303	2.620783	-0.238695	1.574097	0.317839	-0.056549	2.041163	0.824158	0.453931	1.707568	-0.164631	0.310315	0.142323	0.238653	-0.919128	1.249263	-1.929688	1.959505	1.472891	-0.066602	-1.996655	0.789973	-0.717101	-2.458528	-0.374013	-2.732200	-0.417097	0.318420	-0.497889	1.536825	5.148857	-1.882683	-2.553301	5.029143	2.820646	1.846253	-2.211101	2.646509	-1.977748	0.995822	1.356226	2.081893	-0.135256	-1.374764	-2.853735	0.444079	-0.291475	-0.355602	-0.673953
-0.169889	3.645164	0.528014	-1.030922	2.490933	-0.601670	2.955968	-1.904917	-0.039225	-3.522201	-1.306605	4.541941	-0.978619	-0.843440	-3.903106	-0.092075	0.325602	0.443648	1.382285	-3.490904	3.353953	-0.884429	-0.192166	2.336918	-1.863798	2.813540	0.814268	0.676993	3.653731	-0.473664	1.410791	3.190628	0.214454	0.541978	1.904082	-1.319471	0.348106	-0.816772	-0.518923	0.100754	2.187629	-1.543923	-0.268956	0.193182	1.022529	-0.346643	-0.397274	0.100467	-0.683297	-0.582769
-2.154022	2.790168	-1.699451	-2.931562	0.156754	-0.166260	2.110335	-3.357184	-1.173693	1.037230	0.914127	0.613007	-4.094824	0.224498	-0.030438	0.380488	-2.602291	2.164171	-3.365602	0.920283	-2.226324	-1.118200	1.161578	4.095780	4.283147	-0.867534	-1.484336	0.879528	2.362788	-0.340546	2.324212	0.416386	-0.088447	1.158484	-3.729649	-0.889750	-0.905088	-2.407966	1.221955	0.643509	2.234288	0.263708	-4.734195	-0.636898	0.153187	-0.972567	-1.818960	2.055983	0.638803	1.398362
-0.713502	0.171977	-1.307839	-3.461404	-0.420563	-3.728079	0.999567	0.143277	3.348575	-1.760338	0.398393	2.013584	2.949285	1.395008	3.047953	-1.994480	-1.060504	0.486382	-1.090494	-0.412549	2.937515	-0.932187	0.689321	-0.204819	-3.297176	1.920623	2.078180	-0.440089	1.184047	-0.595012	-0.682011	-1.719049	0.570787	-0.261496	-3.300330	4.666050	-2.663058	0.589588	5.676424	2.605734	-0.535030	-0.784597	-1.365095	0.733224	-2.028586	1.284632	1.721772	2.208015	-4.075557	1.584878
-0.246666	3.345056	3.588456	1.631822	-2.974198	2.591511	-1.043552	-2.550213	-2.358419	-2.118130	2.363373	-1.000676	2.869797	1.349580	-0.587270	0.999649	0.491569	-3.308217	-3.164625	-0.652804	1.726769	1.201307	-1.247388	3.513447	3.335197	-4.676570	-1.110247	-0.121354	-1.672322	-1.088371	-1.010087	-3.628946	0.529577	0.756387	-8.085117	-5.602412	-0.963642	2.163279	-1.047270	-0.658152	1.994546	2.928769	-6.712813	-0.983686	0.880987	-0.865327	3.081864	0.884685	-0.168183	-1.764140
-0.989372	-0.551665	3.102661	0.656825	-1.446977	-2.700131	-2.444117	0.828574	1.783147	-2.196278	-0.272179	-0.062969	0.604664	1.058728	-0.026670	-1.802547	-1.988782	-0.676548	-2.343060	-0.005372	3.236935	2.259595	0.156629	-1.691739	0.683560	1.440684	-0.078714	-0.176759	-2.375952	1.840285	0.452345	-2.822765	0.448976	2.728696	-2.607735	-1.916985	-0.059828	-0.299314	0.842852	1.747529	-1.068286	0.936365	-5.790247	-2.288511	-0.573894	-3.404682	-1.889573	-1.910291	1.904575	0.824885
-4.276455	-0.956335	-0.413896	0.314467	-0.320454	0.289080	-2.347434	1.047437	1.609725	-0.519172	0.053949	-0.329158	0.264137	4.243595	-2.684340	1.521287	-1.703394	2.126934	-0.323679	2.201773	-2.420493	-0.993659	1.076377	-1.492740	3.709710	0.228415	1.015099	0.509629	1.519771	0.015352	3.720983	1.361709	3.657037	0.341668	-0.772032	-1.926550	1.096255	0.551605	-1.997745	-0.338886	0.027831	-0.835084	-1.271443	-4.106457	2.546081	0.821322	0.175244	-1.368990	-0.453952	-1.671595
-0.670739	-7.013348	-0.959303	0.035659	2.768598	0.659021	-2.136598	1.450481	1.400532	5.176931	1.245209	-3.083264	1.664023	3.384274	-1.979288	0.544416	-2.437541	0.439790	1.212549	2.188559	-1.070814	-0.200510	1.233083	0.124543	-0.828208	0.488690	1.302274	-0.526367	2.298600	-1.674026	-0.068863	3.162967	0.237424	-0.099421	2.761615	-0.561623	-1.883802	-2.287402	-0.775005	0.061646	-1.554875	-1.443715	8.957104	-1.299147	0.279646	2.348100	0.426734	0.390061	-2.163982	-1.010097
-2.375115	-0.139660	0.910841	-1.416587	2.902647	-3.013815	-0.727946	-1.800443	1.578755	-1.661978	3.631247	-0.955068	-1.150326	-0.775498	-1.916498	0.396620	-1.212708	0.658241	-4.138348	-2.266464	2.770012	1.571984	1.831117	0.783394	3.371608	-0.887078	0.998378	-1.887980	-1.008589	2.119443	3.331949	-2.180760	1.758409	-0.702005	-2.455073	-1.845104	-0.973543	-2.481882	4.548948	1.969235	0.797660	1.702089	-3.624866	-0.845425	0.631005	-0.782676	-2.218921	0.370982	-0.170157	-1.008129
-2.205929	0.379577	-1.687160	2.755718	-2.819085	0.250155	1.019374	-2.821232	-0.105609	1.759676	0.480293	-0.949036	1.885060	-0.769059	0.195106	-0.844327	-0.710482	0.556875	-3.303156	1.873547	-1.484477	1.876003	-0.218941	2.152642	4.657888	1.442385	1.540462	-0.460104	1.723547	-1.708279	-0.868548	-0.204923	-0.165114	0.649251	-4.460294	-0.285111	1.117964	2.035910	-2.921486	0.504264	0.134940	0.134291	-0.686864	-1.945637	0.828638	1.593408	0.080174	-0.751770	-1.081352	-1.698496
4.301826	0.692236	0.476037	1.312282	0.778746	-1.858746	2.241828	0.830384	-3.912040	-0.090386	-0.497454	1.241079	2.032102	-3.697138	-2.302176	-0.213920	-0.111518	-4.279415	-0.661151	-2.322939	4.246872	2.070957	-1.074893	-2.044200	-1.680802	-2.232137	-2.138067	-0.254231	-4.766135	2.149439	-1.523082	-5.079586	-3.263921	-0.655679	-4.055842	-1.260963	2.575821	-2.847676	2.235544	-1.218994	-0.485138	0.895511	-4.673004	3.137613	-1.438998	-4.304838	-1.128236	-0.891342	4.400019	2.066896
2.393263	4.946097	0.449090	-0.980908	-0.454465	3.834799	4.474284	-0.951509	0.318626	-0.715012	1.541260	-0.539238	0.616149	-2.226924	-3.088392	2.837918	0.544911	-1.011060	1.060715	-0.464301	0.377011	0.993102	-2.515133	-2.913182	-1.566930	0.543381	-1.227454	2.052492	-0.665405	0.334764	-1.830790	-0.486211	-1.351498	-3.626702	-0.052764	-1.832747	-0.521209	1.180272	-0.521222	-0.826487	-4.483099	-1.611826	0.294321	1.947688	2.082140	0.011767	0.044266	2.682012	-3.113554	1.157840
-0.314849	-3.810863	-1.990008	0.206037	-2.112360	-1.390902	-1.845011	-2.629062	-1.202401	-2.276830	0.108921	0.105605	2.232838	-3.085101	-2.855932	-0.610620	-0.207303	-2.468465	-1.891871	4.234189	-0.166529	0.461660	0.650788	1.469509	-0.263231	2.358478	-0.760098	-1.584617	-0.241025	1.622275	1.532555	1.961417	0.729202	-1.556241	1.129745	1.563899	2.887394	2.355979	-0.606424	0.348426	0.346416	-1.239823	-0.449682	0.814278	1.741973	-0.365056	0.313823	-0.136261	0.390115	-1.187614
1.260534	-6.272228	-3.265625	2.056350	-0.983424	1.077283	-0.458086	-0.265888	-0.676295	2.720272	-1.445517	-1.232773	-0.533339	-2.737868	2.134572	-0.573210	-3.315907	0.104531	-1.708108	1.242541	-3.264227	-1.853681	-0.126951	-2.334294	-2.400079	1.670693	-0.319476	2.171634	1.482197	0.384713	-4.063240	1.946366	-3.264106	-0.756459	-0.056420	-0.948447	-1.039664	1.582129	-2.160045	-0.012352	-2.718200	-2.781504	2.588894	1.162473	-1.739727	-0.301668	2.353011	0.111606	-2.729376	-1.474351
-0.334077	-2.946935	2.980767	3.187311	-0.314309	-2.711409	0.314594	4.463857	-2.098062	-2.393795	1.230215	-2.795872	1.624960	2.696736	-2.759334	-2.333381	-0.801344	2.189244	-1.255288	-0.144037	3.329960	2.794691	0.564188	-2.505475	3.617609	-2.531733	2.427592	0.317653	-4.214635	1.004355	1.037929	-3.475934	-0.329120	1.174337	-1.581446	-2.107826	0.526436	0.959868	-1.285836	1.215467	-1.866713	1.666747	0.519252	-2.069235	-0.601298	3.299574	-1.044832	0.310628	4.869120	3.549318
