X22	X33	X15	X30	X32	X36	X7	X46	X23	X44	X11	X12	X5	X39	X26	X13	X48	X41	X14	X4	X49	X9	X8	X38	X18	X20	X31	X19	X21	X37	X34	X24	X6	X45	X42	X43	X29	X3	X40	X17	X47	X27	X25	X10	X1	X16	X35	X50	X28	X2
-1.426514	-0.455441	0.986916	0.153475	-2.121516	1.353042	-1.025401	1.464403	-0.016910	1.573762	2.221808	1.948558	0.182075	0.089422	0.739716	-0.704798	0.841460	1.891726	-0.213074	-1.070090	1.484468	-2.575186	0.862659	-3.948804	4.311767	-2.151323	-1.060813	0.085798	-1.105192	1.168360	4.132077	0.354791	-0.708757	-3.001344	-0.749578	1.905995	-1.521479	1.689182	0.425156	-2.102865	1.440259	-2.224219	-1.746912	-2.320684	-1.069060	-1.604407	1.356465	2.904006	-6.770375	-0.886715
-2.473793	-2.853808	-1.199563	0.881089	2.221627	-1.624122	1.799914	0.110892	-2.915579	2.892975	-0.809409	-3.429952	-1.253919	-0.158696	1.690291	-0.815517	-3.124971	-1.008200	0.268170	1.364030	-4.223648	-2.056055	-0.823942	2.706875	-2.679955	2.404628	-0.448949	2.350026	-1.801286	-0.197363	1.746384	1.487127	1.005590	-0.859624	1.585454	-2.405277	-1.485653	0.161309	-2.101250	2.042837	0.312154	-0.279033	-2.875017	1.707217	-0.663303	-1.505656	1.196673	-2.422725	4.806755	1.180063
0.751723	1.281051	-0.587085	-0.877950	-0.360555	1.617907	0.407377	1.566017	3.572376	-2.725656	0.451817	-1.107854	1.243891	-0.339297	-2.160314	0.256827	1.148099	-4.056056	0.265534	0.894008	-2.022512	1.868593	-1.573191	1.932885	-1.682463	2.615571	0.523968	-3.222889	-1.668472	-1.842512	-6.200933	-3.999561	-3.059929	0.052025	2.020334	-0.251849	-0.681055	-1.996094	-2.018862	-2.215046	-2.735770	2.228636	-0.421037	0.360980	0.035809	1.330716	0.991385	0.230004	1.903703	-1.178805
0.828112	-0.940559	3.815910	-0.946580	-2.403659	-1.115864	-2.191136	1.730405	0.191349	-3.889786	1.308740	-1.340045	0.501693	-1.503672	-1.092457	2.679428	3.392915	-4.610658	1.762190	0.259280	1.182978	-0.213251	-0.027446	6.131830	2.475417	4.464522	1.198933	-0.704227	-3.989896	2.204489	-4.160304	-1.073219	-0.411434	-0.821146	5.437390	-6.634077	-0.467269	0.919499	0.226425	3.871821	0.451993	0.938214	-2.649437	-0.748840	0.860128	4.338433	-1.516000	2.987428	2.789904	-3.259153
0.616198	1.455918	1.377583	0.842062	-0.261229	0.378603	-1.148432	1.150110	-3.556398	3.729429	3.740774	-0.765251	-0.471234	0.529074	0.047685	-0.066223	3.470467	3.250416	-0.672501	-2.004085	-1.154813	1.055592	1.788529	-1.389417	-1.784513	-1.640960	-0.807406	2.403708	0.055852	0.562236	5.925245	1.475519	0.454302	-3.683081	-0.560064	-0.860233	-1.156841	2.390002	1.075348	1.603091	-0.988811	-1.190414	-0.298672	0.480986	-1.359939	-2.421179	-1.413372	0.711753	4.892146	0.639638
-2.187432	0.557467	2.209197	0.279776	0.825074	-0.872853	-0.737081	2.855610	-1.661203	1.114197	1.706636	-0.947580	-0.710125	-1.449367	-1.102509	-3.635258	-2.045148	1.905688	3.745224	-0.440032	0.827925	0.020516	2.344113	0.158728	2.044162	2.546321	-1.440207	-0.979788	-1.154072	1.529468	0.873526	3.178613	2.270138	-2.168604	-2.929179	2.484723	-2.437802	1.449638	1.734868	1.371827	0.981488	0.358515	-0.553811	-1.452581	1.088998	-3.013004	-0.285459	-3.688745	-3.227239	-0.937760
0.606176	-0.736667	0.467464	-1.062109	0.419241	1.381971	0.804828	-0.946977	1.975015	0.206998	1.554592	-0.339879	-0.996322	-2.714351	1.208814	0.195201	3.139638	4.270880	-2.688048	-0.731148	1.859743	-0.637098	2.490699	2.197722	2.120036	2.336637	1.243364	-0.874910	0.327859	-0.807715	2.774399	2.694152	-0.934950	1.489209	-4.774413	-0.073049	0.762524	0.527091	1.410807	-2.069574	-1.333064	1.564466	1.507479	-0.515057	0.224220	-0.776992	-1.065074	-0.741360	-1.448129	2.493995
-1.168813	-2.880780	-1.937889	0.887149	3.219563	0.073635	1.831498	-2.694571	-0.070316	2.575243	-0.628689	1.163094	-1.481904	-0.209450	-0.282896	-0.808231	-2.526248	1.417094	-0.090688	1.720126	-2.697508	-1.533494	-0.482488	-0.771701	-1.642716	-1.694989	-0.424821	2.283705	1.285341	-2.141448	2.357128	5.712201	2.715904	0.446832	-2.473008	-0.702095	-2.295272	0.463543	1.226278	-1.350232	1.064031	1.628876	0.487703	2.033318	-1.115415	-2.574325	0.194661	-1.030404	1.008822	1.018321
-0.216392	0.215283	-0.707241	2.520966	-3.595898	-1.276239	-4.307377	3.993937	-1.676820	-2.213297	0.726499	-2.006145	1.435130	2.143139	-0.571724	2.207442	4.854263	-3.267797	3.359424	0.636204	-2.033017	2.197043	-1.457251	2.631985	1.668775	0.398594	0.914362	0.111538	0.888620	4.295406	-0.304819	1.417335	-0.170125	-0.036134	6.008868	-2.172858	0.643176	3.196042	-3.103845	0.004214	-0.126861	0.348940	-0.058517	-3.260635	-1.837875	1.849684	0.757326	1.619209	1.112320	-1.300682
-0.578816	3.173747	-0.123737	2.342535	-0.180351	0.434236	-3.636540	-0.073329	-0.757710	1.923374	2.822612	-2.631663	0.124277	0.238630	0.990108	-1.447019	0.069223	6.421532	-0.606018	-3.563442	1.386624	0.356999	1.030230	-0.641204	0.846333	0.805968	0.297709	-2.152327	-1.395202	0.195832	-2.354500	-0.510396	1.845611	0.339805	-7.052058	3.815759	1.572328	4.904996	-0.363128	-0.533383	0.846989	2.704084	-0.669435	1.088013	-0.756810	-2.318434	0.923664	-3.579207	-1.603029	0.491934
2.407864	-0.064081	-0.409862	2.891701	-2.205151	-2.933102	-1.131521	0.740423	1.907440	0.515637	0.623107	2.046270	-1.172541	1.146363	0.218458	-0.905960	0.106223	-2.454298	-0.618295	-0.369859	0.810021	2.801442	0.676164	-1.422400	1.111269	-1.974898	0.415328	1.835867	-1.921346	2.895275	-0.870052	1.113203	-1.664314	2.545625	0.768517	2.632568	0.633246	0.159654	-1.928036	-2.364101	-2.986895	-0.681597	-2.079111	-1.993130	-1.012414	-0.135293	0.477292	-0.562762	-3.148929	-1.657021
1.892517	-1.456990	-0.173932	1.580951	-0.506301	-0.721680	-2.611914	-0.203620	-3.425835	1.677461	-1.019198	-0.359437	-0.355414	-0.286320	-2.020591	-1.032714	0.110010	1.571585	0.367951	0.038075	-0.828752	3.082608	-0.037441	3.242163	3.963090	1.653485	0.358459	-0.747968	1.854645	2.410690	2.319705	3.031636	-0.114991	-0.049352	-1.900416	-2.696477	-1.849035	1.157461	-0.396909	0.976475	-2.755210	-3.177461	1.653534	-3.636000	-0.476561	-2.487157	-0.197335	-2.440167	-8.174318	-0.866229
1.084507	0.366859	4.441837	-0.599563	-0.037138	-0.416700	2.444707	2.839817	-0.135780	-1.857084	5.299469	1.869670	0.259038	-0.907934	0.566729	-1.805842	1.994567	1.236745	-1.268247	0.565685	-3.570653	-2.424629	-0.366493	-4.537250	-0.464342	-4.486785	0.707483	-0.182067	-4.679192	-1.205354	0.737391	-1.370939	1.926947	-0.158245	-2.388177	2.567598	0.104411	3.978048	0.553614	-0.877575	0.201417	2.557871	-3.618247	1.523928	0.964809	1.384844	-0.184483	1.923897	-1.084929	3.483631
-1.856810	2.356258	0.076702	-1.558543	-3.800056	0.605111	-3.018837	-3.328561	1.422993	2.329060	1.194253	-0.305627	-1.134280	-0.625804	-0.931768	-0.337794	2.945330	3.299514	2.424658	-3.804359	5.399279	0.007594	1.533040	-3.506590	-0.342944	-1.941450	0.324311	2.277832	-1.002853	2.188734	-0.467616	3.706287	-1.174881	-1.765622	-4.058327	3.001186	-2.389777	1.735702	1.302055	-0.072727	-0.561640	-2.850914	-0.292803	-2.728791	-3.045812	-2.821187	0.357418	0.009414	-1.083397	-1.503244
2.515474	0.551932	-1.777484	-0.558715	1.441050	0.735416	2.321311	-4.574562	0.442978	-1.455884	-1.332492	-0.170279	1.281996	-1.104799	0.057157	1.102933	0.578530	-2.307436	0.715542	0.376513	-0.197538	2.243693	-3.869499	0.472820	-0.868254	-0.354207	2.008791	0.793283	0.092496	-1.115459	-0.016789	-0.035632	0.366054	1.224004	2.792327	0.846119	2.070335	-3.802656	2.347819	-1.256606	-0.039925	-1.391469	1.778926	0.306878	0.473382	1.454627	1.812479	3.051352	0.916122	0.577746
-1.123876	-1.210500	-1.951141	0.182326	-1.725182	0.070642	2.045390	-2.207554	0.875020	-0.000447	-0.041286	0.955354	-1.757896	-0.006783	1.415465	1.160332	3.004182	-0.702410	-0.298974	1.714998	-2.107163	0.969152	-0.525048	1.581869	-2.736637	1.106838	0.697051	0.130091	1.387884	-1.464510	1.535321	0.507602	-0.534730	-0.428030	0.407632	-3.279552	0.129174	-0.066830	0.053597	-1.289098	0.528119	1.979418	0.265095	1.650274	0.303323	0.572929	0.365751	2.191302	4.939641	1.375388
0.497053	0.819902	-1.998473	0.064993	-2.599599	0.431704	-2.879978	3.123300	-1.319743	-0.666558	2.186142	0.567489	-0.899983	-2.410135	-1.085672	-0.395814	1.783743	-0.868462	2.488672	-0.432269	-0.276814	2.478610	0.119993	-2.068970	0.412706	-0.974454	0.431197	-0.248691	2.490616	2.191794	1.134640	-1.136746	0.351657	2.785936	0.260226	0.586334	0.263380	3.565213	-2.128166	1.688271	-0.755945	-1.183490	2.813255	-2.292529	-0.902229	-1.023317	-1.284058	-0.823925	-0.753074	-1.174387
1.363890	2.293193	0.005124	-1.216650	-0.924851	1.652872	-0.684619	3.251905	2.450973	0.102258	1.902010	2.489118	-2.030640	-0.322375	-0.372098	-1.801715	-1.644763	1.210418	1.627952	0.548160	-3.390822	-0.661845	-0.810792	-4.805861	-1.086328	-3.722833	-2.410385	-2.783637	-1.424153	-2.147394	0.158456	3.421906	-0.888232	1.473595	1.224732	4.676047	-0.602728	1.786750	0.176537	-1.474226	-1.576366	1.016247	-0.975758	0.752914	-0.794834	-0.728033	-1.599530	0.395433	-1.562819	0.226120
0.953683	-0.534699	-3.285021	0.739337	1.402862	-0.651273	0.818487	1.324249	-2.821570	1.425628	0.021249	0.099450	1.289896	-2.943875	-0.126805	-0.554209	-1.672099	1.307077	0.719524	0.032812	-0.306749	4.212598	-0.394489	0.287642	-2.503819	-0.329030	-0.604821	-1.447542	2.970529	2.101535	2.523198	0.602159	0.063880	-1.684008	6.232769	0.265650	0.753709	0.265373	-1.698718	0.281037	1.110681	-1.393173	1.346621	0.343588	0.414083	-2.214819	1.238662	0.346440	1.568911	-0.780040
-0.326387	-3.552753	0.563256	2.080040	-0.640552	-1.359214	-2.820297	7.427365	-3.197467	-1.605477	1.482378	-0.020686	0.900188	0.348880	-1.483629	-0.524618	2.753815	-0.560973	2.438770	0.043427	-1.936140	1.529872	-0.360025	-1.798492	-1.487097	-5.251347	-0.047098	0.636490	0.209139	1.176666	-0.669484	0.152473	1.814831	0.551239	2.995986	3.192282	-1.228127	1.762684	-1.123321	3.463443	0.181535	1.950790	2.275326	-1.094386	0.239504	-1.099018	0.586019	1.060143	3.538615	-1.067777
0.172973	-0.737427	-2.014918	1.327325	0.196407	0.608272	0.442510	-2.081464	-0.761947	0.312141	-3.507521	1.183090	0.887311	0.912806	-0.553124	1.359732	-2.698775	-0.113177	-1.031973	0.946780	0.420790	-0.024512	-0.990547	2.219073	-2.030544	1.432407	0.692264	-1.348381	4.065709	0.650814	-0.078691	-0.224982	0.241988	2.269697	1.308470	-0.208671	2.531330	-1.987308	-0.724851	-2.591201	1.142030	-0.409936	0.413303	-0.569727	-0.448614	0.419531	2.096764	-0.769534	1.086388	-0.696898
0.976524	0.555541	-1.082810	-0.087952	-1.002960	-0.272490	1.919394	2.848829	-2.871709	-1.278838	1.029534	-1.921306	0.755871	2.557288	0.886480	-0.278863	-0.080154	-3.176686	-0.829232	-0.855814	0.474762	-1.227363	-1.532397	0.312850	-1.662650	0.452918	-0.883867	-1.966165	1.028265	-0.784090	-0.854845	0.166230	1.543518	2.601704	0.918323	2.970878	0.838510	0.981321	0.576908	2.673097	-2.416161	3.492843	0.358719	-0.207152	2.053266	1.165762	-0.953676	-1.363374	0.998111	0.482999
1.213994	-1.724283	0.106939	2.561501	-0.158975	3.098535	-1.957369	-1.690136	0.452689	-1.697552	1.893957	-1.071719	0.275980	1.600566	-0.096963	1.984216	2.646954	-0.239895	-0.041651	3.543872	-3.957543	1.049562	-1.332641	2.328885	0.534262	0.843691	-0.205123	-2.017797	-0.747088	-2.540524	-3.017888	1.271203	0.648823	0.039987	-0.451589	-5.892981	0.319787	2.322203	-0.921023	-2.952446	-0.584349	1.363160	1.079502	-0.336712	1.009897	1.375055	-0.875864	1.517930	1.999554	-0.931748
0.919102	-2.194214	0.987301	-0.380831	0.598169	1.338999	-0.454930	-6.258337	-2.109486	2.102135	-0.094791	1.019079	-1.549158	-3.145530	-0.733859	-0.740935	-0.816347	0.577219	0.720538	2.198137	-2.273178	4.249547	-0.152574	2.386774	-1.759762	1.640666	-2.063752	0.964785	0.194570	-3.180178	-1.989330	0.438787	1.385925	1.087804	0.242400	-2.825175	-2.324825	-1.615282	1.831032	2.045339	-0.488481	-2.332588	-0.021365	0.164964	0.599654	-1.374054	0.102681	-1.394339	0.795987	-2.696364
-1.663253	2.469777	1.193141	0.854490	-0.869764	0.864379	1.096506	-6.046574	3.596424	-1.513378	2.202956	0.576020	0.229303	-1.253835	-0.440593	-1.430950	0.184413	-0.961999	-4.080351	-0.840522	2.685810	4.613562	-1.009615	-4.014919	-1.153191	-2.316429	1.922909	-2.252408	0.052080	-4.190312	-1.108948	0.342190	-2.101438	0.414263	-3.186242	2.054610	0.738744	0.451542	1.242577	-2.760713	-0.098880	-2.181794	0.723467	3.211008	1.477551	0.854620	0.351550	-0.475377	-1.119764	3.252394
0.353771	-2.425819	2.588444	0.419771	-1.676732	0.380430	0.916997	1.853754	0.986204	1.685748	1.263982	2.258898	0.446979	2.497778	-1.700231	-2.812328	-0.320387	0.226895	1.623803	0.621602	0.523447	-3.358270	0.466209	-1.744664	3.865879	-0.058589	-0.583700	0.038778	-1.541086	0.340490	-1.491512	0.578707	0.338419	1.089308	-4.986126	5.863973	0.028245	-2.766396	-2.135826	0.308002	-1.928128	-0.347327	0.201786	-2.007288	-1.702172	-1.755772	-0.550677	1.275199	-6.893289	-1.103002
-0.519790	1.032557	1.353141	-1.438581	1.130384	0.231402	-0.103788	3.395544	0.244110	-1.747621	1.069396	0.732220	-0.538797	-1.102525	-0.007680	-1.136202	-1.073934	-2.532534	-3.501076	1.462827	-0.012813	1.221625	-0.772998	-2.200111	-2.682460	-1.378088	-1.075476	-2.509653	-0.926557	-0.924648	0.400229	1.596543	-0.850799	-1.711077	-0.891875	1.505504	0.079003	-0.495990	-0.594440	-1.502973	0.451684	0.712240	0.694668	1.997838	0.202507	-1.171131	-0.265906	-0.306790	4.108137	0.175395
-1.477757	0.736167	0.572818	0.466181	-2.907998	1.053812	0.166569	4.032925	-0.079736	0.299546	0.614961	3.724707	0.572844	0.166176	0.126799	-0.998070	0.965859	3.474881	0.040089	-0.448710	1.433986	-0.986072	-0.063222	-6.397887	0.280541	-3.269414	-1.485975	0.969717	0.196294	-0.566658	1.062412	0.724438	-1.564851	2.754658	-5.458628	10.199116	-1.197628	1.863081	-1.530040	0.305795	0.218444	-0.117777	0.046393	-0.086692	-1.389930	-2.209063	-0.244040	2.945827	3.292074	-0.525431
-0.310414	-0.310084	-1.169891	-0.590766	-2.620527	1.700575	-0.939408	1.717683	-1.351309	1.606593	0.936187	1.355774	-1.008539	-1.975001	0.049529	0.020777	0.574595	0.556206	1.256687	0.147977	1.864742	0.292121	-0.882380	-1.952148	0.880452	-1.190582	-0.092846	2.384486	-0.359573	-1.265768	-0.993947	-0.347693	-0.033153	-3.713488	-3.461390	0.418102	-0.852550	-0.975466	0.062985	5.176506	0.016830	0.283723	-2.196896	-1.404770	-0.270301	0.337520	-0.429814	1.952233	-0.608945	-1.403046
0.134624	-0.152134	-0.123221	1.488888	-1.927660	2.253260	-1.459774	0.769545	-0.519618	1.291111	1.736176	0.806078	-1.643435	-0.458794	-1.071132	1.194168	2.274806	4.799920	-1.000131	-2.487797	2.519742	-1.095642	2.749773	-0.873424	0.903389	-0.339418	2.075607	0.081063	-0.866239	-0.030567	0.410394	-0.212030	1.216738	1.527500	-2.756368	-0.255509	1.116921	3.223834	-1.130382	-0.489360	1.017419	0.703245	-1.620824	-1.179925	-0.902288	-0.162753	0.330843	1.039000	-1.598190	0.427419
-0.017672	0.859233	-0.396061	1.400409	-0.197539	1.659666	-4.085312	0.980010	-1.998637	0.877324	1.731137	1.697851	-1.254061	1.555745	-0.338334	0.429740	2.254519	1.988855	2.078113	-0.962995	-0.286065	-0.811163	0.834526	-1.089497	-0.400609	-1.926728	-1.327375	-0.831438	-0.886550	-3.027024	1.606731	0.839696	-1.263573	-2.360875	-0.421176	0.925915	-0.409150	2.670008	-0.744184	1.341234	0.633308	-0.333363	-0.033216	1.780573	1.132243	0.403236	-0.474416	-0.328728	0.923818	-2.205200
-3.190624	0.738510	-2.292143	-3.487386	2.587697	-1.752175	2.860690	-1.146801	1.667016	-3.146647	-4.339493	-2.104512	0.589022	-2.599746	2.221326	1.055175	-1.758792	-2.223889	-3.509559	0.740309	-0.007304	-0.034821	-1.265984	4.426578	0.211039	1.583270	-0.511181	-2.037611	2.038361	0.365954	-3.879917	-3.337373	2.706019	2.409284	5.530197	-3.718165	0.545138	-2.695112	3.186411	-2.668791	-2.553288	1.392105	2.867956	0.200437	0.775258	1.193519	0.548297	-1.765552	1.573666	0.882746
0.319366	-3.960875	1.858013	1.687063	-0.875165	0.723443	-0.030929	1.058092	-0.224619	2.335913	-0.421592	0.854895	-2.247910	-2.466143	-1.385048	1.672965	2.653740	0.749859	-0.043245	3.231516	-2.458649	3.616823	0.928900	1.552330	0.932186	0.269064	-2.266916	0.257161	-2.936979	0.932855	2.942930	0.252645	0.069421	-0.680231	4.327427	-4.868289	-0.631805	1.498705	-1.676410	2.550307	-0.943929	0.200260	-1.467074	-1.796157	-0.477448	0.115464	0.168920	0.869891	0.732288	1.224754
1.571073	-1.558099	-2.320176	-0.080501	1.593710	-1.319843	1.016251	2.635869	2.294497	-2.589255	-2.318114	1.041055	-2.389709	-1.336511	0.630117	0.745051	-1.369727	-2.377478	-0.544234	0.068696	0.884541	2.230596	0.334864	-0.750308	-1.137967	1.293714	1.053689	-0.149604	0.651552	1.704411	1.688477	3.277355	1.278647	3.075315	2.546706	-3.114410	0.630463	-3.406119	0.455901	-1.473402	0.072717	-0.389446	0.108669	0.180067	0.545463	-1.785482	-2.047438	-1.117987	2.156370	0.096195
-0.386703	0.268449	-1.801485	-0.112376	-1.309718	-1.151912	1.331131	2.214413	-0.428367	0.879712	1.181554	-3.238521	0.156719	0.567585	0.164405	-0.149579	-1.890372	2.189471	0.071693	-1.620850	0.969874	2.028541	-1.179188	0.369738	-0.390494	1.051686	-0.178716	2.124388	0.064196	3.253749	0.428135	-2.555394	-0.454437	0.150994	-2.037643	0.534283	0.214341	0.668513	-0.508453	1.798528	1.385798	-0.220705	-0.489158	-1.391954	-0.904453	-0.522307	2.930606	-2.984758	-0.132784	0.991982
-2.797796	2.119685	-1.116654	-1.148346	0.737882	0.030075	1.295750	-7.314689	-1.280301	5.362262	0.566419	-1.651898	0.818452	-1.107767	-2.610777	0.051618	-1.512474	4.297226	0.295896	0.722102	-0.333887	-0.166232	1.700282	1.405351	1.264716	1.470689	1.043881	1.493620	-0.230257	-0.591760	2.702355	1.035809	-0.890995	-7.181384	-4.609905	0.870348	-1.033853	0.964399	2.361729	0.985351	-0.187944	-1.499230	-0.914275	0.753946	-1.069031	-1.314374	1.013390	-1.696362	0.179797	-0.046239
-2.949771	2.128897	-1.581892	3.682940	0.583939	-0.133608	1.039724	2.522891	-0.157075	-0.398444	1.578743	-0.996237	-1.842053	-1.740260	-2.483272	-0.649693	0.002916	-0.887839	0.242632	-0.591824	0.726919	2.649771	3.885499	-2.476908	-1.816288	-1.116719	-2.173661	-1.137301	-0.329995	-0.749935	-1.813543	-0.902181	2.212882	0.570328	-2.200733	1.934460	-1.598046	0.173810	-0.164083	0.220767	0.541090	0.436706	-2.506508	1.174852	0.128047	-0.342888	-0.506971	-2.833242	-0.015142	0.142624
-0.853913	2.755608	0.566192	0.584369	-3.147835	-0.229967	-0.147790	3.010269	1.636025	-2.358852	2.753170	2.473728	0.831914	1.451418	2.745592	-1.266776	1.483218	1.440064	-2.647757	-1.746427	0.950193	1.221248	1.378454	-5.571513	0.336561	-3.782549	0.539712	-0.133500	-0.406265	-0.409121	3.820015	0.957933	-1.799275	-0.701014	-3.565418	6.162603	0.371796	2.285479	-2.961566	-0.984572	-1.416094	-2.891289	0.336465	-1.253847	-0.866752	-1.058398	0.034937	3.475455	-3.587653	1.608450
-1.289140	-2.006486	-2.274202	-1.382847	-2.484279	0.763088	-1.071104	-0.026919	-0.237309	1.540393	-1.612635	-0.366263	1.535015	1.689188	1.891083	-0.076151	-0.993867	2.133627	0.738989	2.224964	-1.097920	-2.321480	-0.675922	1.114509	-1.282145	0.685836	-0.289545	0.467109	3.695206	0.456682	-0.158027	-0.982839	-0.127429	-1.721313	-1.370703	2.083086	-1.473895	0.254953	-0.696702	0.210263	0.709981	2.007405	4.060973	-2.110535	-0.521150	0.449216	-0.438041	-2.193474	2.158470	-1.294582
-1.811080	3.810685	2.086327	-0.741644	-1.663240	3.611275	0.900998	3.268065	2.134961	-0.475217	-0.252507	0.210854	0.247546	-3.055588	1.093327	1.788202	1.360798	2.326423	-0.439031	-4.338856	4.768173	2.074336	1.339906	-3.727178	1.930251	-1.774824	-1.794607	0.561524	1.312855	-1.264445	-1.094571	-3.605381	-1.992872	2.831814	-0.467622	1.631558	-1.644617	0.219677	0.906936	-1.927466	-1.789120	0.809381	3.982613	-1.573326	-1.416294	0.247478	-0.850426	-0.266691	-0.395310	0.222059
-0.181889	-1.158428	3.212003	0.883859	0.721009	-1.682173	-0.156970	-1.737228	3.217954	-2.241088	-0.235587	0.578954	1.812308	1.864796	-0.211808	2.112766	1.495386	-1.613515	-0.587771	2.457696	1.093581	-1.184936	-0.417093	0.431517	0.908991	0.676539	2.498783	0.208162	-1.472053	-0.912739	-4.580063	-0.637505	-1.745590	0.356282	1.496804	1.184414	0.467062	-1.023511	0.258176	0.573240	-2.174358	0.610091	-0.515349	0.924273	0.740422	2.111613	0.357308	3.183514	4.163259	-0.957044
1.418391	-0.464545	-1.671448	0.252915	0.942755	-2.941856	-1.594033	4.204682	-3.263607	-1.962218	1.606152	-0.013486	0.047440	-0.310424	0.553947	1.126690	1.448560	-7.490067	2.099891	2.833907	-3.738593	0.287528	-2.913281	-0.431810	-0.438822	-0.300516	0.404352	-1.407075	0.532884	0.902923	-0.977285	-2.231406	0.899937	0.195172	6.712767	-1.767249	0.882234	-0.411270	0.027923	2.624768	-1.056882	0.038551	0.751762	1.230384	1.238222	1.002047	0.824565	1.680493	0.771802	-2.177642
-1.100504	0.051664	0.886855	-1.367009	-0.527440	0.708352	-1.852653	4.637912	0.830516	0.098756	1.300281	3.109160	-0.017231	-1.056463	2.138227	0.023032	1.533337	1.826178	0.849732	1.257540	-0.841277	1.398616	-0.757699	-0.799545	2.399185	0.016842	-0.947342	-1.160513	-0.500313	4.030075	-2.375173	-3.992664	-0.376192	-0.907320	2.998662	0.676026	1.165806	0.853396	0.132318	-1.243533	2.048983	-0.251475	0.987322	-2.208988	-0.667485	0.526377	-0.664176	1.211059	-4.197384	-0.113405
-0.388276	-1.611961	-2.878731	-0.508311	0.009491	-0.302709	1.396561	-1.191600	3.258146	-1.167043	-1.204014	-0.973142	-0.505823	2.248509	1.274820	1.197994	-1.882002	-0.556068	-3.505000	0.863686	1.526928	-3.449746	-1.003441	0.807341	-2.958680	0.797558	1.403088	-0.688387	2.678130	0.657600	-3.463805	-2.671765	0.836383	1.334441	3.515993	-2.481091	1.113131	-1.128616	-1.258885	-2.097669	3.745432	1.968850	0.657052	0.412385	0.658683	1.409631	-0.029714	1.449773	3.949362	1.367922
0.234176	-2.473124	2.533522	1.105502	-2.162630	3.860025	-1.629509	2.382169	-2.639767	-2.082938	2.671653	3.097128	0.191117	3.151316	0.468099	2.520963	4.088729	0.442241	2.831645	0.221348	-0.262326	-0.937040	-1.371678	1.729248	2.284918	0.966100	1.191389	0.907032	-0.932653	-2.405751	-0.224417	-0.933366	-0.295442	1.822779	-3.409370	-3.268162	0.976459	0.813376	-1.392922	1.916100	0.384628	2.859928	1.016952	-2.358589	-1.262442	2.585353	-1.276677	6.983043	-0.840987	-2.568584
-2.519988	-2.146485	1.190987	0.492796	-0.751379	-1.930314	-4.747621	2.211092	-4.622213	1.353783	1.063406	-1.149282	1.960752	1.552229	-2.862712	1.095740	1.841052	-1.002507	3.273599	0.089051	-0.689729	0.958070	-1.004835	2.908117	3.546025	1.291682	0.239496	-0.452791	0.286745	3.282468	-2.988099	-2.066362	1.245409	-0.000726	2.868263	-2.916302	-0.925754	3.385489	-0.809878	1.275668	1.936933	-0.315231	2.743652	-2.216948	-0.452038	-0.615289	-0.181008	3.251869	-2.491452	-2.177307
0.751126	-0.588578	-2.384237	-0.475670	1.765237	1.701707	0.454454	0.894984	-1.553407	-0.274916	-1.680919	0.469828	1.102541	-0.162369	2.566454	-1.966150	-2.088204	2.030012	2.291060	-1.657338	1.550235	0.730606	-1.097081	-0.811333	-3.988497	1.275178	-0.446182	-2.175338	2.098434	-2.095866	4.115680	1.676442	0.846124	-0.461967	-3.333188	2.332293	-0.151927	-0.901831	1.351586	2.880274	-1.055029	0.495461	2.438057	1.215698	2.032502	-0.270231	-2.435056	0.382027	2.040296	-0.146906
0.068232	-1.356730	-1.364359	-0.689220	-0.186354	2.201536	-2.538276	0.490583	-0.137303	-0.626726	2.232653	2.580287	0.040749	-1.750323	2.497727	1.815715	1.931056	1.361095	3.877782	1.884763	-3.095063	0.313559	-0.475776	1.135410	-1.712045	-2.079534	-1.341949	-3.486498	0.713467	-2.010016	-1.502050	-3.875601	-0.285536	-1.161179	0.502363	-1.200107	-1.034558	1.194442	2.665870	-0.047492	-1.194824	0.132809	-0.171956	-0.011901	2.008085	2.743343	1.227095	3.674532	3.843279	-2.821979
2.463257	-1.503534	2.199810	1.474595	1.069508	-1.070231	0.441230	0.253772	-0.781327	-2.383858	0.830037	0.297161	0.247315	1.780209	-1.808651	3.154731	2.764414	-2.519709	-1.559119	1.916531	-3.802690	1.855391	-0.278031	0.599700	-1.053930	-1.065453	2.572627	0.192942	0.180315	0.725904	-3.315563	-2.728368	-0.252114	0.294928	4.988011	-3.015435	1.560080	2.362654	-2.731436	0.515826	-0.792055	-2.122489	0.267121	1.558022	-1.609174	2.286697	-1.098673	2.319044	2.680778	1.631878
-2.078217	-2.666188	-2.797678	-2.369657	0.059068	3.213988	2.269986	-3.746970	2.556373	0.013106	-0.699678	2.462097	-0.407788	-2.535632	-1.646359	2.857093	0.795498	5.175846	-2.919003	1.955836	-0.438553	-0.226818	0.953684	1.817342	-1.238790	-0.773618	-0.075817	0.712894	0.533690	-2.724041	-5.335578	-0.297114	-0.438639	2.484488	-0.211873	-2.624519	1.005427	-1.136126	-0.820209	-0.913593	-1.002180	1.799754	0.052570	0.826920	0.019421	0.420143	-0.712719	-0.417922	3.418608	0.773010
1.287998	-0.169829	-3.068221	-0.929328	-0.182010	-1.032165	-3.903817	5.662406	-3.357046	-4.560769	0.873549	-1.202677	1.020550	0.566158	1.713894	0.703619	3.159738	-3.780626	2.925817	2.085066	-4.732186	-0.337651	-4.060777	0.085953	0.690932	-0.935426	0.327767	-0.607859	1.111876	2.659951	-4.613726	-2.461174	4.178483	5.638935	5.841178	-0.036712	-0.688311	1.809176	-0.178007	1.659686	-1.032343	-1.892067	0.209139	-2.280039	-0.376219	2.032788	-1.241427	2.692193	0.436315	-3.299168
0.678315	1.826660	-0.780981	-2.278740	2.705619	1.702558	1.960727	-7.144052	1.530456	-0.724771	0.906244	-0.537596	-0.473222	-1.630228	-0.304491	1.682002	2.279164	-0.753579	-4.749800	-2.294716	-0.604069	1.924726	-0.215720	0.117518	-2.856148	1.359148	-0.127841	0.196573	-0.180956	-3.926855	-2.958654	-2.327158	1.010414	-1.267679	1.618969	-0.960041	0.460707	0.585539	1.744851	-2.751718	0.183206	-3.675329	0.394693	2.968948	-0.346782	1.848332	-0.188490	1.553577	5.766283	3.073880
-1.098531	0.468550	-0.130945	-1.660699	-1.457617	2.088019	0.908997	-5.989275	1.974365	0.822884	0.452750	0.609528	1.408614	-1.157872	-0.250826	1.387465	2.585112	4.459371	-1.605548	-0.373232	0.700214	0.163669	-0.347086	0.514967	0.837107	-0.273261	0.013681	2.387989	0.444186	-2.024605	-2.079952	1.671666	-0.854202	-0.368220	-4.879017	-0.174640	0.325718	-1.481580	0.971534	0.347926	0.989910	-0.198080	0.261863	-0.247829	-1.421719	-0.448227	-0.571202	1.938110	-1.658271	1.419631
1.292236	0.215371	-3.354581	1.484354	1.878320	-2.036824	-1.068100	2.635411	-1.453202	0.138842	-1.610944	-1.450711	0.675395	2.917003	1.861008	-0.465328	-1.937921	-5.941901	0.968838	2.042114	0.245006	-1.130481	-4.070965	4.069915	0.064625	0.773433	-1.307107	-0.867349	2.039656	3.526505	-3.966476	-0.172603	1.121728	-0.232830	2.682759	-2.223081	0.409894	-1.546326	-0.219168	0.946657	-1.355195	2.830152	0.612094	-0.580720	-1.369458	-0.590641	-1.642058	0.924349	-0.621025	-0.769084
0.121438	2.240764	-0.719939	-0.878798	-0.645594	0.695293	0.337587	0.521174	-1.058812	0.050903	0.934148	0.565366	1.727024	1.927414	-0.308224	-0.005300	3.052244	0.336263	0.312129	-3.917363	4.818370	-1.575947	-0.215173	-3.142687	-2.110638	-1.272291	-3.070931	-0.104687	0.850326	-0.704596	1.275650	-1.405816	-0.653953	-2.330922	-3.902404	4.063197	-0.182526	0.343208	0.250626	-0.589482	0.163484	-3.364431	2.021306	1.550694	-1.709765	-0.230035	0.921890	0.200141	-1.116008	0.846362
2.363551	0.323460	-0.291389	0.814778	-1.776238	2.250380	-0.641771	-2.079088	0.101283	3.369583	-1.107988	-0.826147	-0.820101	-0.310357	0.396669	-3.161868	-1.678591	2.040044	1.461181	-2.352505	1.591825	1.233344	1.196181	0.823867	0.004138	2.775539	-2.015165	-0.389481	0.197630	-2.010112	-0.620838	2.427816	-0.867846	-1.461117	-3.415329	-0.048094	-3.141725	-1.334769	-1.709939	1.244248	-0.017271	-1.131739	1.794897	-1.435473	0.777929	-1.738539	0.927217	-2.448703	-1.755050	-4.412609
1.104654	2.518468	-0.093267	0.650837	2.060047	3.033589	0.742269	-3.882667	-1.229715	0.367101	-0.321065	-0.334039	-0.458082	0.500076	0.555721	1.344112	1.378243	1.909576	2.176709	-0.395190	2.307643	0.128605	1.888304	0.405563	-0.828198	1.025957	2.297921	0.258809	-0.684619	-1.737603	2.677821	-1.024091	0.618047	-0.403684	-0.767734	-0.396344	1.386638	-0.786317	2.580183	0.945182	1.141119	-0.523512	0.827257	0.565400	-0.970465	0.226765	-0.507869	-2.335529	1.876206	-0.659161
-1.263512	-6.121275	-0.149170	-1.018302	-1.908392	-0.300893	-0.644958	-5.514325	0.901405	0.655309	2.378102	-1.221860	-0.171452	0.372193	1.373504	2.422673	4.061881	-1.880185	-0.087457	4.827627	-4.238323	-1.540925	-1.542044	3.922901	0.191483	1.629492	3.823045	2.414277	-1.509779	-1.169705	0.862802	-2.718078	-2.675697	-2.886361	4.559733	-3.076190	0.568578	1.637337	-0.347361	-1.436403	-1.446965	1.833267	0.262114	0.122331	0.038279	0.676577	-1.662840	3.472236	4.855214	0.905648
0.968871	2.748968	-2.040518	2.706890	-0.055227	-2.363969	2.362873	1.881996	1.487569	-3.003270	-1.011349	-0.903278	-2.366520	-1.336552	1.036434	0.510551	-1.424844	-1.256533	-4.261149	-0.848984	0.140916	1.112792	1.430647	1.222711	-2.784960	1.868416	1.207701	-2.534752	-0.504598	1.742980	-1.812369	-1.448849	0.797237	2.891610	4.845508	-1.309182	3.278214	1.377522	-0.145085	-1.864378	-0.802710	-0.632869	-1.235787	1.651726	1.389383	1.664929	-0.394528	-2.467067	4.803449	1.095619
0.861267	-0.264001	0.747551	-1.381231	-4.215965	0.431806	-2.424664	9.419107	-5.557944	-2.976159	1.290206	1.969669	0.759695	0.799578	-0.695782	1.769724	3.594885	-1.129695	4.319071	2.099062	-2.156298	0.615556	-2.228154	1.037710	4.211391	0.185416	1.536789	-1.125350	-0.910859	4.515251	3.833231	0.843217	-0.410792	0.007137	-0.401153	-1.979512	-0.538199	1.642157	2.584754	4.745421	-0.835356	-0.361638	1.082444	-3.620162	0.768328	2.059050	-0.569019	2.092620	-0.145835	-1.879858
3.137585	1.445077	-0.992309	0.742259	-2.557939	0.456932	0.651400	4.854662	-2.181445	-0.587269	0.068067	0.145965	-0.126682	0.626833	-1.652828	1.097236	1.060299	-0.558841	1.984157	1.647926	-1.945595	0.675879	-0.888028	1.330348	0.790330	1.789151	-2.034028	-1.341396	0.669741	1.288675	6.311534	0.214235	-4.561432	-0.574619	2.337766	-3.367677	0.314099	1.425625	-0.044739	1.092366	1.114594	0.878554	-0.967901	-0.992587	1.108499	0.737006	-1.035854	0.054240	0.930332	0.092767
-1.465280	1.784101	2.997694	-0.022517	-0.408633	1.010440	-2.249977	1.511898	0.436451	-1.314548	1.682628	1.034882	1.733796	4.428322	0.692726	1.817961	2.576731	1.270009	0.871698	-0.757401	-0.688772	-3.398320	-0.683323	0.711718	1.704684	-2.079179	0.953243	-1.571364	0.061527	0.716055	0.358339	-0.002203	0.684043	2.598637	0.968727	-2.095221	1.335489	0.326155	1.437469	-2.660486	0.739196	3.241198	1.011715	-1.581009	0.717327	-0.112672	-2.821929	2.580277	-1.242550	-1.725584
-0.444146	-1.248789	1.676009	1.278256	-2.510723	-2.071238	-4.224150	2.521262	-2.357716	-2.613050	2.472421	-1.331367	-1.139444	3.025979	-0.794735	1.345757	2.450636	-2.494315	0.777289	2.026663	-2.567089	-0.532154	-0.950241	2.490155	5.575010	2.255129	0.105548	-1.062879	-0.374405	2.620518	-3.177429	-2.515069	0.480041	1.672657	1.483073	-2.803416	0.506930	3.074338	-0.041518	0.822116	-0.797466	1.824950	1.032381	-2.947920	0.468928	2.169928	0.273749	1.149024	-3.337092	-0.046841
1.186367	-0.089604	1.958445	-0.164233	-1.776034	-1.748620	0.693174	2.771076	-0.360304	3.098407	-0.866404	0.266425	-0.750036	1.466506	0.022620	-0.541630	-1.356328	-0.321681	-1.022700	-1.166696	1.264807	-0.052704	1.413739	-0.133268	1.393327	-0.510803	0.269369	-0.824277	-1.367481	2.443093	4.150638	0.093507	0.211150	0.098379	-0.896428	-0.915434	-0.558697	0.443365	-1.418765	0.797897	0.098942	0.956155	-1.187008	0.132434	0.777758	-1.347622	-0.218732	0.713538	-3.567385	0.834476
1.774370	1.524272	-1.492073	-1.485268	0.238028	-0.577835	1.353488	-0.870172	1.431166	3.129283	-1.514351	1.210504	0.470058	-2.437624	0.047822	-1.396299	-1.350061	0.098895	-0.610786	-0.481285	1.135535	-0.828371	-2.327202	-1.799831	-1.186428	-3.157725	-2.404737	3.135801	1.345450	-0.864756	0.907741	4.183621	-1.250997	-1.040764	0.917516	1.716641	-1.713602	0.491742	0.769153	-2.522734	2.569943	1.497897	0.707309	1.321334	-1.510113	-2.567040	1.236644	0.813856	0.411542	0.701105
-2.521815	2.926207	-1.443588	0.118255	1.413727	0.438100	-1.027224	-0.502413	-0.112089	0.996065	1.001328	-1.417990	3.276690	1.540819	0.310875	-0.460298	0.051710	-1.788535	-0.180879	-1.377396	0.747263	0.830933	-1.004922	0.419000	0.663344	0.043553	0.220206	2.909697	3.524657	0.459529	0.006785	4.616270	1.015087	1.181541	0.465257	0.095306	0.623402	1.049477	0.388111	-0.040345	0.454620	0.448227	4.339008	-0.924561	-1.768245	-1.810435	1.431497	1.950466	-2.073593	-1.726523
-1.473191	1.841852	-1.514864	-0.937853	-1.250823	-1.126019	2.895501	1.647235	1.677020	0.651759	1.289210	-0.408134	-1.186631	2.154365	0.365749	-2.401457	-0.193360	-1.104009	-1.709076	-0.209521	0.564907	-3.953738	0.158513	1.758623	-0.575744	-0.883843	-2.559575	-2.109608	-0.719137	-0.176015	-2.262102	0.693699	2.439478	1.924298	1.728203	-0.154213	0.222572	-0.899823	-1.535149	-1.486735	-0.835422	3.541008	0.728405	0.189033	1.015464	-0.328723	-1.681853	-1.947954	1.023117	1.945752
1.176107	1.396966	1.851298	-0.206633	-2.613624	2.137699	-0.341344	8.883117	-1.891128	-0.256859	-1.547004	1.392308	1.142480	1.497131	0.196220	1.107620	1.980967	1.583859	1.698295	-2.359106	1.293498	-1.140766	1.321196	-2.256137	2.787312	-1.835023	1.188228	-0.724171	-1.594159	0.641251	2.360370	-2.725633	-2.101353	-1.274532	-0.037931	0.108288	-1.582686	1.017407	-3.231110	4.346355	0.860696	0.226971	-2.505301	-0.932435	0.390252	1.914652	2.027284	1.263823	1.142375	0.039575
0.535724	-3.310710	-2.324076	-2.068181	-1.188062	2.594746	2.748447	-9.447651	4.654398	2.984507	-2.145717	0.136177	0.560869	-1.157652	1.413089	1.132517	1.298065	1.959391	-6.101122	-0.144287	1.774583	1.986275	0.645679	4.737977	0.245611	2.420169	0.075827	2.290062	1.571081	0.273843	-3.036083	-1.555478	1.920335	-0.404888	1.468542	-3.678875	0.025603	-1.213970	-1.608982	-4.876704	-1.697600	-1.521681	2.669836	-2.016651	-1.877773	0.628187	-1.269277	-2.484780	1.428445	3.154126
-0.326120	0.032932	-2.539247	-1.949268	1.122830	0.630912	-1.890129	-3.660851	-2.837721	0.252365	-0.700546	-0.904656	1.234512	-3.813936	0.289320	1.077856	1.394795	-1.498115	1.481801	0.816420	-1.825345	1.763066	-0.761504	-1.214277	-3.756183	-1.460281	1.026727	1.459210	3.270120	-2.907810	-0.025540	-2.570610	-0.364673	-2.009345	0.982724	-0.378952	0.381899	1.772868	0.976811	1.705112	-1.436317	-1.651727	0.961112	1.127794	-0.607148	1.869673	-0.484628	1.049331	1.099867	-1.264318
-1.473101	-1.746478	0.210012	-0.143259	2.066999	-1.301339	1.526426	1.201260	0.580537	-1.077069	-1.787873	-1.569102	-1.066087	-0.441053	1.586400	1.762279	-1.759959	-4.113907	-0.010670	0.033971	-0.467257	-1.116641	0.326124	1.852220	-0.063635	0.583130	1.446046	0.578618	0.675621	0.819444	-0.874832	1.217505	1.865173	-1.353283	1.673737	-2.157155	0.607845	-2.173102	-1.038751	0.929239	-2.280321	-0.232231	1.244217	-0.765705	-0.708748	1.219474	0.181011	1.742007	-1.265075	0.409137
-2.740231	-4.828131	1.250883	2.168211	-0.288189	1.843263	0.715073	-1.521835	2.373022	1.215021	-1.159932	1.771550	-0.952494	4.463078	-0.834402	-0.933221	-1.958494	-0.287698	-1.635307	1.791409	-1.592103	-2.629797	-0.050791	-0.163355	-1.127066	0.184081	2.009057	3.281959	-0.420084	-2.027246	0.570489	2.821750	-2.258453	-0.233458	-1.965477	1.563064	1.615312	-1.672945	-1.519616	-1.623271	-0.239124	1.260576	-0.676524	1.177285	-1.134787	-1.294297	0.386435	3.040622	1.441972	-0.874812
-0.229897	2.494688	0.623778	0.747240	0.180051	3.447734	-0.103180	6.324762	-1.256857	-1.934677	-0.542260	2.334209	-0.447972	-0.427274	0.491147	-0.257284	-1.052302	1.575517	0.499030	-0.220223	1.387386	-0.013349	-1.104460	-6.539861	0.906722	-2.451632	-0.179578	-2.149206	0.519771	-2.955368	1.048872	-0.424287	0.242403	1.905940	0.434562	1.580574	0.853564	-0.292792	-2.199583	1.164382	-0.751808	0.998446	0.899660	-0.194154	1.730556	0.194546	1.031575	1.557518	-1.240627	0.398499
-0.621776	-0.920423	-2.036814	0.077204	1.892023	-1.768787	0.477071	-4.947837	2.995174	2.911658	3.455702	-0.056350	1.054957	0.617675	-1.053095	-1.476615	0.334005	-0.806065	-2.367622	-0.599261	-0.229330	1.388184	0.779273	0.784161	-1.805249	2.710503	0.268727	2.334578	-0.464731	1.658865	-4.646540	0.782955	1.171307	0.078996	2.105193	-2.742150	0.917631	-0.176766	1.062957	-3.775647	-0.563347	0.023526	-2.714694	0.641959	-1.452748	-2.622162	-0.002695	0.117267	-1.302322	-0.491091
0.449269	-2.487537	-1.771414	-2.154640	-4.939386	2.138386	-2.717701	-5.940842	-1.102377	0.933582	2.720772	0.951132	0.322845	-0.608758	-0.641904	1.939151	3.302751	0.711819	0.701536	2.506209	-2.904056	0.284528	1.262391	0.387189	2.001821	-0.646932	0.824164	0.408022	-0.861132	0.552637	0.985472	-2.273401	-0.909225	0.286504	2.341544	1.247175	1.247244	2.653687	2.716150	-0.981591	-0.980956	-0.872755	0.038151	-2.468478	0.780849	1.561839	1.774474	0.175679	0.749836	-0.240830
1.630849	0.403539	-2.158682	-0.253159	1.415984	-1.661011	1.234296	-0.156743	0.429072	-0.117142	3.702606	1.370521	1.906979	0.970082	-1.929123	-0.784480	-0.619595	-1.840387	0.865768	-2.078702	-0.451935	0.114814	-0.786297	-1.351579	-3.597531	-3.149437	-0.317878	0.733881	1.649098	-1.128521	-0.818173	1.464243	1.113080	-3.474800	4.412955	3.086586	-0.225690	0.715666	-2.928399	-1.320072	1.975583	0.641495	2.416471	1.848217	-0.186014	0.155541	0.858947	0.496097	2.521495	0.097297
1.747712	-1.729706	0.210184	-0.973323	2.927057	1.384749	1.448944	-4.681629	1.066954	2.364823	-2.346729	1.939746	0.194778	-0.579107	0.096492	2.743966	1.920126	-0.664612	-1.876213	-1.755560	1.898259	-1.316244	0.643170	-2.222697	-0.549000	-1.643749	-2.563275	2.744490	0.382936	-1.437549	-4.274196	-1.997634	0.438708	-0.209707	2.514965	2.485631	0.653157	-0.171990	-0.989820	-1.849703	-1.870815	-0.271523	2.019066	2.548146	-2.225573	0.347542	0.193223	1.117999	2.654916	1.014128
0.195929	-0.707542	1.422625	-0.987097	-1.417878	-1.469932	0.419228	3.777011	-3.199926	0.880300	1.237257	0.815148	-0.724683	-0.991849	-1.708768	1.707165	3.215030	-1.563495	1.002685	1.139220	-1.102576	-2.041680	-0.479260	0.588100	1.168733	0.176846	1.949976	3.109414	-1.919617	3.766819	-2.586878	-2.469160	0.588539	-0.978139	3.183166	-1.951610	2.004595	1.216554	0.868377	5.771593	-0.436985	2.993271	-2.215789	-1.362939	-0.131135	0.598072	-1.033215	3.835837	1.137438	0.556092
0.255707	0.880245	-0.170076	1.038482	-2.071129	2.304721	-3.117708	2.121004	0.247025	-3.995525	1.332989	1.207117	0.542873	-1.578147	-0.291186	2.514988	2.678117	3.409339	-0.750380	1.312826	-0.838205	1.323646	0.162860	1.218333	2.652361	1.530519	1.514736	-2.900971	-2.074664	1.075151	-1.223389	-2.711699	-1.976179	-0.787978	2.208723	-0.964727	1.935138	0.801591	1.347616	2.468853	1.553527	0.824104	-1.423091	-2.688106	1.355698	4.192008	-0.778067	0.922989	0.377067	-1.417425
-1.063164	-0.529151	-1.345986	-0.005978	1.063953	-0.280876	0.004931	-4.129286	2.744352	1.948116	-2.435405	0.823925	0.431691	0.774529	-0.502115	-3.110240	-6.181024	2.665765	-2.651625	-2.356755	1.684636	-2.667123	2.338269	-3.081393	0.875710	-0.100877	-1.666169	0.504072	0.959280	0.061523	-4.667340	-2.063234	-0.415549	1.138763	-5.065849	4.997838	0.148367	-1.530249	1.113466	-4.635950	0.415047	1.716644	1.216185	-0.065363	-0.193326	0.006865	-0.601626	-1.145172	-4.496673	-2.917852
-1.997201	4.312316	2.458264	-0.295260	-1.289602	3.252634	2.469328	-2.216547	1.759176	0.389739	0.063380	2.856339	3.009223	1.192454	-1.254968	-1.127106	-2.302239	4.160182	-3.977219	-0.760192	-0.155363	-1.886337	-1.845083	-5.431306	2.200241	-3.878509	-0.658127	-2.129618	2.232391	-0.021016	-2.173628	1.067370	0.078023	0.336478	-4.369564	5.709788	2.006495	0.861094	-0.891364	-4.249670	0.922786	-1.524330	1.974957	-1.304944	0.160060	-0.817816	-0.107248	1.028914	-3.931902	2.526744
1.256550	-1.412373	0.464421	-1.535429	-2.832974	0.310314	-0.929192	-1.250152	-1.264711	2.428952	-0.774147	-0.188574	0.175657	-2.079347	1.473567	-1.105925	0.607899	1.821647	0.897345	-2.332394	3.863919	2.549610	1.009392	1.821187	1.703475	0.802713	-3.000072	1.882178	0.581414	-0.296129	9.928982	6.017560	-1.856723	-1.559437	-2.734716	-1.243254	-1.713601	-0.260220	0.438540	1.113320	-0.908648	-1.047774	3.456267	-1.578530	0.123306	-2.655875	-0.334920	1.422526	-0.753286	-1.016266
0.545179	-1.323378	0.493643	0.094343	2.014607	-2.467205	-0.070236	-4.679169	1.527775	2.560787	-0.892057	0.980512	-0.538511	-1.440411	-1.162687	-3.136913	-5.020606	-2.342527	-1.477695	-0.208945	-0.863288	0.995300	0.507075	-1.637682	2.437650	-1.708284	-0.338382	1.022586	-2.121238	0.317356	-2.447757	0.076648	1.603862	-2.626273	-0.545919	1.723333	-0.437287	0.729976	2.162346	-0.926376	-0.627665	-0.919214	-2.859484	0.537250	-0.197314	-3.032424	-0.195325	-3.569312	-2.250725	1.401034
-2.975049	-2.294790	-0.563490	1.135277	-0.122955	0.106974	0.637079	0.164100	2.668669	-3.381487	-1.432682	-1.339868	1.108864	1.121265	-0.805529	1.521350	2.452850	-2.809120	-2.091766	1.837745	-1.184299	1.266679	-2.788995	0.989058	-0.118556	0.987297	2.891917	-1.348478	2.330229	-1.142057	-4.472658	-2.174320	-1.556778	3.531367	1.152952	0.498108	3.447553	0.070750	-2.815178	-3.131402	-0.003872	2.306765	0.369933	0.294230	0.854274	3.086019	-1.219078	3.943777	1.168219	0.695366
-0.018650	-0.943045	0.880320	2.442170	-1.104961	-0.161278	-2.743016	4.004762	-2.334006	-1.447043	0.562559	1.204457	1.166358	1.196169	1.009811	1.453493	1.287487	1.995005	2.485980	-0.358564	-0.789490	-0.071103	0.728632	0.690720	0.556705	-0.061473	0.397220	1.194676	0.019942	0.710263	1.388318	-3.716617	-2.821092	-0.641921	-1.099449	-0.198346	-1.208744	0.954044	-1.854262	1.689294	-0.506233	-0.819397	2.725002	-0.796856	-0.625604	1.301405	-0.415407	1.446938	0.056935	-1.959298
1.692081	-0.494547	-4.785140	-2.000524	0.975058	0.939830	-2.871264	-1.924543	-2.010883	-0.874895	1.786390	0.497626	0.641326	-4.398195	1.479544	-1.571531	0.922590	3.130392	2.817184	-0.038606	-1.185012	3.193667	-0.106819	-3.291409	-3.363314	-1.431753	-0.742253	-0.155118	2.262068	-3.019510	3.758236	-1.076175	-0.452233	-1.073613	-3.127109	4.047128	-0.523029	1.557410	1.674144	1.759200	-0.751408	-0.524835	2.070096	1.870266	1.462114	0.245393	0.078266	-1.998388	-0.559550	-0.155030
1.410507	-2.538138	-0.182282	-0.212915	-1.476255	0.594876	0.725202	-0.057247	-1.650154	5.024819	-1.198733	0.640809	-0.648139	-1.195938	0.142291	-1.642802	-1.573525	-0.245545	-0.229570	-1.672909	3.242859	-0.094738	0.832817	-1.279808	2.000844	1.060784	0.565575	2.360807	0.459931	-0.344230	2.873590	2.628109	1.430667	-2.011234	0.380164	2.164201	-1.275383	0.393995	-4.236786	0.183281	3.333197	-0.449270	0.679368	-2.608821	0.265766	-2.125942	-0.329567	-2.870859	-3.822911	-0.740198
0.568508	-0.531247	2.421705	-0.265237	0.509652	1.723045	-1.236950	-1.970005	1.522999	0.383991	0.444335	-0.673111	0.240745	1.956637	-2.642083	-0.062288	-0.017075	-0.689896	2.423381	0.780540	-0.424537	-1.145862	-2.110423	-0.764163	0.027058	0.085108	-0.313295	-0.703081	-0.215483	-3.117401	-3.403009	1.030605	-2.133895	0.561038	-1.721726	0.576505	-0.732894	0.077352	4.275337	-2.198975	1.305603	2.638889	-0.810202	1.062724	-0.390246	1.156319	0.180126	2.448760	1.745526	-1.321212
0.134071	-0.447558	0.332530	-1.350918	2.021608	3.206250	0.970135	-2.968736	-0.818369	-0.648902	0.504670	-0.429075	-0.086518	0.698710	-1.601195	1.118707	-1.899149	0.171394	-0.768526	1.338712	-1.215664	-0.448705	-1.614272	-2.357594	-1.762601	-1.213993	0.025054	-1.045391	0.633747	-6.249297	-2.583604	-2.326264	-1.078654	-2.942471	-0.701102	-0.882847	-1.696993	-1.632225	1.518400	-1.155723	0.726850	2.804597	-0.879470	3.040905	1.539819	0.778981	0.659530	0.172559	3.467411	-0.696024
-1.326154	-0.616510	2.435338	4.002949	-3.120095	1.501517	-1.047622	6.383824	-1.131866	-0.174260	0.846470	0.362966	-0.524896	5.669767	-0.921880	0.688431	2.168055	-2.583643	0.326810	2.082651	-3.013170	-0.682479	0.333632	0.343496	1.593752	-0.038403	-0.826745	0.665477	-1.843055	3.598056	2.236843	-1.856996	-0.740827	2.137932	7.035116	-1.284404	0.702697	1.406290	-3.338890	1.791754	0.519393	0.170887	0.342230	-3.486872	1.219505	0.852663	-0.688163	0.341264	-1.269194	1.296214
-0.741228	1.265404	-0.304983	0.376091	1.917083	-0.375789	1.025574	-0.634937	1.081125	2.306863	-0.319895	2.627225	-0.554380	-1.780462	1.747012	1.056108	-0.562402	0.584210	-1.229503	-0.469836	1.948550	0.155244	0.096460	2.770314	-1.028257	-0.311122	-3.159027	-0.773233	1.048504	-0.708477	4.776375	-0.946973	0.450328	0.615154	0.947083	-4.603351	-0.544985	0.140179	-3.743825	-1.526991	-1.890563	0.346333	0.287230	1.576643	-1.433688	-0.093631	0.134803	-0.712749	3.483720	0.446537
-1.954611	0.341184	2.246111	1.209062	-6.396181	-0.949948	-4.676572	-2.207705	-1.662094	-2.659647	-0.069285	0.573864	1.789521	3.713758	-0.406857	2.606276	3.883135	-4.865358	2.398916	2.829103	-3.666339	1.284623	-3.975635	3.489685	6.165144	1.140555	2.398840	-2.276838	-1.469325	2.782630	-5.124424	-5.841096	-2.605885	3.459752	4.590018	-1.433627	-0.665471	1.574975	-1.816456	-0.767975	-2.485130	-1.170584	-0.600695	-5.398541	1.769507	2.789692	0.352667	5.212213	0.688406	-2.223061
-0.742765	-2.900591	-1.311812	0.183980	2.322355	-0.151905	0.591734	-3.659648	2.617477	-1.186411	2.379651	-0.279930	3.165081	-2.757591	0.602867	-1.338917	-1.818641	-0.832359	-3.785350	0.666112	-0.919472	3.115202	-3.459900	-0.253297	-1.317935	1.989029	-0.322470	0.635176	0.796185	-1.334945	-0.525200	4.279328	-0.385592	-1.475573	-0.321377	2.606526	-1.383310	1.465742	1.290713	-3.286375	-0.154337	-0.665355	-1.264313	1.477080	0.308097	-2.885701	-0.401622	2.749431	-1.153236	1.957547
0.233831	0.197326	1.041615	0.818965	-4.876216	-0.159386	-1.922513	6.335702	-3.446595	-2.176188	4.635181	2.598221	-0.497417	1.467002	1.146882	-0.416624	2.356074	1.031882	0.423279	-1.824323	1.075865	1.436948	0.426781	-1.432164	2.296220	-2.100974	2.153232	0.077481	-1.192743	4.104840	7.707099	-0.552718	-1.645610	2.449798	1.525563	0.737086	0.229090	4.172057	1.087989	-0.012087	-3.495578	-0.560944	-0.583086	-2.685230	-0.019966	1.799470	-2.144008	0.500700	-1.520361	0.871313
1.749554	3.034456	-0.826478	1.191548	-2.947718	0.360287	0.360316	2.282539	-0.125678	-0.149637	0.596506	1.836383	-0.370592	0.836595	-0.301681	-0.709392	2.193364	3.000817	-1.009838	-0.868464	-0.142777	-0.603683	-0.510124	-3.906542	0.795875	-2.190149	0.733480	-1.568187	-0.516857	0.970967	-0.389850	0.074576	-0.194250	2.154918	1.634829	5.561878	-0.569883	3.116766	-0.210156	-1.815566	-0.544263	1.161666	1.196949	-2.271755	0.323752	0.371469	-1.978313	-1.084970	-0.807338	2.130448
1.441857	-0.166674	-2.356632	0.129903	0.430951	0.509778	-0.681095	-0.112044	1.814686	-1.453961	-1.826987	1.625899	-0.149059	-0.185088	-0.935188	0.629380	0.050077	-0.640570	-0.780325	-1.552401	1.262808	-0.469880	-0.266054	-1.080341	2.963216	-1.206797	-1.269848	0.176670	2.570736	4.198419	-2.947621	-0.438199	-0.584709	1.083699	4.200681	-3.029543	1.034378	-0.955830	0.437236	-0.940441	-1.247622	-2.487623	2.017108	-3.386560	-0.986217	1.672016	1.466673	1.585622	-5.068798	-0.580984
0.993109	-1.530680	0.637507	1.508758	-2.096934	-0.340522	-0.532781	4.946719	0.230763	-3.736301	4.118782	3.734259	0.281433	1.349555	1.083862	-0.261449	-0.105198	2.688921	-0.692035	-0.217388	-1.754192	0.082161	0.651127	-2.367617	0.486840	-2.982170	0.381747	-0.381146	0.188398	0.543531	0.206190	1.239527	-1.642664	-0.041102	-0.662004	1.208375	-0.173458	2.443201	0.655027	0.444666	0.402625	-0.483790	-0.253073	-2.116879	-0.273471	2.006838	-1.072115	2.814711	0.501089	0.414858
-1.731433	-0.079602	-0.530502	-0.962207	0.551312	4.334419	-1.859683	-4.297815	0.276372	2.159075	-1.899990	0.442717	0.009879	-0.752841	0.555007	1.523669	-1.711936	3.143908	2.547085	0.236668	1.425230	0.239649	-0.057020	-1.310833	-1.014724	1.826911	-0.919756	1.681358	1.188888	-3.746501	0.923138	3.553643	-0.550248	-2.098312	-2.474910	-2.094758	-1.674427	-0.781279	-0.453772	0.276304	0.485142	-2.313553	0.168580	1.136584	-1.391459	-0.067267	-0.279664	-2.385792	0.288214	-0.240072
0.920052	4.648336	-0.461700	-0.437614	0.731518	-0.491597	1.338002	5.447665	0.496560	-2.854543	0.501984	0.435275	0.206193	-1.383404	0.924969	-0.409888	-0.274524	-2.801465	0.726923	-2.968148	4.707278	1.839749	-0.862338	2.293575	1.078589	-0.714800	-2.651367	-0.689730	0.531127	3.834542	1.199386	-1.730732	1.012753	2.897415	2.116564	-1.110077	-0.762526	-1.458877	-2.419672	-0.063131	-0.458821	-0.728613	-2.159546	-3.374738	0.931411	0.306708	-1.858833	-0.058355	-1.358274	1.884554
0.099716	-0.483492	1.633233	-1.719143	-1.631409	0.063771	-0.814283	1.703568	0.244303	-2.068534	-0.947908	0.003941	0.434984	-1.809576	-1.371577	0.175552	0.494449	-2.662185	1.312189	-0.246347	0.140297	0.358487	-1.470387	-1.800483	0.498194	0.946651	0.668384	-1.166523	-1.693817	-1.582216	-2.177806	-3.060516	0.034157	1.321530	1.851075	0.444163	1.057308	0.210303	1.280918	1.251069	0.914383	-0.073919	-0.760605	0.044398	0.589149	2.021095	0.751791	1.400014	-0.241989	0.774586
