X49	X29	X45	X30	X18	X9	X32	X36	X14	X37	X1	X19	X3	X43	X20	X6	X5	X28	X13	X15	X31	X44	X16	X4	X7	X2	X25	X35	X33	X41	X21	X42	X22	X26	X38	X12	X17	X23	X10	X50	X34	X39	X40	X11	X8	X46	X27	X47	X24	X48
0.999306	-2.424062	-1.390639	0.052957	-0.077831	0.011529	-0.223432	-3.315791	0.516444	-2.422307	-0.393389	2.290818	-0.582820	-1.377555	2.806727	-0.253473	1.988155	0.277556	-0.094423	0.273243	0.322944	0.760808	-1.602874	0.541917	-4.403857	1.030480	-0.268590	0.558296	-1.671346	-1.801870	0.026191	0.527293	-0.338153	0.058928	-1.083321	0.102161	-1.665266	1.766860	0.156423	3.060934	-1.821427	-3.572127	-4.830425	0.899853	-0.281289	0.354666	-0.567705	1.211805	1.079785	0.322550
-2.732713	1.068175	-0.491898	-1.293045	-1.245484	1.529506	-3.502705	1.084748	0.127825	-1.304420	0.606806	-0.548635	-3.009264	0.949939	0.264170	4.289839	-1.684392	-3.398490	-0.459557	1.558356	0.645929	-2.455057	-0.419385	-1.451228	1.810699	0.701519	0.034665	-0.590879	-2.413729	3.097512	1.546499	-0.251007	-0.422326	2.920717	-2.245120	-1.099011	-0.088080	0.904123	2.462114	1.911290	0.967378	4.197898	-0.222367	0.082006	0.187467	2.831908	0.337862	-2.778337	2.935011	0.334509
1.451864	0.638326	0.426312	0.649847	0.553802	-3.315810	1.619069	-4.947295	-0.348511	2.735983	1.302375	0.907986	-0.552982	0.155569	1.578443	1.381878	1.174386	5.746001	-0.311565	0.859918	1.643024	-0.386357	-0.190584	1.228167	0.070982	-0.249813	0.855146	0.002493	3.552226	-5.136867	-4.608390	-1.370236	6.401410	0.286683	1.720892	1.986418	-0.256118	0.114220	-1.637700	-0.790823	-0.523289	-0.649168	0.281205	-1.408027	0.097319	-1.347008	-0.287199	1.669026	-1.628469	-1.478436
-1.308382	2.433902	0.302654	0.073495	-1.383825	-1.642126	0.130424	-2.678675	-1.637445	3.399122	0.630017	-1.730732	0.083447	1.555097	1.004270	3.023294	-0.177465	-0.061276	1.977595	1.405843	1.787104	-0.979700	1.889676	-1.067569	1.363973	0.838751	-1.678220	-3.808837	1.592357	-1.271699	-0.116449	1.065178	1.394351	2.542248	-3.308018	-1.975753	-1.148441	-1.818488	0.341661	-0.342924	-2.239057	3.064484	3.200069	-0.004970	0.362392	-4.071182	2.041315	-1.730849	1.566089	0.201726
2.834083	-1.288567	-1.052060	-1.083379	0.832801	1.422135	-1.464102	1.367852	-0.050864	-2.122184	0.820291	-1.645753	0.274873	-0.453057	-3.490178	-1.142666	0.102549	-2.452945	-0.312376	-0.080250	0.316453	-1.319723	-1.911243	-2.147402	-0.985172	-0.764635	-0.180423	-0.935669	0.523552	4.383238	-1.286301	-1.849169	0.045309	3.534946	-5.417340	1.652499	0.664085	1.007919	0.227832	6.271939	-0.967863	1.161365	-3.587421	1.904430	1.485630	-2.280567	1.277718	-2.773259	0.582975	-4.473859
2.641894	-2.249963	0.094753	-1.232479	-1.344886	-0.286728	0.090009	0.934082	1.179966	-2.356329	1.271042	1.568745	1.499383	-1.244501	-1.375405	0.604194	-1.941787	-0.305251	-1.273988	1.591128	0.391977	-0.352989	-2.493610	2.612968	0.141324	0.310427	-1.217775	0.872973	-2.540585	2.537205	0.468415	-4.130601	-0.791130	-3.488447	3.206731	-1.045017	0.546707	-0.081924	-0.508891	0.226823	-0.799109	-1.184733	2.191624	0.629139	-0.300270	2.703890	-0.653698	-0.701060	0.801675	1.094502
-5.273303	-0.005859	0.414950	0.000192	2.759600	0.590250	-1.060793	0.012014	1.706876	0.778869	-1.701156	1.745321	-3.558086	-2.747057	2.026006	-3.173284	-0.988253	-0.025487	-0.461407	0.943333	-0.370770	0.654267	-0.737822	1.729871	0.448374	1.048294	0.193845	0.596995	-1.637635	-0.992729	-1.626514	1.631424	1.653972	-0.224683	1.939573	-1.158027	1.162209	0.819097	-0.926687	-4.920021	1.635875	1.658435	1.902029	0.995191	0.576472	0.350876	-1.776923	1.579544	-1.961714	1.633407
0.741378	-2.540478	0.098468	-0.324288	2.551606	-0.009770	2.856435	-0.924346	1.235376	0.591874	1.604531	1.232906	-0.648141	-1.200479	1.945777	3.306472	-0.233328	2.819125	-2.158497	-0.886164	1.021327	1.019594	-0.357706	-1.352016	-1.464487	-1.314133	0.289559	-2.669919	1.256728	-3.099353	-1.563957	0.888138	1.044248	0.687182	-0.046744	0.613339	1.217198	-0.250843	-2.029072	2.800039	-1.414506	0.628334	-0.635296	-1.434039	-0.263725	1.854974	1.184623	-0.249820	-1.588473	0.551617
-2.007984	-1.532527	-0.699385	0.120596	1.968589	2.648487	-2.455888	0.767263	0.772397	1.376360	1.432578	1.607432	0.313072	-2.866319	3.973155	2.950087	0.259962	-2.001348	-0.343337	1.998683	0.994985	1.326079	1.363321	-0.211841	0.491184	-0.050858	-4.487853	-1.976305	0.045214	-2.563940	1.707534	2.898414	-0.691719	-0.291434	4.151892	0.257475	-2.030241	0.303165	-1.089483	-6.082140	0.868313	7.791096	-1.855170	0.829816	1.387352	1.159608	-0.049619	-3.802742	-1.321992	-0.820730
5.007141	0.733015	1.080970	0.310225	1.962094	-2.119105	3.266978	-4.646311	0.439263	2.302995	1.380318	0.355837	0.645151	1.114228	0.114472	0.861238	2.452781	1.588460	0.294388	-2.330247	2.547534	-0.179227	0.417669	-1.598918	-2.570688	-1.271071	-0.382454	-0.398314	1.864383	-2.944121	-1.771942	0.441911	1.465717	1.751012	-0.501486	1.400508	1.517695	-0.229741	-1.079244	4.339080	-0.392843	-0.302524	-0.377232	-0.303227	-1.544924	-6.380459	4.535310	5.015110	-0.427230	0.339065
2.266660	0.883575	-0.411295	-2.728117	-0.637985	0.612439	-0.427848	1.117652	0.823938	-0.786111	-0.975148	0.502629	-0.225069	-0.265538	0.834279	-3.123357	-2.016634	-3.557822	-1.041088	-0.180972	1.227668	0.325943	0.172910	-1.926538	2.787613	0.538801	-1.261498	-1.626925	0.505229	2.041274	-0.729933	-1.484348	-1.036468	0.993246	3.166328	-0.959905	-2.947617	-0.548683	1.431278	1.685039	2.655852	-0.057872	0.397830	0.980479	0.156445	-2.996028	1.695981	-0.242006	-0.643483	-1.054203
-1.625962	-0.625946	-1.946048	-0.150132	-2.924650	-0.153178	-4.431495	-1.342426	-2.724652	1.999825	2.167765	1.183218	-0.695143	1.317734	0.415255	2.273203	-0.113800	-2.914098	1.757364	-3.024613	-1.615644	-2.759278	-3.864341	-0.697519	2.919431	-0.991716	1.593363	1.906775	-1.548188	3.076600	-2.499037	0.904304	6.086912	0.360923	1.338877	0.136426	0.741811	3.573043	2.916156	-1.480888	0.867437	1.040589	-2.488188	-0.329427	2.019016	1.441694	-3.457885	-1.944220	3.557469	0.625954
-1.767449	1.083697	-0.988157	2.359778	-1.586418	0.583038	-0.573439	-1.764123	-2.820425	2.932536	-1.962062	-1.847840	-0.397115	-0.260579	-0.745699	1.057734	1.063114	-0.159728	2.994318	-0.642882	0.734100	-0.747437	2.495282	0.165931	-0.272371	0.504715	3.771474	-1.223078	-0.528930	0.520269	3.197473	3.079288	-0.322297	-1.620494	0.925151	3.277194	-0.877659	2.165857	0.548943	-1.051121	-0.373470	-5.130457	-3.844956	-0.929075	0.182347	-2.410768	-0.641850	0.217530	1.049232	-2.058515
-2.684588	1.650161	0.774267	1.452457	-1.032069	2.544368	-1.897724	-1.679815	-0.323721	-0.565502	-2.295472	-0.792677	-1.549748	-0.210008	-1.344644	-3.956268	0.417725	-3.156073	1.066561	2.307829	-1.055059	1.506856	0.964519	1.365904	-0.431944	1.106259	4.779484	2.783171	-0.585640	0.431630	3.370452	2.326835	-3.475841	-3.080304	3.482818	0.623465	0.098097	-0.839232	0.507067	-2.635828	0.476463	-2.294568	-0.999244	-3.140197	-0.319532	-3.010937	0.698262	-0.007125	-1.240058	-0.279009
-1.023679	3.306700	1.100588	-0.432064	0.485485	-1.718989	-2.420125	-3.331240	-3.969824	1.709254	-0.980532	0.732275	-0.896191	0.752673	2.350725	1.569382	1.207492	0.578904	2.726177	0.421638	0.774253	-0.980849	-1.780260	-0.762874	0.231523	1.336289	3.802463	0.619599	-2.032720	-2.135963	-0.488670	-2.554397	3.775008	-0.278226	0.970674	-2.407769	-0.587687	-1.164224	1.649095	-2.186916	-0.126073	4.360708	0.544069	-1.311485	1.349599	-0.610791	-0.480563	-1.531197	-0.589273	0.742516
-1.343363	2.703885	0.235509	-0.054410	1.178551	-1.312397	2.420982	-2.141322	0.367997	-1.693325	-1.907822	0.421642	2.229843	0.062056	0.446607	-0.443358	1.259580	3.792989	-1.703184	1.388704	0.523146	1.395503	1.122745	-0.025983	-0.528613	-0.705892	1.785516	-1.071772	2.772210	-2.487645	0.665693	-3.590680	-1.132541	-1.340868	-0.885048	0.320237	-0.825298	-2.161499	-0.291836	-2.447665	-0.313345	1.463003	0.582577	0.288591	1.558779	2.407507	-1.485257	-1.021809	0.509003	-1.796664
-0.362481	-1.121958	0.892874	0.422902	-1.621252	1.997866	0.013767	4.007645	2.322154	-1.180044	-0.110834	-0.704806	3.276918	-2.676283	0.495186	-0.469149	-0.768539	-1.790349	-1.556847	-1.113232	1.981133	1.288251	0.069474	0.692781	-0.729230	1.194252	-0.133604	-2.736992	-0.957956	1.503011	0.713769	1.840085	-0.687360	-1.133572	-1.214835	-1.542933	-1.715318	1.351140	-0.533499	-2.634774	3.686948	1.358340	-0.726105	0.669322	-0.232043	0.361485	-0.420995	-2.335099	-1.142444	0.478899
1.070377	3.729354	1.229721	3.956809	-0.211492	0.844112	1.173993	4.216627	-2.372611	-1.313498	1.078772	1.961971	0.779554	-1.003845	-0.232046	0.832043	-0.105968	0.599250	1.590862	2.073237	0.152731	1.330454	0.210038	-0.786789	-2.693960	2.452532	1.758465	1.038062	3.466432	-0.836133	0.567348	1.631535	1.193902	-1.299369	-1.366733	2.383382	0.522324	-4.845621	-1.294318	0.179210	-3.705267	2.289996	-0.374908	0.530395	-1.154370	-0.233230	-0.825525	-1.482773	-1.033836	2.375113
-4.321757	3.248550	1.173596	-3.024683	0.148727	-3.196899	-2.241808	-4.991961	-2.767645	0.880620	1.701730	-3.039876	-2.862999	2.755999	-2.186466	1.553195	0.322489	1.259824	2.072818	-0.874089	1.620097	-0.617427	-1.730999	3.388990	-0.385840	-3.118208	4.627637	0.183179	2.835039	1.426034	-0.826051	-1.958159	1.434189	-1.372894	0.158587	0.489616	0.488153	-2.506425	-0.107437	-2.936302	-0.240047	3.977721	3.271154	-0.542416	3.492795	-1.156772	-2.410671	3.099392	-0.319826	-3.008591
-3.377363	5.609304	1.241129	-0.789432	-0.160450	-0.017083	0.470734	-1.714570	-2.345534	-0.186885	1.498790	1.536778	1.780901	1.890881	1.768656	-0.542408	-1.646112	0.966554	0.536339	3.113648	-1.953259	1.032409	-0.515933	-1.779806	-0.244682	-0.935499	3.391342	0.589646	2.812450	-3.340297	-0.703275	-0.220760	0.478521	0.965702	0.138534	-2.583310	-1.080372	-5.534609	-0.070961	-4.069037	1.461408	4.121973	3.800021	0.695901	0.163674	-2.735506	1.568118	-0.617226	-0.369724	5.051948
3.988051	-2.301801	-0.044299	-1.113012	0.069027	-0.738126	2.440318	-0.079084	0.397836	3.254371	-1.021593	3.273643	0.751838	-1.506288	1.669390	-1.646399	0.677874	3.456786	-1.580265	-2.570972	-0.108688	2.550844	-0.029764	-0.725634	-0.831088	0.068932	1.158347	0.900044	-0.050048	-4.151083	-2.597451	3.039024	3.658652	1.312294	-0.450809	-1.080820	-0.676551	0.624965	-0.891603	2.434760	1.115497	-1.645956	-2.375558	-1.340484	-0.972434	-2.360822	1.177666	-0.183465	-0.526491	-3.262356
-1.917119	-1.926528	1.268485	2.892495	-0.346306	-1.325151	0.547686	-0.262754	0.998267	0.017379	0.273624	0.269528	-0.010811	2.956981	0.650410	1.992453	0.229026	1.586031	-2.140056	1.839293	1.937480	-0.248815	0.372447	0.054693	-0.793786	0.218440	0.013229	-0.693880	1.794898	-2.621276	-0.710493	-2.341310	1.604200	-0.212306	-1.333716	-1.406787	-1.484813	-3.184391	-1.719354	0.436917	1.683270	5.113364	0.886050	-1.310634	0.732687	0.280690	-0.115062	-1.356475	-0.816678	1.704100
5.904340	-0.718819	1.126665	-0.349783	2.449044	-1.935770	2.867653	0.104803	0.626655	-0.628214	-0.619091	-2.504796	-1.181009	-1.217586	-0.181403	-1.142595	2.191595	3.514287	0.578130	0.113316	-0.111506	-1.875003	-1.864757	1.508301	-1.723250	-0.554414	-2.575685	0.360059	-3.145091	-5.227975	-1.500528	-2.138505	1.854778	-2.032599	-1.241268	-2.078704	0.410655	0.103778	-0.572670	5.531698	1.457985	-2.136627	2.311718	-1.816225	-2.428599	0.590911	-0.025026	3.198828	0.687386	0.803177
1.888908	-2.893265	0.236886	-1.114465	-0.653618	-2.013277	0.505223	3.466569	0.402522	-0.268251	1.137881	-1.901178	0.387553	0.684060	1.071190	1.276897	1.002801	-0.658812	-1.096859	-2.990774	1.307596	0.691139	-2.322751	-0.934440	-0.334838	-1.585322	2.208842	2.553446	-2.393901	0.254708	-1.821714	-3.243750	2.218214	2.473878	-6.491401	-1.386142	2.676402	2.767845	0.398028	5.554068	-2.293055	1.270549	-0.654973	1.457344	-1.811619	0.603969	-0.835993	-3.780310	0.413394	0.270659
3.520935	-3.914336	0.497874	0.728846	-0.030472	0.798939	2.139989	-3.064397	0.374593	0.548488	-2.191023	0.781336	-2.439903	-1.607955	-0.672047	-0.532942	1.181578	0.583528	-0.317177	-0.775926	1.961734	-0.362149	-1.367874	-1.451946	1.180190	-0.044682	-0.171810	0.186347	-4.176161	1.059073	1.256541	-1.501170	1.311436	0.668438	2.379258	-2.986960	0.354378	5.036891	0.919345	2.288303	-0.550488	-2.827688	-1.406993	2.993046	-1.389810	-2.627317	2.352637	1.292390	-0.000523	0.151503
-2.081764	-1.287791	1.578938	0.469419	-0.409111	0.135672	-1.169523	1.400665	-2.648884	2.454347	-0.360573	1.459516	-0.416801	-0.244403	-2.812650	-1.358175	0.231026	-0.806522	1.924010	-0.569260	-4.344933	2.983698	3.400777	1.593163	-2.474812	0.653824	1.417349	3.238351	-2.410430	4.941233	2.307661	1.790722	0.702925	1.397207	-0.681069	-1.701645	-0.371686	2.256524	-0.831819	-2.485793	1.167618	-2.524500	-0.937041	3.751124	0.540273	-1.057319	-0.920095	0.745185	2.921204	0.541709
2.179499	-3.697931	-1.361757	0.113213	1.837355	1.553666	-1.259713	-0.061999	-2.849596	1.753496	-1.380548	2.767306	0.199504	-0.130990	1.940149	-1.393648	-0.063208	0.409697	1.471500	-2.486014	-1.558859	2.383840	2.038332	-1.267290	-2.506993	1.084554	-0.104506	2.838457	-3.745227	-2.295028	1.205769	5.353126	1.977265	1.605339	-2.507619	-0.841009	1.146818	5.372671	-0.689371	4.188010	0.122013	-1.110549	-5.151723	-0.324250	-0.366547	-3.204649	0.976172	-1.320565	0.974978	-0.438103
1.225552	-7.890523	-0.302694	-1.342782	4.013973	0.808600	0.615917	2.053967	2.931399	-1.663013	-1.897212	0.440248	2.498029	-1.453838	-1.888578	-3.639932	-1.336133	1.630711	-3.737456	0.467644	0.424309	0.965372	0.162539	-0.065181	1.840918	-0.048001	-0.268332	-1.179422	-4.838615	-1.781087	-0.574704	2.154903	-1.397508	-0.999449	3.453322	-3.735439	-2.071909	2.805658	0.806742	-2.173558	7.439161	-3.058463	1.090737	-1.136660	-1.480472	-2.359245	2.356582	-0.319696	-1.240116	-0.249249
-1.890452	-5.828619	0.587413	-0.428162	1.648727	0.984763	-0.331498	0.973643	1.140532	-2.530211	-0.374120	-0.952190	1.039836	-1.819032	-0.508637	1.407535	1.036271	-0.721568	-3.057345	1.825065	-2.392019	0.000419	2.467518	-3.396281	-0.718353	-0.617127	-0.218429	-1.367072	-1.241072	-0.266963	1.964643	-2.367657	-3.960629	3.062729	-1.135811	-0.114402	0.580780	-0.561880	1.358389	-0.944736	1.124266	1.689120	-0.608894	-1.017255	-0.121968	6.243965	0.671291	-1.641753	3.462316	-2.349263
-2.238004	-1.210800	0.615090	2.477759	0.839910	0.684854	1.299603	0.257919	-1.900772	-3.930491	-1.324372	-4.265115	-0.087892	-0.898226	-2.358130	-0.595516	1.710922	2.114410	0.490789	-0.401098	0.191470	0.077339	-2.779181	1.752982	1.388678	1.148857	0.711516	-0.149620	-0.927873	-0.136918	2.808037	-1.404065	-3.592759	-1.016597	-0.035217	-0.078096	0.052303	2.674089	-0.241737	-0.691686	2.672851	-2.983312	1.149098	-0.154189	1.230881	0.364783	-1.719624	-0.766340	0.457358	2.139792
-2.584859	-4.669656	0.699186	0.180245	-0.996651	2.101721	-1.499715	-0.398499	0.999201	-1.483809	-0.805255	-1.789074	0.112105	1.930643	-1.095127	-0.806946	0.020333	-2.853241	-1.397106	-1.523202	0.467277	1.128953	-0.416787	1.147739	-1.901326	-0.885322	-2.107924	0.334185	0.580017	2.510666	3.226649	0.145423	-1.952309	0.086129	-3.598849	1.713994	-0.500710	2.945100	-0.803875	-1.208590	-0.825526	-1.170264	-2.707292	-0.328955	0.162146	0.971277	0.043509	-3.832022	-1.701129	-1.719026
-4.897835	4.702199	-0.216055	-1.826266	-1.137972	-1.900439	-1.930182	-1.518386	-1.152033	0.428110	0.894126	-2.063020	1.641527	0.244696	-0.154580	1.278406	1.372979	0.431097	2.281831	4.261516	0.695479	-1.629523	-0.525171	-0.267087	3.757553	0.710234	0.285091	-1.107156	3.650672	-1.380633	-0.606992	-0.917770	-0.228993	-1.154540	-0.998623	0.232118	0.453190	-2.475983	3.777086	-5.311971	-2.966982	5.893216	1.728251	-1.444835	2.157995	0.227663	-0.292954	-0.931706	4.594788	-2.832749
1.772558	1.852874	-0.921945	0.107022	0.651291	-0.592370	1.471201	-1.379107	-2.711658	4.387112	-2.166309	-0.505192	2.590872	-2.054921	-0.398807	-2.195304	-3.322845	0.295337	2.097649	-2.428699	-1.748241	-1.890454	3.497215	0.139944	-0.159571	-0.042455	3.048341	0.226386	-3.833600	-1.509883	1.159726	4.944124	0.058358	0.327054	0.345053	-0.045131	-0.628821	0.379551	0.478090	-2.327592	1.901293	-4.437770	1.698045	-2.105718	-3.161089	-6.329753	0.250960	3.182978	1.966848	2.247434
-3.424499	4.606949	-0.449862	-1.264490	-1.917156	0.214248	-4.262088	-2.234848	-0.411683	2.374048	-1.621076	1.399942	0.460531	2.965196	2.750054	0.027757	-0.444671	-1.235372	1.331350	1.362138	-1.805989	-0.658249	1.639357	-0.925675	0.338896	-1.760755	0.808640	0.322164	-0.434123	1.737214	-0.237152	2.015830	0.912055	1.728652	0.019883	-0.028114	-0.166169	-0.588094	2.840790	-3.162671	0.404442	1.805515	-2.167351	-0.817776	1.817112	-0.351545	0.949028	0.936748	0.723615	0.744334
-0.201420	0.659392	0.855567	1.385746	-0.934340	0.279128	-1.653030	-1.704126	-2.783414	1.578936	2.447870	-0.869805	0.635074	1.246172	0.482171	-0.149587	-1.241055	-1.381966	1.761458	-1.094201	-0.561585	0.048319	-0.822895	-1.447242	-2.816128	1.141997	4.414510	1.759780	-0.113226	-0.386490	-3.611336	2.432968	5.141012	0.412324	-3.053113	1.150689	-0.789601	-0.891340	-1.705270	3.397915	0.868045	0.715057	-5.172475	-0.439390	-0.026217	-5.041693	1.659259	-1.523796	-1.958936	-2.156607
5.233637	-2.581139	0.459156	-0.058223	1.961862	-2.650256	-1.121570	-1.517347	1.292714	-1.235566	0.094858	3.654731	-1.357582	-0.477950	1.678169	-3.390616	-0.074803	3.680656	0.234125	-1.304263	-0.233588	-0.152184	-1.713476	0.476597	0.952727	-0.914697	0.336651	3.741194	-1.076917	-3.923656	1.418241	-4.453367	-0.647110	0.061488	6.328110	0.067687	-0.193929	1.814849	1.051423	-0.534252	-0.018926	0.981157	-0.808934	1.757781	-0.729513	-1.888245	1.060383	-1.094460	2.434287	2.563983
4.031699	-2.918954	-0.052749	0.813734	-1.018271	1.738054	0.747131	-0.426691	1.195357	-0.853501	-1.339874	-1.921256	1.213709	-1.548137	2.393488	-2.122801	-1.715127	-2.737095	-1.013398	-2.401090	-0.355782	1.937016	1.180744	1.671893	-0.602345	-0.094642	-3.255790	-0.636189	-3.091993	0.358904	2.903299	0.154907	-2.638025	-1.079059	-0.455568	0.963876	-0.053496	3.267571	0.512146	5.695940	2.543024	-7.727181	-2.147837	-1.008697	-1.116969	-0.439306	-0.933367	1.634606	-0.859987	-2.665921
1.493424	-3.274168	-2.270694	1.491685	-2.052335	-2.088384	2.632434	-1.192041	0.864262	0.665215	-3.579453	-0.963752	-1.279559	2.627996	1.794409	-3.207857	0.563073	1.461533	-0.056668	-0.712515	0.287291	1.555305	-0.051918	1.117100	-0.973983	0.369135	-0.904727	-0.229289	0.176235	-2.817004	3.216128	0.145617	-2.216957	0.641412	-0.845982	1.789357	-1.021395	0.718735	2.485237	3.275607	0.632545	-3.929955	-1.157018	-0.560342	-1.331756	-1.736480	1.759123	0.879896	1.005194	2.476070
-4.492261	2.351296	1.336380	0.084944	0.663216	0.481921	0.461995	-0.931833	1.272251	0.791429	2.859082	-2.887471	1.215248	1.447062	-2.467014	4.744771	-0.268060	-1.382102	-0.073799	2.806417	0.796353	-3.559525	-0.520211	1.082561	0.110318	0.899247	-0.825173	0.523606	3.180959	3.937488	-0.231222	4.380814	1.344181	-0.146670	1.166316	2.444562	0.137138	-3.382462	-1.065765	-5.347087	-1.380728	4.938275	1.406301	-1.517083	-0.419796	4.033231	-1.418458	-1.579032	-1.046002	1.000109
3.585515	-1.514482	-0.174683	1.470191	0.595164	-0.163935	-1.907827	-2.161071	-0.898992	-0.892273	1.246649	2.150481	0.576959	-3.421879	1.725489	1.714522	1.239591	-1.325229	0.755534	-2.764025	1.519024	-0.957473	-2.597740	-0.772674	-2.777492	1.811621	0.845793	-1.221474	-5.173932	-2.639970	-3.288753	1.505887	0.840827	0.659961	-2.482782	0.684920	-1.222565	2.994549	-3.094902	4.249845	3.947887	-1.210041	-4.214183	0.079150	1.412881	-2.734260	3.134401	-1.971453	-1.551892	2.600281
-5.944625	2.337217	0.130131	-0.573317	-4.340584	0.280739	-2.077749	-3.409085	0.270718	1.261779	-2.274323	1.842761	3.036950	5.057597	0.282418	-0.897491	-2.053759	-1.040340	-1.200643	3.439038	-1.008285	-0.330347	4.163035	0.728521	1.309649	0.225977	3.034597	-0.491577	4.862364	0.250488	3.068814	2.207084	-4.663238	1.651142	2.895012	-0.048153	0.988679	-3.288348	0.060317	-8.498049	-2.909950	5.691005	3.175061	-0.945607	0.712710	-1.055357	1.414548	1.922290	1.904883	1.739230
-0.318006	4.660592	-0.454467	-0.844206	1.623225	-0.253168	3.246787	-1.355433	-0.583180	3.423515	1.176777	-1.301292	-0.744676	1.204162	-1.732885	0.909330	0.449693	0.447412	1.137395	2.073716	2.106425	0.997910	-1.280460	0.154913	-0.138446	0.272383	-0.182053	-0.835349	-0.612200	-2.095927	-2.125092	1.949274	4.146245	-0.063000	-0.202630	0.297560	-2.221090	-1.683723	-0.117716	0.815068	1.982632	-1.516037	0.723952	-0.890430	-1.478452	-1.989085	0.613916	0.584746	-1.235577	-3.066911
-1.107646	-2.404907	1.068522	-0.052303	-0.387290	-0.683400	1.447044	-1.659555	1.371691	-2.220489	-0.272903	-2.312541	0.439598	0.778914	-2.070251	1.015104	0.098388	0.673542	-0.025382	-1.753793	0.556180	0.640189	-2.694270	-0.223280	0.134523	0.067914	0.097541	0.641323	-3.870981	0.599974	3.475393	-3.055874	-2.827708	1.987782	-4.107028	-2.001169	0.192530	1.179017	-0.978620	2.052361	1.622762	-2.743652	-0.289407	-1.649684	0.802621	2.113842	1.641824	1.345805	1.019281	-1.808552
1.710208	0.212629	-1.977837	-3.020704	-0.860713	-0.680557	1.994649	-1.975320	3.170572	-2.271022	-0.994674	-0.673661	-0.905029	-0.352509	0.692714	0.789193	-1.182006	2.634807	-1.260964	2.079054	0.196553	-0.746585	-2.150856	1.254141	1.428058	-0.212275	-1.753653	0.667553	4.830799	-2.094227	0.796660	-3.693085	-3.222632	-2.281221	4.012220	0.766140	1.018161	-3.656489	1.486566	0.991248	-0.857145	1.453996	2.805551	0.818246	-0.683398	4.532332	-2.270206	-1.692466	1.261111	-0.604713
-0.140589	2.551570	-1.051672	3.832037	0.320259	-2.773721	1.276590	-6.462830	-0.800235	1.072166	-2.206721	-1.862772	-2.128234	1.601229	-1.938510	-3.062217	1.593939	3.168853	0.078429	2.288351	0.736892	3.504259	1.864606	1.398794	-3.392637	2.663479	0.191790	-0.988286	6.457961	-1.052480	-0.086033	-2.268491	0.867637	-2.019165	-0.732888	2.650524	0.954367	-4.926017	0.473131	0.124404	-5.144088	1.976153	0.718718	-1.840795	-0.291057	-1.856474	-1.449278	-0.175731	1.607659	1.869352
-3.797664	0.610709	-0.102757	-1.660627	-2.203806	-0.495032	2.021841	-0.349705	-2.866944	-3.166132	-3.320615	-1.547981	1.222608	-0.374756	-0.702329	-3.248778	1.379694	-0.282319	2.641476	1.514038	-0.069809	1.366721	1.503439	1.318995	-0.655023	-1.685598	2.306061	-1.444558	-0.908920	1.975594	1.248826	-3.364205	-1.832902	-2.361918	0.500001	-0.808788	-0.468231	0.895903	-2.135877	-1.061384	0.279778	-7.177537	-0.019273	-1.745088	-0.169347	-2.698061	-1.083549	4.522669	-2.848448	-1.705508
-1.102912	-2.552239	-0.619921	-0.871186	0.887577	1.251150	-1.294417	-1.873631	1.999877	2.460902	-0.414672	2.010671	-1.670233	-4.227801	1.048387	-1.668693	-0.682104	-0.358887	-2.215743	2.050239	-0.151272	-0.400759	-0.192301	0.197302	0.869701	1.233276	-3.403228	-1.268961	-1.213400	-3.041375	-0.968225	1.649398	-0.803268	-1.548654	0.479946	-0.927150	-0.744937	-1.129867	-0.638320	0.999529	2.337959	-0.133989	0.001603	0.333532	1.241807	-3.983400	2.788801	0.271766	-0.972456	0.477931
-1.076950	3.823109	0.902795	1.669668	-0.825723	0.856494	1.341392	0.354854	-1.314466	-0.591111	0.467553	1.148968	-1.024244	-0.233545	1.055417	-0.010879	-1.821580	-2.975696	3.174411	-1.077166	1.028538	1.337045	-1.419274	3.054817	-0.335436	1.932380	2.154337	-0.399542	0.619104	3.335905	-0.655249	0.248638	2.792340	-0.865082	3.096543	0.212417	-1.092211	0.407143	-0.959371	-3.285940	-0.824959	-3.093133	1.428836	0.237400	-1.433830	3.672704	-4.347602	0.839245	-0.395870	-1.911891
2.675842	-5.353703	0.671516	0.538470	1.085802	3.077012	1.852872	0.900467	2.958021	0.022292	-0.655029	1.904571	-0.956548	-4.547366	2.816913	1.076924	-2.948178	-2.025244	-0.797779	-1.367028	0.198856	-0.239246	0.949154	1.326931	-1.877251	-1.306298	-1.150440	-3.469075	-2.820175	1.398100	2.337431	4.409330	-0.658963	-3.313204	3.882802	0.873588	-0.882121	3.668488	-2.345202	-1.075758	-0.440211	-2.748999	-1.883445	1.033679	-3.664826	6.612614	-2.250359	0.270138	-4.371532	-2.329919
-1.203585	2.941228	-0.291963	-2.884774	0.149493	0.421234	-1.171095	-0.087365	-3.690099	1.572467	-3.304501	0.347701	-0.081085	0.555596	1.689733	-0.273845	0.950956	-0.213174	4.516164	-1.205897	1.454552	-0.225012	1.600120	-1.563310	3.029306	-1.232645	4.076002	-1.342058	-0.006344	-0.122094	0.922284	-1.192414	0.023453	0.824523	2.075664	-2.382042	1.384954	1.986436	0.500008	-3.571641	1.073574	3.040815	0.132683	1.182691	1.156648	-4.871539	1.616848	0.128486	-0.709011	-0.501797
4.841074	-1.757400	0.555757	-1.979738	1.597669	1.535300	-2.931813	-2.983872	1.920756	1.301432	1.216224	-1.251943	-1.121748	2.545624	-0.600664	-0.322280	-2.237104	-0.897387	-1.465434	-1.371420	-0.319467	0.738130	0.698607	-2.992064	1.942515	0.444175	-4.097501	-0.596423	-2.388002	0.125486	0.668728	2.220309	-3.697369	1.686525	0.393198	0.590877	-0.801180	0.263036	1.429128	2.982316	0.947410	0.998036	-1.530359	-1.717777	1.528447	-4.001103	4.708026	-0.197954	1.282549	-2.131492
1.744463	-2.120214	-2.270563	-0.025613	2.585638	0.086665	0.629838	1.803542	0.192343	2.382155	-1.057544	-1.637778	3.310904	-3.662955	-2.015833	0.507038	-2.170602	1.327460	-1.688578	0.789819	-0.080557	-0.151298	1.810043	0.850761	3.046739	-0.951174	0.454610	-0.059730	-4.298573	-2.440701	-0.402816	4.098616	0.350836	-0.231860	3.292694	1.176443	-1.503185	4.603797	2.457964	-0.324344	6.289404	-6.151964	-0.252800	-3.269065	-1.298248	-0.385255	-1.168011	0.023493	0.260734	-1.141861
-0.112532	2.605053	1.750967	-1.466660	-0.482360	-2.322432	2.155488	0.442026	-0.846605	0.704321	0.685170	-3.216963	0.111265	1.538755	-1.637901	-2.196165	-0.225394	0.868253	0.848117	-1.243864	-1.314543	-0.104164	-0.453725	-0.910636	0.138952	-1.295627	0.315843	0.385418	1.833163	-1.144526	0.427366	-1.471811	0.189602	-0.327811	-2.192383	1.662868	-0.604956	-2.479669	0.403118	0.062731	-0.718273	-3.987407	0.769809	1.178233	-0.376451	-2.141823	-0.507087	1.493550	0.652493	-2.863690
1.127760	2.325823	1.172488	1.216085	-1.033250	-2.394402	2.197361	-2.604892	0.688484	4.636506	0.106090	-0.493197	-1.144598	1.015967	0.187084	0.396707	1.989942	2.388919	-1.100991	1.695145	0.570593	-1.309462	-0.867186	-1.102232	3.456411	3.068602	-1.489483	-2.801765	0.878320	-4.940660	-0.114323	-0.670947	2.272126	1.877532	4.427419	0.346438	-1.360442	-3.852436	0.789309	-2.056255	0.993755	0.310477	4.246837	-1.501465	-1.138851	-4.288131	2.643209	-0.212865	-2.077255	1.485971
-1.629987	-1.431259	-0.091795	0.747314	0.233780	0.915122	0.669504	-2.485219	-1.615679	4.187173	1.067160	4.646772	-0.429930	-0.875128	1.675539	2.081460	0.016867	-1.726472	-1.095928	-1.073335	-0.086145	-1.810882	2.305843	0.463908	-0.130365	1.116436	1.701422	-0.744782	1.187380	1.630111	1.548659	4.192513	3.086447	1.026461	3.027381	0.880054	-0.888837	1.158670	-0.047783	-6.739250	-1.957046	2.223143	-1.607222	2.553598	-2.766139	-0.740035	-0.178598	-1.078001	1.134380	0.026631
0.984992	1.184027	-1.816612	1.979210	-0.734236	-0.859997	0.920690	0.470941	0.159764	-2.114714	0.472235	-0.664143	2.307464	1.958566	1.217130	-3.309005	-0.010544	2.053348	0.553172	0.430560	1.396393	0.655400	-1.691122	-1.328600	-0.339152	-0.372352	2.591722	2.197273	0.723887	-3.038042	0.493131	-2.016159	-0.348961	0.742711	-3.322655	-2.047731	1.669666	-1.579685	1.548987	3.297968	0.277948	2.115297	1.311817	-0.332011	-0.709382	-5.014367	1.069328	-0.383883	1.951679	7.151740
-0.417840	-0.310017	1.925099	-1.671628	0.644636	0.313585	-0.220248	2.313325	1.574618	-0.304856	2.110110	0.310100	1.433996	-0.682699	0.436970	-0.560112	-0.721157	0.185504	0.356982	1.508421	0.857883	-1.839194	-1.836961	0.134757	1.517156	-1.207442	-1.579524	1.311877	-1.965905	0.006828	-0.843802	-0.117219	0.479604	-2.502843	2.554231	2.166884	-0.224597	3.107923	1.884301	-5.207698	-0.029536	-4.509394	-2.476854	-1.347523	-1.474398	0.005094	0.784715	-1.432043	0.496745	0.698795
-0.299982	0.767774	0.570131	-0.500327	0.813107	-0.838585	-0.182388	0.376469	0.659974	0.182816	-0.791898	0.141324	-0.578458	0.034124	-1.805580	-1.944333	2.044394	-0.009241	0.069622	-1.374632	-0.927238	1.007090	0.124764	1.881538	0.939318	-0.372546	-1.000562	0.857546	-3.931731	1.845310	-1.054911	0.916981	-0.617407	1.148347	0.234022	-2.559557	1.757867	-0.326758	0.555458	-0.281940	-1.078449	-0.800273	3.802790	-3.624794	-0.432179	0.283613	-2.203125	2.299070	2.143053	3.247798
-0.764312	-1.710805	1.130363	0.210352	-1.281935	1.188132	-0.618857	0.159338	0.727018	-4.610414	0.950029	4.240928	-0.909016	-0.165767	2.271070	-1.689558	2.525466	-2.678407	-1.870911	-0.278843	-1.964271	1.267957	-2.129244	-3.242287	-1.452948	-0.678395	-0.185000	1.078595	-2.153245	0.144371	0.422300	-3.420060	-2.232569	1.266639	0.476286	-1.274122	-0.112740	0.912968	-0.378037	-1.623403	-2.279806	-0.375834	-5.330621	0.767703	1.162803	2.707401	1.221486	-3.633346	-0.227495	0.631265
-0.266654	2.508322	-0.994128	-1.836292	0.209475	1.616263	-0.625782	2.928612	-0.752477	3.792466	2.107049	-0.165721	1.736082	0.192433	0.554446	0.550410	-0.188572	-1.966905	2.390724	-1.927331	-0.472910	-1.441265	-0.306172	0.842234	3.794358	-0.019332	0.435156	1.826736	-1.870852	1.578955	1.123141	3.186046	0.550621	-1.405667	2.706112	-3.270943	-0.223810	1.119099	2.629810	-2.943220	1.711048	3.282246	2.620462	0.343163	0.494522	-1.140760	0.114128	-2.709246	2.601311	5.082030
-0.435691	-1.352499	0.750961	1.402985	-2.194653	1.967161	-4.287823	4.141070	1.281270	-3.568974	2.232745	1.807130	2.731180	-4.518268	3.601728	0.278215	-0.685301	-5.867059	0.199038	-1.379931	-1.235268	-0.832195	-3.614346	-1.075891	0.009115	-1.802082	-2.846858	0.733734	-0.487755	1.148662	1.536344	-0.983984	-2.323457	-0.938923	-2.112645	-0.529053	0.338899	0.957945	-1.052008	-1.915379	-1.083785	2.928116	-1.877763	0.142796	3.551153	2.185594	1.653786	-0.183060	2.171013	2.199510
-2.456123	5.521841	2.076535	-1.566265	-3.650722	-2.233264	-0.858706	-1.013424	-1.155959	-0.424125	0.837841	0.355675	1.283903	3.420512	-0.685601	-0.856631	3.722855	-2.068365	2.024044	3.205161	-0.194213	2.459883	-1.555932	0.084615	0.650495	0.110322	-0.229855	0.092261	8.119752	2.832595	-2.938636	-1.569096	1.842091	1.874912	-0.389499	1.222500	0.625290	-6.883107	2.115206	-4.015232	-2.710721	3.943889	2.735506	-0.943759	1.634771	-1.256452	-0.604773	-1.798884	0.665972	-0.752465
-0.998047	-2.086068	-0.321926	-1.786308	0.353545	-0.001103	0.434707	-2.416590	-0.767211	-0.517873	0.152512	-0.310277	-0.801749	1.116915	-0.474926	0.955890	1.299063	-1.339590	1.297246	1.049806	0.241194	0.249550	-1.358128	0.052575	-1.397016	-0.289343	0.146170	0.599158	0.892372	3.007148	-1.074006	1.094193	0.391917	1.354805	-0.110063	-2.425188	-0.734063	-0.367218	-0.571630	0.023259	-4.760043	3.444555	0.584219	-0.535121	0.231907	-0.199989	0.197021	-2.440814	-4.121468	-2.199645
3.898793	-4.003604	-1.203361	-1.325741	-0.701541	-4.568697	0.374894	-4.494094	3.947668	-1.323031	0.161046	-0.677287	1.866519	-0.456014	-0.348493	2.352398	2.149625	3.057357	-3.502488	-2.584815	-1.320585	0.946155	-0.407932	1.590572	-1.127402	0.926615	-5.108943	1.727546	2.550457	-2.540854	-1.513030	-4.353112	0.368572	0.757677	-0.750039	0.670223	-1.962120	-1.481539	-1.296589	0.816085	-0.067240	6.094885	2.295949	0.460914	0.584307	5.008756	1.376692	-2.326324	-1.497010	1.015449
-1.706192	4.205193	-2.560426	-2.732761	-1.006291	1.958775	-2.311569	1.420465	0.395748	0.688736	0.327626	0.439233	0.935552	1.021513	-0.076144	0.156727	0.258457	-2.981866	2.333443	0.049098	0.292733	-0.061399	1.684969	-0.935402	5.936671	-0.860938	0.033834	-1.402659	-0.458839	2.328867	1.795475	3.694161	-1.636698	-1.301250	6.569788	-0.469714	-1.292737	0.191012	3.404811	-6.871248	-0.989757	0.583526	2.119394	-0.655176	-0.870876	-0.070173	-2.272455	0.902920	2.941752	-2.468751
-1.991998	2.057318	1.087875	0.406280	-0.189496	-0.529415	-0.870284	-2.935639	-1.158177	-0.049521	-0.656834	-3.252619	-2.251380	-1.659429	-1.641763	-1.943742	-1.000899	2.731789	0.955600	3.024096	-1.212964	-0.124785	1.730519	-0.251658	-1.066640	0.424424	1.398134	-0.329587	2.525445	-1.186894	0.770848	-0.856795	-0.035012	0.895955	-5.017916	-0.251022	1.270733	-2.514240	-0.651427	3.230151	-1.588803	-0.331560	0.353045	-1.372880	0.202053	-0.406188	0.485471	-1.366931	1.391318	-0.821028
0.067752	-1.276376	0.307173	1.875589	-0.685421	-3.761190	-2.078670	-2.579143	1.329745	-1.095682	1.610601	-2.259851	-1.346387	1.160457	-0.855745	3.479225	1.777312	3.257383	-2.467925	-0.570761	-0.090273	0.082264	-3.043597	-0.312875	-2.781369	1.584526	-2.055799	1.215878	-2.450929	-3.668361	-2.369853	-4.107331	0.126467	1.342910	-4.763747	-0.288259	0.303007	-1.372611	-2.878808	5.611594	-1.515299	-0.975049	-0.972359	-1.746378	1.835076	4.204318	0.721960	1.265101	-0.666362	1.617098
1.660781	-1.125132	-0.064197	0.594038	2.372575	2.170085	-0.313183	-1.587588	-0.591083	-1.497737	0.852336	1.197573	-1.195386	-0.360228	-1.388270	2.953674	-0.715009	1.174798	0.026073	-2.207898	0.433190	-1.875021	0.524684	-0.667266	-1.132303	-1.117129	-2.478074	-2.264222	-0.758221	-1.318265	0.158591	2.413742	-1.703810	0.528919	0.546466	2.865181	0.096243	1.244310	-1.652134	1.608245	-0.856072	-0.879132	-3.081390	-0.520090	-0.128475	2.648558	0.097726	-0.955528	-1.953863	-1.064260
-1.070211	-0.617719	0.095637	-3.896839	-4.411072	-0.417455	-4.230345	-2.344913	0.378013	-1.663889	-2.022291	4.124158	-0.133307	-1.474655	1.166727	0.946122	2.088007	-2.470032	0.051228	-0.952405	1.961650	-1.089106	-0.058249	0.563938	2.545232	-0.734404	0.675459	-3.295326	-0.712557	3.183611	0.296754	-2.854440	-3.762779	-1.016160	4.446684	0.783434	-1.803164	1.361302	0.372521	-3.737003	0.549359	-0.213257	-2.439572	0.482034	1.899980	4.054536	-1.964651	-0.078927	2.654320	-4.958101
-1.825439	-6.671552	-0.968801	0.803311	-1.355581	1.301723	0.109806	2.484714	3.913085	-2.601091	-0.750664	-2.624332	0.393840	0.383130	-0.907456	1.052891	1.032787	-1.100545	-2.948435	-0.808312	-0.780195	-0.633030	0.399823	-0.733439	0.089421	0.994303	-4.072721	-1.721560	-3.533365	3.841873	1.800983	-1.471522	-1.998564	1.581904	-4.288714	1.407435	1.557298	4.233431	-1.385921	1.018733	0.766661	-5.980931	-2.686933	-0.384247	0.484599	5.815021	-4.241609	-0.553286	-1.285304	-3.668675
4.819453	-2.490798	-1.556329	1.111160	5.235337	-0.650310	4.335204	3.088460	-0.388656	2.340015	0.059353	0.019616	1.175109	-0.584814	0.951208	-0.704708	0.132972	4.429897	-3.055591	1.331884	-0.387981	1.714348	-0.682898	-0.216963	-0.161868	1.097208	1.662776	-0.683063	4.349191	-6.288607	-2.413420	0.878320	4.043280	0.487866	0.107665	-1.298846	0.157163	-2.361685	0.853075	3.755310	-3.363492	2.940813	3.582282	1.957965	-3.750729	-1.716465	0.385722	3.106301	2.867858	4.201325
-0.607890	2.651713	-0.212210	-1.275957	-1.296549	0.813447	-1.167692	0.645798	-1.575364	-1.469137	-0.207148	0.991678	-0.372307	-1.191914	-2.346464	0.463726	-1.929000	-2.092474	1.604518	0.408914	1.543268	-0.855895	-1.978953	0.951665	1.540579	-0.013140	1.403713	0.820564	1.159186	4.324298	-0.047460	-0.700610	0.080926	-1.073969	5.524509	-0.406865	-0.419947	-1.261090	2.240402	-3.817775	-1.181198	0.355356	0.798005	-0.907434	-0.587020	-0.452451	-0.139908	0.648790	0.941297	-3.221988
1.539808	-3.011374	0.812614	1.552247	-2.546767	2.715024	-1.705775	0.680503	3.793772	-4.455203	1.555832	1.584744	-0.076887	-3.960007	1.129049	-0.289201	-0.406929	-3.201575	-2.965701	-0.513502	-0.549086	2.694671	-1.063601	-1.566028	-1.878085	-0.607521	-4.936491	-1.561719	-2.398902	-2.173631	0.322170	-1.598551	-3.924703	0.219112	-3.766975	1.683280	1.184832	2.650195	-0.374625	6.869660	1.346823	-4.744007	-5.164952	-1.819932	3.236876	2.630242	0.213042	-0.468967	-1.746113	-2.896376
0.302529	-0.605969	-0.217809	0.034766	-2.589375	2.622901	-3.759367	1.861071	-2.304362	-2.326737	0.786962	-0.761619	-0.617331	-2.662622	-0.012890	1.316039	-1.442871	-5.128816	3.071418	-3.279277	0.148133	1.943635	-0.220070	-1.116565	-0.959348	-1.614531	-0.311822	-0.268073	-4.397235	5.503940	-0.406101	1.959244	-0.857145	0.575660	-1.415600	-0.287700	0.515836	3.947845	0.773473	3.264958	2.441559	-1.391170	-3.911624	0.263829	0.683476	2.460974	-1.167392	-1.690363	1.595684	-4.436275
2.434547	3.456496	-0.384543	-1.428091	2.281827	-0.111586	1.807735	1.547674	2.663664	-2.842276	-0.864546	3.062729	1.054668	-0.791966	1.661140	-0.436581	1.492445	3.289900	-0.852409	2.299932	-0.044981	0.233050	-0.858675	-0.807831	-0.129318	0.485490	-2.241792	0.416485	6.395551	-3.897066	1.027471	-5.139739	-3.610386	-1.019672	2.819746	-0.352088	-1.077149	-4.625932	2.538872	-0.034368	-2.351979	3.952901	2.682112	0.278128	-0.525697	1.565240	0.568857	-3.897176	0.754839	3.618783
-5.737886	2.726488	2.964408	-0.223811	-3.509225	0.204162	0.815452	0.995260	1.424777	0.505319	-1.894673	-1.436396	-2.066280	5.181492	-0.136560	-3.337191	-1.118302	-1.355424	0.220725	3.438886	-2.670711	2.269549	1.043926	1.499459	-2.182610	-1.493751	0.126657	-0.336712	5.364138	-0.204761	0.926996	1.657426	0.649746	-2.676647	-1.532580	0.382774	-1.498885	-4.371507	-0.847759	-3.640288	1.673943	-1.300815	1.996700	-1.066581	-0.733462	-0.724075	-0.833947	1.533626	-0.215017	0.121613
1.805698	-1.487816	-0.627842	0.734411	2.474026	0.938367	3.858051	2.659581	2.814527	-1.349837	-0.162463	0.731379	-2.581179	0.506132	-2.272987	1.543989	-0.199094	1.164892	-0.346512	2.182592	-2.243761	-1.757287	-2.542143	1.196091	0.552734	1.323246	-0.491732	3.704255	0.051907	-0.585241	0.339518	0.726892	-0.064492	-0.721595	4.099759	0.659225	-1.042348	0.698873	0.411901	0.640372	0.301031	-3.000521	0.179178	-0.619461	-3.056749	3.849920	-0.358772	0.494701	-0.562134	4.168114
4.438670	-3.460889	-0.679648	1.835652	0.231156	-3.447191	1.280011	-4.432405	0.552068	1.059997	-0.044287	-1.183693	-0.470234	1.888394	-3.041366	2.088212	2.819100	1.620360	-1.745701	-3.370116	-0.278184	-0.714300	1.618337	-0.135406	-0.930539	0.896269	-2.080411	-0.628862	1.485159	-0.655023	-1.518265	-2.479820	0.593596	2.541470	-1.998088	-0.661863	0.221065	1.375381	1.330236	8.436058	-0.055739	0.422714	-1.804573	-1.613273	0.331981	2.015091	1.621461	1.303761	0.428786	1.194205
-0.186494	-6.643683	-0.901182	-0.515928	0.043025	3.481887	-2.595697	6.660344	2.375018	-4.966820	0.945890	-0.531782	0.484752	-0.564474	0.406857	0.465664	-1.643565	-4.304758	-2.335613	-1.198626	1.251852	-1.661517	-0.052885	1.671489	-0.421613	-1.600912	-2.428872	-3.490897	-3.273141	6.398170	4.289600	-3.949169	-5.403712	-1.822413	-2.338419	0.151505	-0.852946	3.700387	0.871436	2.903930	3.469808	2.412046	-2.013517	-0.026414	0.727731	6.997487	-3.505370	-1.351892	0.340567	-4.431940
0.955172	0.443329	0.178272	0.868411	-0.625165	-1.219050	1.109631	-3.371388	0.422056	-2.556178	-0.305370	3.698504	-0.191615	-0.591074	2.201496	1.996106	0.736970	1.553258	-0.350760	-1.483274	-1.378850	-1.473560	-2.891556	-1.237246	-0.436163	-0.446629	-0.008446	2.091522	3.067940	-2.310286	-1.815324	-2.390864	1.098807	0.015003	4.481773	1.073686	0.821533	-1.140757	-0.306043	-1.879925	-4.849688	1.289971	1.561500	3.101513	-2.369558	5.671148	-0.229565	0.058788	-0.803510	3.858133
1.768141	-3.985493	2.024474	-0.070998	-4.871193	0.020062	-2.860810	2.465476	-1.051575	2.933621	-0.934489	1.008053	1.084015	-4.174432	0.021189	-0.543010	-0.894397	0.223031	-0.158118	-3.222653	2.385866	-2.629430	0.900024	0.814403	-0.865392	0.119382	-1.604174	-1.738217	-5.775429	-0.406125	-0.941075	1.202470	-1.978516	-2.927178	-1.160872	0.621574	-1.045466	5.333272	-0.584651	2.476461	4.290724	-6.687611	-4.411152	-0.235504	2.938478	-2.915500	0.682231	-0.451520	-1.267128	-5.178245
-2.600783	1.351322	0.166417	-0.205798	1.846721	-3.885495	-1.107804	-2.249409	0.532754	4.233070	-0.390449	0.141487	-0.713935	0.809479	1.135653	-0.880533	0.750535	2.790581	-2.472664	1.326648	0.447708	3.244957	1.987935	-4.158095	0.302778	-0.342337	-0.941940	-1.275246	7.049516	-3.292771	-3.004900	-1.390181	0.643570	0.758567	-0.766464	2.901167	0.049335	-4.874591	-0.350971	-0.491591	-2.610594	3.207969	-0.314782	-0.173033	1.780764	-5.176476	4.686986	-0.372843	1.452133	0.698995
-1.120655	0.992640	-0.181188	-1.011368	1.307140	2.935686	-3.113436	4.126832	1.280069	-1.248693	-0.553011	2.704845	0.354862	4.710868	1.989342	-1.215244	0.391817	-1.578292	1.431300	1.581520	0.170455	0.503017	-0.615941	-2.608776	-0.479809	0.944849	-0.280345	-2.155133	0.333244	2.732041	-1.860642	2.068157	-0.045748	3.141809	-1.116688	-0.935070	-0.902694	-0.425058	-0.085458	0.978979	4.618530	4.669880	-3.399147	2.257126	0.389033	-2.130865	1.861119	-6.541565	0.469081	-1.007537
3.424224	-1.109743	-0.130220	-0.605225	-3.056357	-2.218091	-2.114746	-0.218221	-2.201144	2.244898	2.060433	1.406812	-0.799391	-2.278065	2.998433	6.029481	1.890574	-1.664758	0.984710	-3.473279	0.307083	-2.673627	-0.270823	0.139074	-0.220375	0.198787	-1.560960	-0.469534	-2.938328	-1.526685	0.083595	0.392835	0.152691	-3.558135	2.956282	-2.729603	-0.409453	2.100694	0.664241	1.372854	2.461481	4.500011	-0.101768	1.201024	0.356644	2.305941	1.732556	-0.865040	0.304284	-0.411797
2.493699	4.823391	-0.490732	0.494624	-3.646718	-4.767747	0.684609	-0.902892	3.686397	-1.620265	-1.599471	1.589150	0.352573	3.174207	1.168350	0.623223	3.869866	2.750441	-2.061273	2.460079	-0.749644	0.213036	0.502056	-0.521247	1.479789	1.146933	-1.259679	-0.335033	3.806682	-2.734180	-0.952729	-6.444999	-1.933708	1.315338	2.972368	-1.939626	-1.283092	-6.050540	-0.117134	-0.925196	-0.512141	4.266336	3.709608	-1.396220	1.153205	4.157901	-1.106437	1.538990	-1.820829	3.780676
-1.573396	3.620276	0.222600	-0.704063	-3.050263	-0.522968	-1.838885	1.118083	0.813348	0.752813	0.476801	-1.970270	-0.484878	2.168407	0.252639	-0.682041	-1.423466	-3.039001	0.764995	2.958865	-1.479615	-0.680059	0.200331	-0.832074	1.168257	-0.480200	-1.479995	0.078188	1.691912	1.947051	-0.391972	0.850385	0.375085	-0.556222	0.242870	-1.393148	0.899093	-3.721806	0.705638	-0.962711	-3.553035	2.377759	2.835746	-0.050981	-1.675891	-3.154571	1.854782	1.683626	1.451940	2.890377
-2.724692	-1.148027	0.334750	0.080727	-0.246476	-1.309886	2.017120	-0.805187	1.711591	-0.273912	-1.439081	2.966468	-2.307809	-0.764739	0.199714	-0.611552	1.854944	3.583875	0.128726	2.832036	0.328937	1.188612	1.445183	1.540904	-1.282528	-0.637574	-1.726595	-1.064189	0.817222	-0.825620	-1.065155	-0.937248	-1.639432	-2.498383	3.244989	-0.286220	-1.899059	-2.009997	-0.745625	-4.240574	1.344506	1.812282	1.481515	1.542341	0.119194	4.203233	-2.799460	0.247937	-0.328663	-2.825020
-3.916871	-1.496589	0.282678	0.537779	-3.373529	1.870076	0.140358	1.843472	-0.145521	-0.679589	-1.477209	0.191932	0.320679	-1.674772	-0.212007	-1.953917	0.117389	-3.725785	0.894302	0.472416	0.116749	1.904605	-2.938954	0.731576	-1.383692	0.786893	0.301520	3.283025	-1.392065	0.848736	0.264653	1.278097	1.141021	-0.224547	0.453165	-0.033983	1.061903	1.088482	0.300195	-2.938836	-0.943504	-2.294965	-1.430108	-1.038915	0.864212	-0.917200	-0.591342	-1.496920	1.313789	-0.786698
1.071703	1.421592	0.875379	-1.429740	-4.033294	1.125200	-0.176090	-0.613021	0.696377	-0.340641	-0.779433	0.730640	-0.367633	-1.224155	2.199635	-4.678816	-0.602850	-3.364510	0.324849	3.069809	-0.488952	3.657966	1.858039	0.174494	-0.634369	0.769795	-0.194029	-0.670416	2.944903	1.629916	1.330401	0.094567	0.629429	-1.190804	1.316789	-0.359411	-0.610799	-0.728639	-0.638208	2.072277	0.620032	3.974921	0.114437	-0.148476	-0.926908	-4.225778	-1.546660	-1.031077	-0.650447	-0.772173
2.171356	0.922340	0.093283	2.400870	0.136030	-1.389320	-2.175827	-4.920081	-0.650669	-1.684603	-0.925683	0.943432	-0.682502	1.323729	0.308280	-0.900140	-0.351037	-0.860185	-0.249207	-2.013380	1.129429	1.189706	-2.124333	-0.629045	-0.165952	0.902089	0.321248	-1.317911	-0.449238	0.998276	-0.125105	-2.084780	1.556791	2.623338	-0.093744	-1.749705	0.151176	-1.918957	1.186262	0.345761	1.293994	0.798274	-1.337568	0.931651	1.749738	-1.837793	-0.847738	0.889228	1.503866	0.866873
-4.924682	0.489867	-3.588669	0.851778	-1.296636	-0.005752	-1.339173	-1.660531	-1.403106	0.287678	0.382261	1.249698	-0.877920	-0.605996	-0.123193	0.278588	-0.408982	0.471913	-0.905078	2.926478	-0.770695	0.071909	-0.250889	-1.862188	2.864384	1.882149	2.260509	0.510255	1.929715	1.221756	2.959677	0.816960	1.065998	1.749936	0.842751	-0.936264	-0.452493	-1.897707	3.152425	-4.009892	-1.516392	1.547789	1.532936	-0.451792	1.014988	1.672680	-0.901070	1.882019	1.457652	-0.834261
0.942024	3.818088	-0.485051	0.299139	0.893726	1.233942	0.086567	2.852330	-0.669239	2.371457	0.011155	-0.478835	-0.928542	-0.282100	0.699641	-1.265564	-0.092726	3.029880	0.268716	0.304452	-1.053767	-0.160020	-0.520822	-0.959758	-0.997766	0.611592	-0.112680	1.676568	2.056218	-3.456899	-2.685508	2.405049	3.232831	0.865407	-3.256772	0.251338	-0.895889	-0.340149	-1.423294	4.159916	-1.050382	2.663664	-1.104233	1.430188	1.125444	-4.714198	0.771590	-1.280961	-1.442055	1.714935
0.230724	-0.167850	0.539441	1.291491	-1.986837	-2.442341	-0.738022	-1.347213	1.754065	1.490626	0.448775	-0.494598	-1.120828	-2.193948	-0.397260	-2.468333	3.444658	-0.214534	-0.411925	-1.271711	-0.056346	1.309579	-1.544025	-1.150013	0.006392	0.879747	-4.337547	0.783055	-2.126657	-0.342126	-3.213603	-0.778230	3.822731	0.303217	-2.157706	-0.762214	1.185023	0.572431	1.031631	1.026006	-1.072042	-3.578119	-0.606954	0.680477	2.147090	-2.399628	1.257683	1.782040	0.784320	1.191532
1.124154	-0.182840	1.455600	-1.452926	1.088380	1.240069	0.579676	1.306197	-1.124826	-4.671983	0.984449	0.548438	-0.351996	3.897671	-0.538862	1.284939	-3.881111	-0.227251	-1.091945	0.875569	3.222602	-1.764985	-2.093760	-3.148454	-0.193866	-0.239974	1.995751	-1.964572	0.494981	-2.818012	1.971238	-4.361620	-2.325514	0.664081	-3.370001	0.449204	-3.070750	-0.720113	-1.763174	2.570210	2.115059	1.237164	-5.764379	-1.381293	1.209504	-1.629804	1.241567	-4.126494	0.062572	-1.635581
-2.338051	-2.471572	-1.018722	0.424713	-2.129778	2.502142	-2.786090	1.381467	-0.947239	-0.767450	2.901160	1.019167	1.937812	-1.424948	1.847724	3.683368	0.534353	-3.744108	0.086857	-1.651083	-1.663048	0.307369	0.856526	-0.761963	0.223143	0.778179	0.472358	3.696367	-0.108126	1.868422	2.233067	1.180853	-4.285501	2.398921	0.848128	-0.732577	-1.559100	2.452571	-0.104934	-1.025987	1.326937	6.986989	-2.327201	1.542967	2.307468	2.722275	0.689406	-1.957593	0.775808	4.705929
0.407934	-0.348244	0.345024	1.509023	-0.530323	2.903405	-2.965390	2.012520	-0.251778	-0.739764	0.362452	-0.046989	-1.503929	-3.242322	-0.687673	0.151659	-0.594784	-2.273626	0.252217	-2.104676	0.401803	-0.239167	1.724041	0.767686	-0.627471	1.201831	2.724934	0.307012	-2.772511	0.921485	2.149113	1.094307	-3.044869	-1.031008	-1.028132	1.167740	0.684150	4.654141	-1.364679	1.837075	0.217801	-2.434269	-3.264409	-1.764688	1.706343	2.923154	-2.320465	0.114082	-1.922513	-0.256692
-0.652976	0.057239	1.705092	-0.211305	-2.305105	0.688129	-1.271892	-0.461853	-0.680904	0.202103	-0.417611	-0.284865	-0.567471	-3.159879	0.840556	0.994687	0.125328	-3.092077	0.722312	-0.776218	-0.295297	-0.938734	-1.449045	1.487587	-1.358568	-0.508113	-2.078505	1.047475	0.605045	3.976799	1.367901	1.036197	1.052535	-0.744476	-0.010515	-1.084986	-1.585001	1.830174	-2.980228	0.448177	0.671672	2.803252	-1.463592	1.033056	0.613737	1.763028	-1.596202	-1.883306	-1.892727	-1.650120
-0.055728	2.266714	0.438092	-2.319026	0.919085	-1.177258	-1.320890	-1.707155	5.115894	-0.046964	-0.741957	-3.228078	1.547509	-1.560728	-1.802759	1.101606	-1.995354	0.917280	-0.195158	0.444414	2.833957	-2.780779	0.538183	-1.867473	3.758718	0.996128	-2.684221	-1.327556	1.297353	-2.265135	-0.266236	-2.095016	-2.395905	-1.855902	-0.044108	3.228430	-0.207126	-0.488718	1.535601	-1.346191	1.201055	-1.375576	-1.315775	-2.008970	0.073172	0.867567	1.522731	1.613612	0.196540	-1.664007
-0.912462	1.173860	-0.127465	0.115095	-3.462599	-0.476914	-2.106170	1.881148	0.322488	-1.183198	-2.628880	-1.972609	0.368226	1.231564	-2.077892	-4.973985	0.159801	-1.542258	1.871207	1.162521	-0.052001	1.756744	-1.382025	-0.989404	1.535785	0.620914	-1.055666	-0.885934	2.940574	1.707676	0.827482	-2.429616	0.356368	1.754078	0.201703	0.750035	0.184325	-1.944985	0.161890	-0.423860	-0.232437	-2.753201	0.644123	0.189441	0.887417	-5.173631	1.362342	1.988652	-0.855969	-2.229516
0.923373	-2.310475	-0.766597	-1.413245	-0.924141	1.847763	1.027326	3.944185	0.293745	-0.579727	0.283628	-0.520927	1.477760	-2.459480	0.019322	1.119416	-1.304505	-1.980778	0.049453	0.473576	-0.610224	-1.654396	-1.960001	4.458784	-0.232850	-1.543299	-2.803115	0.131071	-3.393788	2.481217	-3.199316	0.538955	3.104543	-1.902235	1.552314	-0.910828	-0.011291	3.587310	-0.452638	-3.386201	1.475204	-3.122967	1.226516	-0.087299	-2.000785	4.319363	-4.475643	-0.050852	-0.007524	-2.713143
