X26	X24	X19	X8	X23	X10	X20	X11	X32	X16	X13	X27	X39	X43	X37	X3	X21	X41	X17	X35	X50	X7	X25	X40	X38	X34	X36	X1	X9	X33	X15	X44	X2	X29	X42	X12	X48	X45	X4	X6	X46	X30	X14	X47	X22	X5	X31	X18	X49	X28
-1.760813	3.343701	-0.857300	4.540490	-6.071668	-1.455700	1.391302	-0.560848	-0.926822	0.305042	3.647823	1.902549	1.361130	-5.262823	0.379576	-0.505463	1.823985	-1.535466	-0.767490	8.761580	2.104723	0.574515	-2.586004	2.789661	-4.816972	-7.275227	-1.644065	-0.213813	0.713060	1.911721	1.066881	-0.056420	1.428008	-1.042511	-0.266296	-1.491085	0.301735	-0.277688	-0.906855	-2.407334	1.616040	0.136789	0.841736	2.701632	-2.212013	0.667834	-0.490282	0.662034	-0.535032	-1.492901
-3.553286	1.211275	2.005384	-0.339581	-0.831417	-1.772497	-1.626081	0.535659	0.202319	1.181211	2.278658	-1.988195	-1.443399	0.539136	3.044098	1.321077	-1.304583	-1.174250	1.647841	-1.457503	4.429606	-1.936693	1.359266	-0.671358	-2.371685	0.257026	-0.761910	-2.399753	0.309546	2.009481	0.614086	-0.505963	-0.291005	0.231471	-3.882029	1.100113	-0.360556	2.396892	0.685543	1.535543	1.141378	-1.488259	2.077033	1.002058	1.114196	1.849549	-0.066446	-1.407932	-0.961648	-2.287467
-0.657451	4.784317	-1.939060	-0.919355	-3.564928	-1.117815	-0.137655	0.624130	0.790442	-0.018018	1.299560	0.930695	0.936489	-2.026601	3.067265	0.833392	2.392021	-1.313487	0.113891	0.762421	0.220323	-2.869125	-1.801534	4.337918	-0.127918	-3.066790	-1.854666	-0.851430	-0.981324	2.052249	-1.785418	0.012465	-1.361298	-1.241206	-2.915647	-0.422249	-1.719910	4.460992	-2.226246	-2.323377	-1.369404	-0.094561	-0.255087	1.317618	0.599744	-2.935295	1.029397	-0.995321	2.980682	-0.419751
3.089310	2.224825	0.361961	1.069680	1.978192	0.988992	0.183770	-0.936473	0.426791	-0.089778	-2.121211	-0.982198	-0.688636	1.214639	-0.455819	0.590108	-2.301374	-1.095667	-2.420386	-2.327867	-1.221254	0.895685	-0.294937	-0.899542	1.503664	3.397162	-0.371074	-0.400116	-1.610364	-2.492642	1.359432	0.528149	0.736373	0.297466	0.613587	-0.435599	0.750534	-1.706871	1.260447	1.283924	0.435968	0.744498	1.729148	0.950443	1.532135	0.388745	-0.361804	-1.304313	-5.021079	-2.378631
-0.664490	0.523995	-1.774148	0.534571	-1.602721	-2.072473	-0.782208	0.398207	0.066270	0.651445	1.007022	-1.448405	-0.761361	-2.619665	0.239443	-0.853202	-1.708267	-2.549207	-2.086587	2.766409	4.110231	2.036379	-0.304842	0.719516	-2.540430	-1.386750	1.056827	-1.344512	-3.044856	-1.065022	2.715220	0.986880	-1.798425	-0.699156	-1.315269	0.248028	2.886544	0.597648	0.313426	1.677708	-4.121751	-2.217710	-0.231069	2.145156	-2.423955	1.680562	3.439340	-2.229599	-0.105006	0.216706
1.381559	0.645364	0.195040	2.274141	2.104120	-0.413516	-0.194378	-0.179182	1.124599	-0.190800	0.582928	1.680023	-3.155069	0.129291	0.691938	-2.390900	-4.391515	-0.762588	1.363714	0.485637	-0.608642	1.688349	1.326604	-3.213491	-0.148929	1.622871	3.171941	-0.329004	-0.399333	-3.565579	2.253749	-1.068587	0.895817	0.023291	-0.802273	4.624922	-1.805490	3.062495	0.240305	1.268329	-1.855141	-0.714130	-0.208110	-2.921690	1.940759	1.535143	0.060352	1.396064	-0.306735	0.726992
-3.931885	1.724313	-0.542493	-0.711140	1.205821	-0.985332	0.982611	0.038738	1.603888	-0.347787	2.043432	1.323309	-1.558016	-0.327907	1.799627	0.738176	-1.385846	-0.987689	2.929126	1.089285	0.147387	-0.507380	3.048249	-1.024550	-2.042359	-1.005681	3.611366	0.638124	2.625237	0.123194	-1.881925	-0.537705	0.249623	-0.179180	0.832197	0.884408	-0.114299	0.058281	2.009869	2.408599	0.686685	-2.785510	-0.598769	-1.562953	-2.966058	-1.159330	-1.042622	1.387240	2.871260	3.554960
-1.240081	0.735110	-0.759683	-0.008687	-3.008220	0.542670	1.617440	-0.361817	1.096725	-2.324392	0.329453	-0.184494	-0.825421	-3.441935	0.581781	2.204739	-0.466695	-1.536868	0.686853	3.486742	1.042509	-0.713372	1.652819	2.052881	-2.343938	-4.763905	2.275818	0.753727	0.191085	1.776922	-1.685988	0.900885	0.396245	-2.022487	0.749579	-0.704744	-1.060395	-0.849746	3.446829	-0.550400	0.617982	-2.016647	0.160306	-2.774598	0.710990	-1.224679	0.296195	2.237453	0.046865	1.518808
-0.836838	-2.169683	0.526487	3.481981	1.168117	1.084744	-1.325391	1.711269	-2.496971	0.353071	-1.356596	-1.743182	-1.085094	0.666838	0.668331	0.791701	-3.457034	-0.753503	2.318079	1.917188	-1.358618	-0.479888	-0.711465	2.846277	4.199556	0.784916	0.125367	1.520467	0.080384	-1.076678	0.005666	-2.126775	-1.385607	-4.074348	1.809618	1.668161	-3.789818	0.174755	0.714838	1.007536	1.292490	-3.705417	-0.846748	-0.284482	-0.390106	0.220721	-2.325129	4.648290	0.404908	4.054725
4.660013	2.625264	-0.954263	0.100687	-4.732428	2.923034	-1.733281	0.007636	-2.526431	-2.406421	0.822753	-0.473011	0.994475	2.681371	-0.664302	0.374044	-1.177299	-0.875103	-0.473599	0.508636	-2.416172	-0.365389	1.238477	-0.929739	-0.222330	-6.586391	-0.879070	2.273195	-0.117009	-6.680676	3.052522	-1.655978	-0.458391	-2.164228	1.734300	0.085813	2.170706	-2.205601	-0.048392	-2.161021	-0.046944	-0.059549	0.104839	6.430267	-1.853181	-0.663742	-1.263055	0.343088	-2.810354	1.267001
3.246842	-3.558804	-0.121248	1.624948	2.682205	2.813046	1.526681	0.783759	0.657813	-0.375741	-1.714666	-0.000075	1.049315	-0.349960	1.733900	-1.347995	2.441745	0.461700	1.971730	-3.580183	-1.092139	-0.944155	-3.583329	-1.834121	1.485645	0.160035	2.636132	2.174376	-0.354147	0.665337	-2.003060	0.036439	-1.268069	1.980753	0.805897	-3.995456	-3.927623	-3.530234	0.605823	1.613261	3.245067	2.181218	-0.295618	-0.659105	-2.124874	0.587400	-1.532956	-0.134472	2.279550	-0.868184
-5.853192	0.462075	-0.860913	-0.503948	-2.279024	0.239800	-2.989122	-1.210492	-2.199753	0.384803	0.625488	-0.357594	0.986968	-4.153857	-1.325904	1.255730	-1.887021	-2.057553	1.359905	0.522732	3.620104	-1.669464	1.247274	-0.866574	-1.932122	-3.771442	-1.947400	-0.150551	-1.494631	3.268282	-3.719677	0.115755	0.194655	-2.373092	1.893623	-0.837423	-0.754242	-2.746012	0.885952	-2.524821	-3.234586	-0.364279	1.792053	0.183239	1.421219	-0.461402	1.834584	0.303545	1.732189	-0.887871
-2.400341	3.014754	-1.261421	-0.436556	-1.015309	1.214799	0.500899	0.170154	1.327902	1.067389	0.313134	0.717795	-0.543365	0.655950	2.464806	0.893174	-3.241264	4.793635	1.751733	-1.555217	0.989019	-4.003893	2.389210	-0.383622	-1.027011	0.097506	0.741538	-1.990149	0.707418	-2.323569	-4.320299	-0.059320	-0.052779	2.701271	-1.709828	1.402433	-0.878510	2.941064	-0.605177	-1.090343	1.345534	1.484155	0.636586	1.572018	3.362648	-1.517577	-0.755566	-2.388212	-0.650989	-2.244798
1.136918	2.048851	1.703166	0.459316	-4.404363	-4.302729	0.969875	1.331863	-0.941397	2.439237	2.533092	1.594860	0.487455	-1.107477	4.841502	-2.038811	0.905581	0.315093	-2.872858	2.872276	1.427511	0.448576	-0.298332	-1.107223	-0.217613	-3.070698	-4.628971	-2.167131	0.023465	-0.570847	0.487854	0.771147	0.060581	2.828102	-4.895391	-3.654218	2.127485	0.560563	-0.269425	-0.954136	-2.354428	3.583080	-0.081950	3.382333	-0.767904	-0.107667	0.739971	-2.698810	1.273982	-1.959837
-2.150701	2.185828	0.305327	0.866140	-1.986810	1.008969	-1.974822	0.876702	-0.703610	0.000241	0.565628	1.035884	1.063698	-0.946535	0.075450	-0.588712	1.749460	-0.475607	0.204233	-0.115921	-2.621501	-1.279713	-3.433775	0.933177	0.195693	0.578206	-1.241131	0.317022	0.514780	3.343976	-1.686006	1.630055	0.180800	0.496650	0.580020	-2.728065	-0.432262	-1.184252	-1.337231	-0.684022	3.484541	1.077421	-0.516579	2.174976	-0.523018	-1.771007	-3.710009	-0.741002	0.367592	-0.012184
-3.160033	-0.902745	0.486574	2.393340	-1.345651	-1.949008	-0.341028	1.614638	0.116870	0.504910	1.717935	-0.152949	1.040547	-4.407398	2.823628	0.636831	1.095095	1.817220	0.360208	4.087600	4.675834	-1.168836	-0.549227	0.678919	-4.343334	-4.052978	0.212604	-0.783321	-2.619053	4.333967	-3.197985	-0.442420	-0.202300	0.926068	-4.344753	0.991388	-2.014375	6.953189	1.872243	-0.486286	1.751415	1.810254	1.599801	0.151062	0.994988	-1.463053	-0.041385	1.255047	-0.115445	-2.305008
-0.813598	-1.392521	1.720114	2.078378	1.819141	1.250316	1.110685	-0.744804	-2.044761	0.202363	-2.433003	-0.692506	-3.320569	1.131296	-0.255124	1.703833	-1.960379	1.848220	0.421790	-2.880456	-4.104539	-2.151232	0.469609	0.150355	0.882842	4.297888	-0.020274	0.814573	0.641237	-0.579577	-2.501601	-0.226519	0.027438	-0.257114	3.592302	1.479517	-1.318047	-2.724645	-1.021612	0.988880	0.259240	-0.272409	0.556375	-0.591054	3.276772	0.517637	-0.002326	-1.832855	1.380305	-0.935803
5.588488	-0.310449	-0.779676	-0.464975	-1.844673	1.642279	-0.611847	2.627638	-3.049270	1.795629	2.178865	0.300283	0.380654	-0.412823	1.136879	0.653978	2.055285	-0.172892	-2.477148	0.516124	0.989624	2.686473	-3.138109	-1.635984	-1.790359	0.067742	-2.255407	0.468188	1.903164	-3.018956	2.885243	2.189183	-0.109158	-0.038810	1.831803	-2.917339	-4.405857	-3.896770	-0.666642	2.549265	4.189297	1.887694	1.497095	0.377235	0.120411	1.439712	-1.541072	-0.891897	-1.975354	-1.165317
1.146452	0.426454	-1.386022	1.287063	5.246761	-0.816212	-2.041998	-0.671404	0.421800	-0.200355	-5.575333	-0.108205	-0.826616	6.058542	-1.064070	-0.797676	0.388634	-0.536147	1.575061	-7.391219	-2.456118	-0.573025	2.153934	-1.015434	3.479003	4.870928	3.303682	-0.436274	1.877840	1.687859	2.656162	-1.306083	-1.336966	-2.018731	-1.069838	0.557958	3.788029	0.838560	1.912523	3.894015	-1.202451	-1.553956	0.221483	0.214625	-0.662091	1.609611	1.057901	2.573679	-1.327068	1.823426
-0.626356	2.133463	0.871241	2.249967	0.370599	0.952930	-2.079124	0.186982	-0.461742	-0.127430	0.129552	0.566818	-1.338600	-0.211059	0.795061	1.243522	-2.355085	2.163157	-1.151657	-2.434379	-1.671913	-0.281385	-0.489973	1.902805	-2.322868	0.933028	0.127954	-0.878091	-0.286216	-1.416386	-2.051651	0.424309	-0.993052	-0.033490	1.600034	0.412244	-1.135934	3.921147	0.196194	-0.431551	3.334546	4.010646	1.884904	0.015951	-0.449468	-1.888665	-3.577040	-1.455210	2.555552	-4.249042
0.430900	-1.841985	-0.139374	-0.244288	2.937072	1.247388	-1.934775	-0.677943	0.079774	-0.325529	-3.420537	-1.855169	-0.656414	3.792487	0.723958	-0.202736	-2.675369	0.478444	-0.207434	-4.956157	-0.922374	1.714024	-0.830885	3.520776	-1.766797	2.585796	1.870032	0.356570	2.082607	-3.447761	1.332392	-0.047239	-0.285933	-1.340592	3.294846	1.006922	1.484763	-5.325443	-0.262393	2.762615	1.023994	-0.381384	-1.906887	1.027083	-0.586088	1.211350	0.485670	0.829665	-4.301123	1.756878
3.314863	1.674975	-0.308143	0.293667	-2.099608	0.679977	1.470068	0.767736	-1.963323	0.592309	0.918408	-0.982254	-0.656401	-0.906597	-1.661898	-0.044715	3.424897	0.727831	-0.414913	0.861244	2.465305	-0.104747	-5.053021	-0.869713	-0.289951	-4.540543	-0.547785	0.168146	0.535766	3.208652	-0.188630	1.923102	1.203834	-1.190148	3.236012	-1.646677	0.973639	-3.149028	0.039425	-0.724070	0.312909	-1.659009	-1.689026	3.540250	-2.890463	0.588010	0.082874	1.453788	0.857037	0.376627
-2.642569	1.394233	0.346205	2.463888	-3.249292	0.388988	-1.380300	0.120780	1.407275	0.183521	4.474509	-1.689936	0.822521	-2.809490	-3.775227	0.463876	-1.327329	1.330475	0.085214	3.319531	4.206658	-1.291667	0.550497	-0.601181	-0.462400	-5.763865	-1.349984	0.490016	1.301196	0.938819	-1.873900	0.678231	0.673331	0.616866	-1.378962	0.868452	-0.245470	0.497272	0.956819	-1.657278	-3.056081	-1.530153	-1.495959	0.058703	-0.668734	0.302041	0.903069	-0.340271	0.322647	-1.110214
3.679556	1.137960	-0.704085	1.968925	1.760243	1.234981	1.617203	0.694469	-0.818222	-0.324387	-0.661378	-0.063976	1.958352	-1.361091	1.118611	0.025898	3.034457	3.042312	-2.320013	0.309687	1.123147	2.055728	-0.637199	-0.942530	1.116355	1.554643	-1.089780	0.371907	0.013095	-0.425847	0.181471	-3.318875	-0.794368	1.036432	0.817142	-4.078579	0.564154	-6.802575	3.637414	-1.036892	-0.741726	0.856873	0.869707	3.829618	0.634358	1.344880	-0.175872	-1.061354	-0.978023	0.279820
-2.249681	-0.170502	1.100681	-1.810684	2.727890	-2.779172	0.776272	-1.337008	1.239312	0.992744	-0.951031	0.503301	0.674568	0.610956	1.452845	-0.908223	1.644066	-0.337616	0.238949	-0.180186	-4.904955	1.121027	1.864231	1.671054	-1.075445	2.763496	0.653762	-0.250896	-1.360765	3.706981	1.673209	-0.556248	-1.370989	0.209572	-4.812961	-0.400040	-1.658973	2.648775	1.783176	1.961925	0.596785	-0.964370	0.672482	1.204017	0.380737	-0.485159	-1.333582	-0.726516	1.913422	-0.487661
5.259599	-1.423727	-0.635599	-0.601893	0.555844	-0.591362	0.961088	1.381295	-2.412678	0.593418	-0.343079	-1.720869	0.113824	3.206314	-0.942520	0.214685	0.152165	0.667656	-1.535244	-3.259221	0.788447	0.863332	-1.068679	0.065784	1.319364	2.685908	-0.167771	-0.222366	-1.491119	-2.387135	2.654969	1.427304	-0.822743	0.053820	0.254496	0.910685	1.256560	0.489894	1.706003	0.916126	1.203210	3.536437	-0.280909	3.953511	0.305373	0.954342	0.854787	-0.816453	-1.947560	-1.451150
1.961059	-1.253676	-0.474676	1.579364	2.845031	2.380730	0.254120	-0.915378	0.996011	-0.191826	-0.330764	0.949290	-1.275476	3.917506	-1.904446	-0.995475	-0.159515	3.637310	0.022608	-5.215849	-3.535963	-2.511215	0.995480	0.834174	2.651020	4.773538	-0.785974	0.469573	-1.311762	-1.917904	-2.150866	-1.253074	-0.216439	2.555257	2.152369	-0.467001	-0.691533	-2.996200	4.130355	1.017491	2.783433	1.505334	-2.397983	-2.429743	2.443358	0.423224	-0.763275	-2.723887	3.193205	0.209986
-2.587872	0.003160	-0.905056	-1.164389	-0.851046	0.021379	-1.460783	-0.212155	-2.590266	-2.293782	0.254472	0.947113	1.167677	0.094862	-2.123784	0.936592	-1.038666	-1.582711	0.538232	2.219339	-0.223726	2.314354	2.558640	2.964373	-0.517853	-2.429715	-1.326708	-0.127319	1.008008	1.620909	0.210887	-1.213279	2.422709	-3.461223	3.359701	1.124110	-1.696749	-3.454911	-0.709510	0.013810	1.403813	-3.418614	0.677395	-2.337094	2.135482	0.154317	-0.507560	1.828138	0.573827	2.506151
-4.787324	0.194634	0.988595	2.285203	2.539487	2.347758	-0.979904	-0.898771	-1.874590	-1.340411	-0.393826	-0.212210	-0.586008	-2.719821	-2.715044	-1.917675	-0.205640	-3.567572	2.393948	2.398448	3.495014	-1.078823	0.077453	-1.781325	2.049249	-0.345466	0.934149	2.541585	-1.301228	2.027190	-1.233985	-0.527750	-0.581269	-0.037307	0.112408	0.605036	-0.483771	2.532021	-1.752569	-0.198167	-2.023293	-2.744612	0.299938	3.094315	-2.858053	-1.928587	1.293781	3.283171	3.954594	3.648453
0.963348	-1.692461	1.467778	1.937529	3.409669	-1.746834	2.456927	1.354758	-0.505012	1.836064	-1.338745	-0.688122	-0.447434	-4.505311	1.291559	-0.498040	2.750136	3.077497	1.727102	3.594662	4.089503	1.524381	-2.481494	1.896341	3.446267	-0.845016	0.750641	-1.486551	-1.053640	0.424957	1.077991	1.169725	0.612528	-0.012782	0.726612	-1.700863	0.411946	-2.723334	3.483760	1.274836	0.100356	-1.411918	1.608605	-1.375767	-0.637168	2.250249	0.612322	0.407440	-2.098897	-0.302320
-3.122585	-0.919210	-1.223902	-1.822970	-4.293880	0.284823	-0.403999	0.611669	-2.462178	-0.314295	2.977775	2.082310	0.516328	-2.096810	-1.050221	-2.851432	0.028135	-1.797997	1.901219	1.640515	1.786440	-3.258343	0.147870	2.240945	-1.166489	-5.916885	-0.195075	1.776262	1.018705	2.001585	-1.613598	-0.349032	0.751883	-1.273585	0.076293	0.383928	1.348613	3.306963	-1.906191	-2.293440	-5.981655	-0.611301	0.546351	-1.793694	0.635921	-2.320204	1.590347	1.791751	3.322379	-0.445763
5.614116	-0.210602	1.466409	2.226152	-1.441834	1.222570	3.116280	-0.687772	-1.702859	-1.412212	0.981702	-0.967115	2.002956	5.449477	-1.584712	-0.606578	-0.983386	-5.110674	-0.312317	-0.764069	-2.070666	1.494986	-0.622817	3.547316	1.849066	-2.674529	-2.306578	2.315598	-1.373575	-4.716714	2.695591	0.027345	-0.549934	0.855505	-0.264835	0.665231	2.217822	0.987960	-0.218746	0.099164	1.611106	0.199373	-1.107629	4.882922	0.920008	1.359595	-1.298007	2.338596	4.522934	1.616426
1.013048	-1.229083	-0.826338	3.482353	2.879797	2.295181	-1.017760	0.219885	0.579557	0.348848	-1.124491	-0.258191	-0.922608	-4.045365	1.359153	-0.130821	3.525031	2.323427	1.160228	-0.943779	3.774173	-1.587261	-4.911746	-0.163592	3.229624	6.169382	2.027239	-0.984345	-1.299407	3.558924	-1.769958	1.380826	1.304551	1.225072	-0.675097	-2.368432	-2.075647	-0.499735	1.608737	3.337337	2.490817	1.738717	-0.428019	-2.169609	0.142515	-0.703720	2.132704	-0.899820	-0.022657	-1.637550
6.416057	0.771828	0.862183	1.832991	0.580792	3.408058	2.939089	-1.237962	-0.275221	0.030047	-1.822809	-0.181573	1.415439	7.340556	-0.579600	0.600132	-7.874106	-0.368238	-1.458036	-6.389863	-2.596535	-0.836859	6.674630	2.938915	1.507178	2.608688	-1.090377	1.623679	0.164783	-9.870652	1.217814	-0.427516	0.162680	-0.214173	1.389779	5.653232	5.710054	4.307112	0.381133	-1.177107	-5.581169	3.961983	0.769225	3.554695	-0.681960	-0.054053	2.215868	0.477197	-0.013147	-1.027024
-7.671266	0.409404	-1.103056	-0.057683	-5.118543	0.994797	-1.594552	-0.457745	-0.573097	-0.620527	2.648870	-1.456587	2.896128	-5.100654	-5.366211	0.367502	-2.279882	0.667522	2.134574	7.473689	5.348303	-1.038092	1.159578	3.601341	-0.758664	-3.838895	-0.540547	1.492976	-0.866703	3.848908	-1.167173	-0.883273	-0.548487	-2.387930	0.010638	0.079334	-4.265000	3.586010	1.802448	-4.081249	-3.005481	-2.153420	-0.416775	-3.306771	-0.641260	-2.972289	1.463120	1.694630	-0.802438	-0.559071
-3.940801	0.558720	-1.276736	0.249644	-7.205680	0.666620	-0.058591	2.562097	-1.954374	-1.820863	5.151605	0.964043	-0.152510	-10.752271	-0.219171	-0.426232	0.704972	-4.184812	0.949583	8.143170	7.488782	0.476880	-2.666015	3.050475	-4.336837	-9.062441	-0.468992	2.232571	1.463293	3.770978	-3.585445	-1.246437	-0.162215	-2.112558	-0.805200	-1.385965	-2.046514	-0.780765	0.119039	-3.072133	-4.408212	-1.031231	0.763157	2.096052	-3.060299	-1.284607	2.470337	2.377176	4.175541	0.439895
3.769539	0.668303	0.469065	1.044233	4.341937	0.244658	0.553684	-0.235646	-1.827287	-0.326850	-3.576175	-1.716593	-0.085580	5.578626	2.203429	-0.867289	-0.897802	1.422581	0.429755	-5.328901	-4.158859	2.192915	3.432321	0.441280	4.699758	3.300516	-0.321790	0.515801	3.527812	-2.206446	2.476575	0.740946	1.712509	-1.012404	3.346336	3.138078	1.689596	0.068299	0.525701	1.316221	-3.195263	-2.679455	-0.684428	4.009273	1.846655	0.831427	1.256708	2.874865	-1.635444	3.685492
-2.455258	-2.049079	0.547733	2.189638	1.617356	1.286020	-0.765205	-0.502762	-1.091636	1.082324	-1.091443	1.866079	0.615980	0.488454	-0.806936	-0.752442	1.611108	3.036394	-0.362931	-3.331871	-0.611944	-2.015317	-1.886633	2.376600	4.306892	4.387148	-1.875512	-0.678802	0.723004	2.153589	-3.115406	-0.324425	2.746151	-0.298733	0.655642	-2.436970	0.269191	0.004904	-0.273913	1.312425	0.822523	4.438503	0.518101	-3.391037	-1.197618	-2.017575	0.477981	-2.731355	1.251592	-3.345078
4.504013	-1.743120	-0.125042	-0.611075	1.235298	0.415779	-0.075167	-2.408874	-1.564519	0.228650	-1.843776	1.478882	0.489319	7.196551	0.512139	-1.670940	-3.470558	0.274734	-0.805313	-6.916556	-1.629827	1.141085	2.478737	0.041787	0.204924	1.520495	-0.227423	0.442490	0.833950	-8.041677	3.036577	-0.839817	-0.413236	-0.702173	1.644686	1.639171	3.338400	1.364001	-0.044318	0.516197	-0.196750	2.153322	1.265577	-0.099761	-1.373938	1.058446	1.052164	0.354424	0.020589	-1.047080
-1.524991	-0.483182	-3.101810	-0.215324	-4.235148	-0.522721	1.075289	0.629599	-0.921165	2.095858	0.862684	0.508483	0.639425	-5.558446	0.949808	1.677425	3.861720	-0.405544	0.900151	7.474027	4.330131	0.302937	-3.654336	0.521494	-0.560916	-0.365771	-2.499643	-1.623938	1.144128	5.884588	-1.095298	2.454373	1.272103	-1.843406	1.466127	-1.735185	-2.850416	-2.678127	-1.482664	-2.672898	0.531504	0.810866	-0.449487	-1.294724	-1.891552	-2.515827	0.443191	-0.919525	0.521189	-1.798187
7.121200	2.945519	-0.683482	-1.598871	2.877009	0.742445	2.559737	0.742716	1.699540	0.666607	-2.327529	0.552446	-0.966397	-0.115024	-2.273702	-1.669864	2.814362	0.198760	-0.016550	-3.144193	0.174605	1.953679	1.445812	-0.450471	-1.104166	3.109439	4.791007	0.097471	0.451503	-3.312925	2.717187	0.439729	0.090966	1.438982	0.084595	-1.868173	-3.106210	-0.936797	1.862321	1.422365	-0.794478	-1.082765	0.974106	0.737964	-2.414599	-1.428926	-1.854540	1.771227	-2.321054	2.934822
0.153973	-1.053157	0.848347	2.172245	-2.146494	0.253917	0.104778	0.626615	1.693689	0.489430	1.292884	-0.781959	-0.717499	0.260166	4.280020	-1.101808	1.166787	2.649840	2.127796	1.121807	-0.890695	0.004624	-4.138576	-0.342458	2.472768	-0.420182	-0.431172	-1.291103	1.242051	1.100686	2.684768	0.357802	-0.321949	1.063745	1.136665	-2.165413	-0.215722	-3.980324	2.114070	0.060066	2.327257	-1.012266	-0.589530	0.337628	0.639516	2.045235	-0.370244	-0.937873	-0.888467	-0.615156
3.788343	-1.123762	-0.737184	-1.012100	2.001414	-0.187543	-1.075464	1.694273	-1.359885	-0.561218	-0.540489	1.057952	-2.549641	4.122066	0.476635	-0.939789	4.578707	-2.310601	-2.190168	-3.131340	-4.595954	0.914534	-2.552129	2.501445	2.622814	-0.008871	-1.477396	1.980133	-1.393560	1.313297	2.079875	1.689155	0.335823	-2.731190	-0.279031	-3.781012	-3.916802	-1.007406	-2.201942	1.226538	2.203319	-0.977517	-1.489475	-4.563115	1.751890	0.943131	-4.074324	0.466394	2.815137	0.970866
0.928244	-1.254122	1.361016	-1.193311	2.156581	-1.107408	-1.559482	1.079093	2.061692	0.451964	0.787712	1.377439	0.544071	4.982418	5.047813	-1.563951	-0.669273	0.126779	0.266670	-2.645740	-1.897277	1.235503	3.451976	1.854666	1.679517	0.984836	2.293106	-1.106588	1.085918	-2.187153	1.584628	0.184917	1.147098	1.555165	-0.875412	1.156233	-0.936560	0.574476	-0.227785	2.068157	-1.008650	-0.727791	-2.894966	-4.116374	3.121837	0.561445	-1.111520	-1.353338	-3.081792	-0.732312
0.607559	-1.888256	0.242328	0.285260	0.965261	1.891857	-0.524444	-0.886190	-0.057169	-0.561787	-1.994922	0.125958	1.507493	1.505596	0.388652	-0.637575	-0.058392	-0.994916	-0.744429	-2.544669	-0.855586	1.212397	0.292859	-0.705796	1.602532	-0.165336	0.289853	0.587089	-1.136522	-3.217274	0.994919	-0.135022	-0.850647	-0.035298	0.217008	-0.938275	0.621713	-3.466581	3.007969	-0.270659	0.210896	-0.759937	-0.572181	-2.798424	2.365705	0.579090	-0.260646	0.601529	1.318498	1.149810
0.839172	1.305829	-2.485891	-0.847022	-2.985860	0.785416	0.726003	1.088171	0.239446	-1.011560	1.043235	0.821973	-1.744465	4.773011	-1.101721	-1.699690	-3.302558	-0.627842	0.609643	0.639037	-2.967044	-1.563508	5.079749	-0.571927	-2.132270	-3.841170	-1.407157	0.114969	0.101965	-4.645570	-0.083905	-1.515275	0.686237	1.263129	-1.720549	1.948528	1.952320	4.100046	-0.474072	-1.027526	-3.854117	-0.436221	-1.763682	4.394592	-0.241645	0.257357	-0.260879	-0.407839	-1.071788	-0.723674
0.973737	1.811992	-0.304282	1.047992	-3.135124	1.207989	0.470669	1.972079	2.909920	-0.694360	2.464157	-1.897200	0.717981	-3.171691	0.775227	0.034083	0.376720	1.630887	-0.446288	3.806626	1.668631	-0.970938	-0.715481	2.669120	-4.553585	-4.065885	0.586095	-0.890765	0.781530	0.336859	-3.052471	1.548830	-0.588251	0.406625	-1.153551	0.247068	-0.455040	2.538788	-1.813297	-3.618375	-1.220849	-0.066500	-1.400670	1.577170	-1.559670	-2.559847	0.649678	0.369219	-0.663271	2.235682
2.251175	-2.017402	-0.752008	3.644322	0.966650	-1.650573	-1.432337	0.477710	-0.192281	-1.214317	0.763660	-0.513283	-0.839178	4.206248	1.006118	-2.161857	1.563227	2.027095	-3.380721	-3.800132	-0.247492	0.789534	-3.778087	-0.464857	-1.523742	-0.898088	0.557983	-0.700042	-0.650811	1.228576	1.404124	-1.224499	0.476367	0.031127	-0.948888	0.679864	0.542515	0.870044	0.317317	2.969173	0.532172	0.809005	-1.578690	-1.523443	-0.436454	2.336845	0.731867	-0.390656	-1.531800	-1.859741
-0.715144	0.819518	0.177601	-0.301902	2.271738	-0.763236	0.083492	-1.015067	4.393281	-0.430497	-1.067584	-1.068526	-0.398269	-0.654280	-0.518121	-0.232395	1.331016	0.188856	-0.898284	-1.783877	-0.203615	-0.885934	0.004547	1.231179	-1.222154	3.444908	1.482512	0.601415	-0.323628	2.276214	-1.984313	2.000760	0.284189	1.760298	-1.741644	0.049877	-3.130716	0.527675	0.799015	-0.469306	-1.473666	1.503499	0.465024	-2.176184	0.660793	-0.620230	-0.583353	-0.862950	1.487643	-0.334897
0.756550	0.411715	-0.144663	3.192749	1.366776	-1.880353	0.786193	-0.875746	-1.355721	0.937911	-1.265600	-1.369476	0.908995	-6.108449	-1.525939	2.722102	4.247561	6.467638	-1.038884	1.457442	1.270641	-1.289501	-5.985049	0.352960	2.255925	4.398801	-3.429712	-1.215653	-1.723837	3.338606	-3.088329	-1.847393	-0.880242	0.587214	-1.454878	-2.153643	0.836064	-0.282038	1.513367	0.281995	5.029573	6.136403	0.905871	3.888089	0.821830	-1.352864	-0.063994	-2.616027	-4.473872	-4.341841
-4.121623	0.613674	1.847247	0.034115	1.992754	-1.966967	-2.774953	-1.162507	2.428300	0.838418	-0.889186	0.464689	-3.151767	0.811075	-1.384860	1.490722	-3.126769	-1.856766	-1.553800	-2.556383	2.171148	-0.261356	1.959684	-0.608844	-2.098414	2.525885	4.013547	0.431302	2.170713	-1.731257	-1.360139	-0.833960	0.561282	-0.060950	-2.620011	2.233958	-0.956880	2.655604	-0.426955	0.631567	0.828830	-2.520715	-0.216188	-3.078428	1.213148	-0.972392	0.217476	1.246894	-0.313952	1.033343
-2.161858	-0.578206	-1.566249	0.714639	-1.110474	0.065576	-0.927246	0.438610	4.071182	-0.683409	-0.065148	0.814484	-1.397277	-1.081472	1.524962	3.601509	-0.959078	-0.912045	2.042514	2.095458	-3.494928	-0.596595	-0.146207	-1.591808	-2.319674	-2.018689	2.003232	1.348640	1.218744	-1.183752	1.084466	0.499053	-0.034759	0.263654	-2.719299	1.486720	-4.543229	3.821283	-2.964429	-1.732523	3.782608	-2.504564	1.333364	-4.670714	0.689540	0.585524	-1.896864	1.617860	-3.638054	0.018301
8.456527	-0.572695	-0.291108	0.627144	3.075124	3.119384	1.492587	2.364081	-0.543120	-0.730998	0.420278	-1.801797	0.540299	-0.693858	0.714816	0.361962	1.679146	-0.951091	-2.203454	-2.518709	0.497818	2.297890	-3.246880	-0.818106	0.982360	2.086494	-0.696528	1.065562	-0.712562	-3.354261	1.374797	1.957370	-0.809683	2.036364	1.293805	-3.974371	-0.322491	-8.040806	0.240535	2.401502	2.841932	3.425190	-1.356289	1.229617	-2.293629	2.411044	-0.047959	-1.879219	-1.236201	-1.498022
1.553298	0.192011	1.086267	0.943345	-1.775019	0.337349	3.393665	0.288634	2.675912	-0.988381	0.723290	0.232516	1.793575	-0.195058	-2.690779	1.450108	-1.702346	5.068873	-0.284746	-0.549136	-1.692506	-3.425575	-0.347468	-1.250217	0.048506	-1.062498	0.083945	0.194341	0.681790	-2.337755	-2.488149	-0.928827	-1.001404	1.462299	-1.463951	1.266610	-5.745276	1.770225	-1.627950	-1.589782	2.799637	3.132255	0.311135	-2.274320	0.517873	0.093800	-1.958990	-1.825162	-0.613404	-0.280864
0.091733	-1.392875	-0.188914	-0.173604	-2.175487	0.075562	-0.471161	1.984982	0.200282	2.356012	1.745831	0.208970	-0.387545	-0.087178	-0.073602	-2.797675	0.281818	-2.218882	-0.829442	0.808005	1.954498	-0.767933	0.165889	0.883776	-0.084752	-0.107712	1.482531	0.094783	-1.663075	-2.028857	0.035590	0.574993	1.555959	1.208174	-0.637592	0.683195	-0.164264	1.015414	-0.382956	-2.311567	-3.292205	-1.688194	-2.269503	-1.567278	1.439881	0.324291	1.573706	-0.996126	0.345916	1.278610
-5.809563	-0.692510	0.334675	1.465562	-3.242741	-1.925892	-0.505222	0.340157	-1.587149	1.312167	1.681548	0.088323	-0.117732	-4.920246	0.324456	0.278323	0.052866	-1.968611	1.409463	5.000359	-2.366145	-3.595999	-1.073838	-1.827945	-2.467490	-1.340650	0.086485	1.728048	1.006657	3.541071	-3.743201	0.699120	0.399527	-0.841683	0.544806	0.523886	-1.935869	1.654676	0.243764	0.239204	0.099908	-0.284644	-2.068279	1.287079	-1.298898	-0.991789	-0.830651	1.286940	4.695151	0.834931
3.919488	-1.219848	0.984305	2.265394	2.415651	1.844138	0.049612	-0.397676	-0.068917	-0.168962	-2.021161	-2.264016	-1.831901	0.201304	-1.514471	1.152013	3.091618	-2.310415	-0.156282	-0.942587	-2.511266	3.140472	-4.175146	1.843526	0.667843	0.582217	2.536681	0.757652	-0.282615	0.635674	2.175187	1.060502	-0.433051	-3.003584	-0.484384	-0.342360	-5.068764	-1.423372	-1.099375	3.015840	8.552737	-3.171632	0.626583	1.397721	-3.228353	2.458806	-4.402946	3.250190	-0.956142	3.360230
-8.032413	-0.624973	1.130298	-1.870515	-1.241482	-3.000921	-2.434579	0.625947	1.955908	-0.232443	2.756693	0.870154	-1.480141	-3.251309	0.531753	-0.595287	1.670395	-1.633415	0.557281	1.872069	1.225298	-0.209326	1.327774	2.862310	-4.063539	-5.736556	3.688644	-0.049172	-1.469400	6.480727	-1.187992	1.521905	-0.027388	0.626270	-5.367052	-1.991366	-2.459360	2.940127	0.513161	0.540785	-2.088787	-3.300700	-0.633953	-4.087989	-0.177769	-0.396866	1.083888	0.684034	2.613597	2.395655
-7.181005	-0.531082	-3.963430	0.084453	-0.489774	-3.677618	-0.796088	-2.561362	0.729329	-1.113582	0.163759	1.089839	-2.075780	-9.867961	-0.746100	-1.796682	3.112228	-0.304162	0.670101	5.701213	7.339754	-1.179580	-2.029222	1.478448	-2.959469	1.512653	1.448514	-0.476139	-1.557701	8.701300	-0.748055	-0.188774	1.035432	0.378058	-2.194855	-2.134739	-1.814043	3.067395	1.912589	-0.881695	-1.560242	-2.059561	0.291539	-4.032147	2.232265	0.947798	2.551406	-1.328001	2.577265	-2.507078
-4.958349	0.984502	2.128715	1.477287	-2.925718	-2.921922	-0.984402	-0.151270	-1.634483	-0.581917	1.886559	-1.843584	-1.687275	-5.172495	0.556389	1.209559	3.623903	2.389469	0.017575	3.403470	5.767390	-2.437316	-2.085375	-1.028590	-2.195036	-3.803122	-2.146559	-0.593421	-2.157401	6.100803	-1.812997	-0.053038	-1.247868	0.040960	-0.852061	-0.941270	0.299954	-2.969999	2.130732	-3.415161	0.334319	-0.957120	1.844942	4.120319	1.767701	-1.728268	1.753669	-1.518385	-1.393028	-0.346302
1.030437	-0.004090	0.616943	0.485956	4.321928	-0.925603	3.109869	1.121584	3.283315	1.635197	-3.029088	-0.812916	-0.480562	-3.616748	0.822081	-0.488907	-0.646702	0.526791	1.396300	0.405104	1.239748	-1.122823	-0.436195	-0.724384	0.499266	4.351051	2.522462	-1.515066	-1.046957	-1.827607	-1.345530	1.069500	-0.880848	-0.200513	-2.798461	-1.153858	-3.169575	-1.576463	-0.000383	2.416543	2.962666	0.027463	-0.495031	-0.357504	-1.044587	0.800049	-0.776352	1.009282	0.398249	2.655425
-4.815807	-2.832670	1.952083	0.019882	0.166443	-1.376204	-0.593066	-0.201233	1.767916	-0.467254	2.736218	-0.880815	-2.630919	-4.580794	0.401191	-0.858108	0.302410	-0.380611	0.449424	2.811870	0.406812	0.702336	-2.230003	0.714033	-0.140665	-1.032105	3.578725	0.603261	0.021509	5.994862	-0.873845	1.417467	0.313246	-0.816590	-3.769351	-1.779459	-4.660872	0.895630	-0.609991	1.119601	0.630119	-3.755220	0.606992	-5.778129	1.568943	-0.371695	1.381096	-0.182001	0.261592	0.262603
-1.880471	-1.975249	-2.244343	0.684658	4.141444	-1.554633	-1.398926	1.427160	1.033450	-0.115178	0.423348	1.998247	-0.722588	-0.786158	1.366229	-1.593878	0.784767	-0.456134	1.450487	-1.215934	-0.556816	0.177681	0.840997	0.924786	-1.067759	0.798441	3.727614	-1.747876	-2.226505	3.264931	-0.839582	-0.130524	-1.078856	-1.305511	-1.152824	-0.755287	0.468274	2.621029	-1.121529	2.184034	0.012636	-2.563018	-0.680464	-6.013677	3.549859	0.206156	0.353381	1.278609	3.585999	2.315545
3.469012	0.713054	-0.537580	0.893989	4.726202	-1.779208	0.856006	-1.156391	2.453796	-0.348614	-2.023533	-0.260807	-2.270531	2.739870	-0.798400	0.139029	-0.397271	-1.051925	-0.365138	-6.290191	-2.373511	1.070005	-1.653421	-0.099747	-2.750634	3.013823	3.330718	0.671340	-0.708779	-3.305576	0.921280	-0.689354	-1.233648	-1.049932	0.322159	-0.380118	-1.331218	-0.858575	-2.708830	3.279198	0.828155	-0.563590	0.143756	-4.564765	-0.108888	1.778779	1.400191	0.684933	-0.398282	1.848249
-4.656877	2.291229	-1.532576	-1.178916	1.162187	-2.838837	1.188578	-0.996677	-2.159994	-1.315819	0.057658	-2.357796	-2.415951	-6.678448	-0.060012	-0.680900	3.307572	-0.197158	3.484920	5.107553	3.883869	0.835290	-4.398214	2.636249	4.730962	1.168898	2.519107	-0.392727	1.631286	7.853861	1.009126	0.660569	1.640552	-1.551094	2.355144	-1.374537	-0.107114	-3.914499	-0.113630	0.870464	0.516140	-4.425278	-2.169288	3.512914	0.334307	0.594343	1.694768	2.875716	-0.082797	1.943508
-1.299119	-1.236231	-0.900733	-0.356282	0.012316	2.168694	2.854110	0.833603	0.591813	-0.753010	0.572301	0.453727	-3.029870	-2.543970	1.044247	0.207507	-2.284261	2.339300	3.857608	1.952612	2.979425	-0.505187	3.033524	0.398022	-0.718089	-1.034980	2.325756	-0.773679	-0.614708	0.418291	-1.706084	-2.066555	-2.171292	-2.905486	-1.509894	-0.019066	1.558518	1.837497	2.906059	-1.173775	-4.322532	-2.145242	-0.343868	-0.494514	-2.763442	-1.008908	0.472101	2.369210	-0.083658	1.170935
1.643012	-0.642468	-1.105162	-2.586421	1.900842	-1.171662	-0.002754	-0.480322	-1.377018	0.274984	-1.402574	1.672654	1.766531	3.529566	2.173054	1.701065	1.766905	0.665981	0.477294	-3.259529	-3.609187	1.836749	0.448358	-1.947853	2.388681	-0.666348	0.184739	-0.297758	0.490550	-0.632661	2.700530	0.030056	-1.062935	-2.805087	0.503919	-1.640032	1.690871	-6.426451	-0.630834	2.640440	2.197607	-2.397691	-0.604515	-3.415686	0.750567	1.586732	-0.156628	1.797019	-3.129286	1.779980
-2.408760	0.248998	0.325769	0.672573	2.282090	0.987767	-0.752464	-1.186624	0.643654	2.027529	-0.818961	-1.006032	0.828654	0.624823	-2.045627	-1.626687	-2.752633	2.229510	-0.876961	-0.840192	-2.279931	-1.782999	0.913822	-1.748943	6.855226	2.978305	-2.242118	-0.535276	-1.200380	0.747685	-2.173899	1.306800	-0.941812	1.238430	0.293302	1.483066	-0.559500	-0.797975	-0.998080	-0.600362	-1.043073	-0.231469	-1.382267	0.970467	0.470836	0.325255	-1.610197	-2.317940	2.175692	-1.263870
2.925761	1.750818	0.606083	0.288444	-1.995681	-0.249155	1.118937	1.787337	2.820812	0.556380	4.502498	-2.356797	-1.403748	0.181252	-0.402361	0.531158	2.343599	2.285857	-3.750488	-0.333028	0.834289	0.128941	-0.849409	1.646183	-0.432240	-2.857656	-0.278580	-0.178990	0.567571	0.961228	0.145008	-1.489848	2.046160	1.618372	-3.961779	-2.142534	-0.134554	0.217865	2.896285	1.474645	3.435579	2.944639	-1.799589	0.342284	0.436492	0.162144	-0.850169	-2.971695	-0.419688	-2.986798
1.334451	-0.157567	-0.821239	0.018251	1.660525	-1.465898	-1.120336	0.194048	2.583994	1.235057	-1.881097	-0.230892	-2.615910	1.350572	0.209254	1.159311	-2.723177	0.334332	-0.505031	-1.112907	-2.588853	0.011325	0.833646	0.902799	-4.262803	3.372760	3.323619	-0.914646	-1.718822	-4.290918	0.508245	0.130505	0.433703	0.148653	-0.224974	0.969973	-3.052227	2.361747	3.473166	1.013007	1.218493	0.116860	0.438330	-2.633502	-1.425573	-0.282313	0.131675	-1.238609	0.330872	-1.072796
-5.764965	0.833878	-1.084017	-0.375518	-5.319426	2.726199	-1.867339	1.286774	1.771381	0.099183	3.000801	-0.669178	-0.724846	-6.369476	-0.732295	1.535550	-0.432873	-3.802704	1.690840	10.143567	6.494549	0.400439	-0.229339	2.886503	-4.411975	-7.768534	1.572761	1.946073	-1.833346	5.455081	-1.347078	0.564741	-1.865767	-2.982376	-4.391997	0.985512	-2.281883	7.242126	-0.817962	-2.720191	-1.262631	-5.336963	-0.793651	-3.263502	3.043345	-3.550626	1.374902	4.962485	0.835313	7.099968
-4.865057	0.341380	0.606113	0.431794	0.197040	0.956925	-3.794034	0.153547	1.268845	1.159443	0.204021	-0.086579	-1.203802	-2.434417	-0.964791	-1.238401	1.221537	-2.018003	0.475874	3.393109	2.765550	2.785222	-4.022861	-2.784772	0.846304	1.022354	2.494348	-1.073143	-0.698289	4.801033	-0.446359	1.625086	-1.328775	-0.184432	-0.787675	0.858539	-1.231819	-1.416041	0.302901	-0.208223	1.198774	-2.830377	-2.199252	-3.641892	-0.597192	1.457034	0.632771	0.213746	2.495144	1.716960
-0.010835	0.094354	0.023890	0.262961	-2.932732	1.765155	-1.728233	-0.635918	0.773877	-1.275444	-0.964333	1.139817	-1.153766	3.974499	0.616437	-0.754475	-0.410833	-5.408405	-0.809192	-2.920673	-1.422348	-0.274991	2.497948	-2.383356	-2.465414	0.316154	-0.129329	2.478497	0.607730	-0.547969	3.758693	0.776168	-0.202971	0.670056	0.538448	1.431209	2.591268	-0.213409	0.915323	-2.231345	-2.047419	-3.784745	-0.572997	1.845805	-0.659143	-1.004295	0.202153	0.741211	0.089163	-0.427910
2.503840	-1.015239	-0.942687	-4.021630	-3.576284	-0.293492	1.671736	-0.170179	2.474691	-1.361143	4.111168	2.207076	-1.449765	2.004877	-0.172915	-0.706096	3.223814	-2.673055	-1.075973	-2.281066	-0.159092	-0.391374	1.019096	-0.350829	-3.752854	-4.107868	1.694188	1.100965	0.066497	-2.420887	2.392942	1.285931	0.713946	1.370124	-6.784484	-0.717955	2.841529	5.468144	-1.210737	0.848720	-1.760015	0.467158	-1.030890	-2.612739	-0.898607	-0.335292	1.762116	-0.906580	-0.694379	-1.116089
-4.188523	-2.078744	0.790341	0.627082	-8.415177	-0.012570	-0.076744	2.066725	0.067931	-0.720908	5.565089	-3.819040	-0.227204	-9.956826	-1.162564	-0.090612	0.845757	-1.760967	-0.038142	10.139374	9.166559	-2.250737	-3.037973	0.076529	-8.450088	-7.993230	2.721442	0.201329	-0.451951	3.891811	-2.726150	2.579434	-0.207852	1.935860	-3.979977	0.206040	1.808915	5.161625	0.941133	-2.968820	-2.088242	-0.765185	0.395506	4.427651	-1.017614	-2.214440	3.398473	-3.652455	3.478758	-2.957210
0.726986	0.801971	-0.771386	-2.086112	1.384870	1.116955	1.747220	-1.165810	0.748153	-0.877075	-2.623499	-0.654384	0.798326	4.358279	-0.881875	-0.298250	-5.481104	0.281601	0.224899	-3.685726	-2.099829	0.924152	5.293984	-2.336232	0.760597	6.153273	-1.691353	1.344546	-1.796002	-5.497083	-0.625220	3.093596	-1.007528	0.429052	1.235030	4.837635	4.521815	0.831408	-1.574871	-1.503672	-5.733849	-0.144538	1.269028	4.634135	-1.034228	-0.438066	1.364811	-0.194820	2.213330	1.044463
-0.230439	-3.189904	0.965094	0.645627	5.956071	2.302275	-1.031373	0.211543	-1.293016	-0.328910	-4.673298	1.146914	2.357348	0.395458	-0.481967	1.647737	-0.935193	-1.245051	0.604137	-2.358725	-0.281562	0.007605	2.503968	-0.273852	7.607768	8.546949	-4.135706	2.659185	-0.895264	1.551463	-1.309509	0.853602	0.048569	-2.443334	2.443844	0.380441	-2.647400	-2.844535	-0.855572	1.133774	0.579857	-2.604197	1.151029	-4.202615	1.525214	-0.022918	-0.263447	0.570422	1.898511	2.238587
3.012252	-2.591078	0.080742	-2.131331	2.280073	0.509870	1.332230	-1.879841	-0.484522	1.343132	-2.482109	-3.078805	1.439704	0.786921	-0.297436	-0.870169	1.932019	4.640308	-1.962567	-2.949496	-2.553697	-0.956635	0.209992	1.508578	1.419451	4.820277	-0.890294	-1.480484	1.386942	0.070084	-1.834210	0.519380	-1.066143	1.452752	2.459242	-0.192983	-2.090864	-0.187284	0.018897	-1.573578	-1.621158	5.955013	-1.323816	1.088988	2.182415	-1.963859	-0.464718	-3.988414	0.176380	-5.217950
-0.923557	1.853352	-1.138795	-2.929704	-1.360585	-1.712403	-0.210490	-0.010589	-1.166900	0.885402	2.436807	0.724144	0.682682	-0.333114	-0.725339	-0.406785	-0.440527	5.943657	-1.988575	3.199684	-1.308666	0.676692	1.504803	0.190144	-1.815397	0.110694	-0.379626	-2.054789	2.276235	-0.390328	-0.901304	0.237459	1.180387	2.766933	-0.497247	1.442542	-2.832387	1.679527	2.040569	-0.434807	0.883770	4.643577	0.857684	5.090869	-1.459947	-0.802940	-1.965686	-2.559202	-2.581401	-4.476066
3.734385	-0.996809	-0.066873	1.271464	-2.003034	0.558100	1.860010	0.137485	1.417738	0.673091	1.156520	-0.186480	0.119606	-0.308810	-1.216824	-1.871525	2.144830	0.784697	-1.368806	2.394137	-1.001111	-0.373993	-2.382483	3.116527	-1.705527	0.316699	-0.086950	0.626768	1.098630	-2.283978	2.501418	0.553763	0.055533	0.934199	-0.843326	-0.982046	0.252626	2.106847	1.138342	-3.682087	-1.646793	1.843862	-1.235248	-2.117601	2.847611	-1.013199	1.472311	0.633946	0.113835	0.952057
1.973102	-1.413190	-1.483085	1.947514	5.449741	1.484578	-4.370750	0.948607	0.748077	-1.580386	-3.373490	2.095194	-0.476157	3.058732	-3.445905	1.437433	-1.245147	-3.489212	-1.655163	-5.646533	-4.961123	0.597050	-0.507352	0.876679	-0.898753	1.426717	1.451600	1.028704	-0.412522	-3.511431	-0.020876	0.025307	-0.300118	-1.858647	1.935500	0.259725	-0.307427	-1.544845	-2.893731	1.786120	1.809656	-1.407842	1.349091	-6.511751	-1.949565	0.427565	-1.479943	2.853965	2.013784	1.656078
-1.017997	0.355227	-0.699762	-0.810988	-3.411904	-1.596462	0.568316	0.547880	-1.692639	1.096154	0.962498	0.565592	3.745392	-0.122908	0.257699	-0.891108	-0.098314	-1.335543	1.022983	4.341984	0.115728	-1.829411	0.728601	3.870531	-2.620572	-2.198654	-2.046627	0.640471	-2.577903	-0.113576	1.642202	2.304125	-1.554646	-2.613350	-1.229329	0.514815	1.368227	1.663446	2.067634	-0.393866	-1.059381	-1.447172	0.469183	-0.685307	-0.480916	0.656576	2.085643	-0.548118	-0.450847	0.046931
-5.412032	0.692533	0.839114	0.601349	1.795704	-0.270988	-0.824366	-1.811321	-0.670467	1.191850	-1.273120	0.441048	1.481105	2.697099	1.534356	-1.705174	-4.964572	-0.982685	1.494261	-1.385350	-3.928258	-2.360002	1.767876	-0.716414	4.877256	4.728131	-1.520252	-0.331874	0.108777	0.799927	-1.950399	-1.833400	-0.263174	0.895827	1.633499	3.449286	0.209097	1.875822	-0.132823	-1.163968	-1.838001	-1.509911	0.252277	1.109480	-0.043871	-1.235854	-0.756625	-1.033548	4.719003	-3.132845
0.833695	-0.855834	-1.139500	-1.054899	-3.194779	-1.073437	0.383706	-0.167579	-1.053044	1.025017	3.199191	-2.052875	2.399256	2.945314	0.764079	0.703075	-0.401414	0.655069	-0.968883	0.888554	-1.401427	0.838718	2.951231	0.960768	0.307732	-7.496720	-2.348683	-0.539327	-2.091824	-1.497533	2.778038	0.562882	-1.503402	0.753124	-3.549650	1.974340	1.727327	4.548601	2.654355	-2.873679	-1.768309	1.566277	-0.033875	5.368904	-0.834751	-1.645435	0.185290	-0.159889	-3.190786	-0.584040
1.929148	1.844382	-0.323613	-1.086154	2.455468	0.392574	-0.239919	0.196785	-2.941428	-0.435395	-0.721278	1.118246	0.717122	5.065964	-2.694963	-2.414482	-0.314701	-0.035788	1.294638	-3.145445	-0.592379	-0.437743	0.745640	0.021366	6.644876	2.850506	-2.559758	0.592254	0.111495	-4.236916	0.989248	-2.061134	0.792153	1.956384	1.867890	2.207145	5.269364	-0.324214	-0.578974	1.122174	-1.123890	1.031199	-2.422005	4.248863	1.226222	1.637278	1.739631	-0.854523	0.385187	0.065751
4.592267	-0.302348	0.132687	0.659169	3.804768	3.251469	0.190941	1.284464	-2.163396	2.378960	-1.279477	0.949728	-0.154104	10.045856	0.044850	-1.901443	-2.450874	-1.156821	0.605847	-7.859742	-5.024128	0.495069	1.963365	2.461430	4.535862	3.287658	-0.766741	0.213097	-0.585439	-5.569844	3.124181	1.051176	-0.679126	-2.180890	1.671533	1.834121	1.944416	-0.132991	2.222725	4.772309	-1.951060	-1.198127	-0.647294	1.914930	-2.721015	3.721216	-1.101146	-0.502894	-2.385103	0.189686
-2.797868	-0.860558	0.269089	-0.518236	-1.674076	-2.221857	-1.469448	0.725692	-0.965924	1.282584	1.883085	-0.273845	1.751306	-1.529224	-0.831562	2.285130	0.353070	1.817661	-0.321106	0.037192	1.262270	-0.530276	0.438346	0.607614	1.045746	0.147174	-1.134908	-0.569629	0.385021	2.729442	-0.832280	2.172653	0.284138	0.688198	-0.227540	-0.354336	1.110465	-0.200060	-1.885285	1.603638	1.906131	-0.001832	0.760720	3.244898	-0.755002	1.260720	1.102442	-1.862399	-2.516167	-1.684305
0.362044	-0.925489	-0.315526	1.929122	-0.183158	-2.233172	-1.303690	0.318128	3.524721	0.734977	1.503842	-0.884593	1.179542	-5.411073	2.015572	-1.438290	1.202464	1.402561	-1.244429	5.524137	-0.916971	2.472540	-3.671934	3.824879	-3.553057	-2.534735	0.503995	-2.999593	-0.402137	-0.098317	0.464907	0.070015	-0.889717	1.313721	-2.241566	-0.404362	-5.031109	-0.415879	1.817097	0.540707	2.202206	1.557411	1.413167	-4.380578	0.224149	0.566925	-1.784038	-1.197793	-2.544008	-1.323634
1.535907	0.426379	1.410778	-0.783623	0.020572	2.464296	2.209988	-0.829299	4.559928	-0.565670	-0.588594	-0.111674	-0.800774	-1.980931	0.055418	-0.225048	-1.290461	-2.236679	2.088165	2.397541	1.275186	3.937064	1.327365	1.311706	1.524928	-1.818778	2.864486	1.043500	-0.495817	-3.292673	2.498820	1.786573	0.594738	-1.375091	-1.829045	1.283709	-2.554366	-0.016392	-0.196155	-1.495353	0.507545	-4.144811	-1.950584	-7.042717	-0.056542	2.163322	0.591941	3.361091	-3.233424	5.130221
0.064766	-0.627559	-2.286799	3.858524	1.714363	-0.358308	1.183629	-0.754582	-1.738995	0.371951	-2.501716	1.922953	-0.312944	1.731680	-0.514017	1.623553	-2.492508	-2.173997	2.074524	-0.095469	-2.108215	1.021638	-2.044950	0.675505	2.616187	1.422863	-0.196611	0.402876	-1.334107	-2.269793	2.858167	-0.179094	-0.391019	-5.506186	4.967082	4.390135	-2.010471	-1.871973	2.642058	-0.118743	1.014204	-4.267346	1.585249	-3.264374	-2.710680	-0.751290	-0.577097	4.366348	-4.670723	4.276174
1.857172	-1.179449	1.622016	3.393715	-3.387752	-1.244120	2.649823	-0.796808	-2.314359	1.518454	1.656441	0.303060	0.869623	-2.435872	0.734865	-0.048956	-0.027026	5.635973	1.007851	0.663321	2.160970	-0.753509	-0.812803	-1.491203	-2.879364	-3.158082	0.248609	-0.448131	-0.186665	-0.225716	0.196977	0.896939	-0.680861	-0.645292	-1.692031	1.601803	-3.075967	3.047638	0.404578	-1.565619	-4.957355	4.047606	1.308206	-2.514212	1.440212	-2.237567	0.791874	0.171388	-3.757499	-3.573234
2.459188	0.157425	-1.311126	-1.128805	3.723217	2.148950	-3.106477	-0.174552	0.986044	-0.499992	-2.504430	-1.495836	-2.709544	2.605966	-0.559230	-0.593355	0.042205	-3.162350	-0.227647	-4.193785	0.657489	5.004324	-1.299057	-1.113445	1.857005	4.027244	2.016120	0.002777	0.674359	0.144778	2.328438	0.066826	1.240028	-2.073438	1.201255	-0.859774	3.149788	-7.914262	-0.169606	3.824631	0.629454	-3.075276	-1.650170	-3.609937	-0.833176	5.991267	2.022748	3.157458	-3.642092	4.942994
-1.489858	2.588308	-0.706093	1.392020	0.315720	-0.101553	2.354371	-1.914567	2.558801	0.515519	-1.510073	1.059539	-2.917958	-1.478099	-2.357326	-1.925169	-2.675916	0.439342	1.106373	1.508923	-1.111755	1.751709	2.049633	-1.021989	-3.352056	2.944913	4.450582	-1.351663	-2.906613	-1.650718	-0.363682	1.279214	0.075559	0.503447	-2.285806	3.991778	1.103398	5.187422	-2.547362	-1.205355	-2.649830	-0.286621	-0.671687	3.002995	-0.504265	0.891234	-0.162113	-0.361113	-1.922006	-0.391241
0.640771	2.228138	-0.083365	-2.099886	3.793885	1.971031	3.090192	-1.511332	-0.300081	-1.797870	-2.704268	-0.145066	-0.695098	1.725617	-0.087091	1.401988	-0.577367	5.710150	1.290713	-0.067557	-7.068720	-2.085062	0.982675	-0.392534	4.342313	4.569764	-3.036529	-0.075843	1.815203	-0.228852	-1.707673	0.184568	0.331807	-0.448602	4.229531	1.807317	-3.959992	-3.179191	0.693283	-1.679684	1.896262	3.936761	1.800224	2.307719	-1.176447	-0.257920	-2.223285	-0.852316	-2.512090	-1.968135
-1.720533	-1.691118	0.755598	0.147562	-0.277966	-2.234992	0.571612	1.118238	1.100796	1.582867	1.922030	-0.424313	-0.677558	-3.481789	-1.082584	-1.665834	2.214179	-0.992759	1.384714	2.580382	6.602339	-0.732147	-4.120122	0.024044	-2.720516	-1.631550	1.921503	-1.814207	-0.910794	3.948162	0.195539	-0.252148	0.285599	-0.023557	-3.229307	-1.188125	2.109023	3.845780	-2.211744	1.064847	-0.104790	-5.873020	-0.810581	-0.677873	-2.079712	-0.891446	2.247203	-0.681581	1.534099	3.352707
-1.262529	0.455260	3.507311	2.533050	-4.052609	-1.121818	0.675355	0.776281	0.590818	0.841304	3.660650	1.683573	1.962326	-5.769217	3.484126	0.316253	0.487848	-1.565637	-2.946542	3.727686	4.478470	-1.478779	-2.171094	-0.346112	-4.428551	-3.179025	-0.061812	-0.680309	-0.866376	1.350138	-3.090389	-0.668345	-1.074620	1.921875	-5.106774	-0.374321	-1.712778	5.539481	2.156091	-0.982962	1.560620	4.132600	0.923818	-2.519712	0.053422	-2.204307	-0.276893	-4.314041	3.626204	-3.266662
-2.457346	-1.248490	0.105376	1.045858	-3.771680	1.273579	0.283229	-0.428447	3.498440	0.386996	1.990945	-1.184489	-0.352720	0.418714	0.285585	2.213189	-2.857674	-3.325564	1.503070	2.229253	-1.850857	-0.355564	2.433278	-0.724585	0.635856	-2.675838	0.686364	0.758102	-0.081995	0.205915	1.226999	-2.680077	-0.230824	1.086569	-3.404501	0.026528	0.660362	4.663711	0.267489	-1.839457	1.593478	-2.105462	0.265137	-0.245982	2.673959	-0.737438	-1.967379	0.378670	1.067524	0.056337
-3.726620	-1.312164	-0.874200	-1.838280	-1.905298	-2.888939	1.181624	2.431872	0.018422	-0.848735	2.085450	-1.153029	2.897170	-4.983959	-0.070294	-2.031678	5.407519	3.115662	1.859749	7.973579	3.427853	-0.848969	-3.814981	-1.251143	3.377841	-2.161225	-2.983270	-1.772370	0.746224	7.312951	-2.416608	-1.819979	1.361694	1.957780	-0.333595	-0.970021	-2.183179	-0.199624	-1.104838	-1.441765	1.963543	2.764717	-0.443737	1.763794	-0.550754	-2.702495	-2.381693	-1.361248	3.035571	-3.369817
1.893094	-0.367195	0.087478	1.685781	1.696767	-0.224026	0.813939	0.889866	-1.999949	0.761807	-1.952389	1.686985	-2.600729	-3.004134	-1.790802	-0.957404	1.162612	1.767028	0.570336	2.992077	3.123987	1.375862	-3.202280	-0.011814	2.745915	-1.087233	1.592942	-0.434814	0.522284	-1.930915	2.447006	-0.538666	-0.143790	0.556827	3.681893	-0.780905	2.054092	-7.578576	-1.680909	1.451159	-0.240139	0.815611	-0.092539	-0.650677	-1.913751	2.230506	1.541430	0.494160	-1.352481	1.032499
-3.244480	-0.617940	-0.975072	0.095976	-0.829550	-2.745222	-3.201868	-1.176861	-0.284991	2.641758	-0.424296	-0.027310	-2.260240	-0.419500	4.756280	0.746784	4.187673	2.976964	-1.262188	-0.075338	0.532747	0.893484	-1.532036	-2.425078	-1.377826	3.047789	0.205920	-2.053804	-2.527594	6.317804	0.705630	-0.420565	-0.249932	2.290983	-1.838320	-0.662518	1.500877	-1.912392	-0.759044	1.616517	0.542929	1.029408	-0.372633	-3.608392	2.022487	1.631906	2.743004	-2.329067	-2.157313	-3.594623
