X24	X44	X21	X34	X18	X27	X46	X26	X5	X48	X42	X7	X23	X12	X25	X47	X39	X45	X30	X19	X13	X6	X17	X8	X41	X28	X9	X40	X4	X20	X38	X11	X36	X10	X43	X31	X1	X15	X29	X50	X14	X33	X2	X16	X3	X37	X22	X49	X35	X32
-0.881792	1.136216	0.025255	-1.190953	-1.233393	1.980260	1.689769	-1.400850	0.353242	-2.723786	-4.770014	1.949559	3.657221	-0.039903	1.506041	0.136249	2.385348	-0.717573	-1.196000	-0.379987	-1.401630	-0.295078	-0.063524	-0.791994	-1.346765	-1.260781	-0.347040	-1.468771	-0.612888	-3.734442	0.080567	0.931485	-3.154562	2.947043	1.020262	-0.664098	1.890697	0.806594	1.709850	4.622798	0.616834	1.540865	0.557527	-0.017887	-1.084756	-0.166795	1.911013	5.002527	-1.796479	-3.617379
-1.410478	-0.696161	-2.363570	2.490693	-4.120354	0.055268	-0.722831	-0.337880	-1.838186	-0.530106	-0.459863	-0.486137	-2.263667	-0.427145	-2.611241	3.426041	1.639792	1.335623	-1.037517	-2.414049	-2.564670	-0.503835	0.664255	-0.877980	1.697461	-2.694340	1.392171	-0.240466	-1.127670	-0.973238	-0.931608	2.044797	0.054501	0.498612	-1.779534	0.826749	-0.413736	-0.085913	3.733886	1.026208	0.564004	2.653101	1.368200	-1.850423	-1.515025	-0.647844	0.463867	-0.514025	-1.345884	-0.953413
0.101386	-4.735709	0.853418	-1.127614	0.888495	-0.261342	-1.883874	2.063146	1.654029	-2.989684	-0.596950	-0.847872	3.148335	-0.412705	1.274437	0.805653	-0.714841	0.931732	3.965941	0.022330	0.607621	-0.431355	2.318948	0.738758	-5.479041	0.994329	0.247505	-0.940163	1.786578	-1.908750	-1.445675	-1.336310	0.746718	1.887781	2.960612	-2.321132	0.898268	2.691219	-1.239049	1.991047	0.740378	0.247779	0.887255	1.417733	0.308508	-1.573747	-0.867155	-3.493142	-1.454957	-0.919427
-0.528673	0.265581	0.986836	3.644668	0.609041	-1.784749	2.893747	0.196441	0.168232	2.508554	-2.121919	-0.940343	1.249762	1.564146	-0.033755	-2.195419	-0.584412	-0.161173	1.218322	0.567189	-1.168305	2.325368	-1.261750	1.112722	3.158361	0.973061	-0.763678	2.458806	1.926080	-0.873553	3.185627	1.694550	1.935440	1.017087	0.550486	1.087136	1.548215	-0.017269	2.136301	-3.509875	-0.363677	1.424614	-0.960316	-1.340704	-1.131718	-2.924357	-1.716929	-2.341426	0.603922	1.532570
-0.048674	-0.946966	-0.914477	-1.224133	0.136502	-0.157153	1.635155	0.621546	0.051139	3.801240	-1.298527	-3.075019	-1.621078	-2.605304	0.848894	-2.796314	-0.891328	0.144549	-1.514818	1.835496	-4.004831	2.376193	-1.602640	1.447451	-1.168085	-4.105128	-1.176568	-0.920204	2.082375	-1.612958	-1.569123	1.738003	-0.914215	1.469635	2.277165	-1.118231	-2.610620	0.244255	1.490608	-1.343513	-0.429014	1.201214	0.684388	-0.323367	0.546769	-2.105540	2.002451	-0.407024	-0.707953	-0.189333
-0.849322	-1.172872	1.996377	0.388085	0.713473	-1.594939	1.215974	2.775070	2.296822	2.709813	-2.403438	-1.836846	1.056890	2.286723	-0.530548	-6.405153	-0.173983	2.443819	0.948804	3.308528	-1.741489	0.971979	1.032110	3.465938	-0.804053	-0.172879	-0.229253	1.911772	1.332445	2.928083	-1.930656	-0.862443	-0.755595	-0.414093	-3.148043	-0.507954	2.338381	-1.146211	-3.545792	-6.299146	-0.835854	-5.101033	-1.884730	0.070181	1.165999	-0.821816	-0.232375	-1.112709	-2.138555	-2.203920
0.033159	4.250010	-0.720169	2.709886	0.083574	-3.782869	-0.740127	-0.276982	-2.915891	-6.373514	2.345016	1.083264	-1.228861	-0.319237	0.560300	4.751992	1.679451	0.241707	0.142041	-1.893456	-0.485845	-1.391587	1.902355	-0.677576	0.469742	0.745642	-0.087088	-1.377202	1.343964	-3.035541	0.628642	1.422314	1.285790	-1.374292	4.228430	-1.022639	-0.363819	0.364259	1.454585	7.823192	1.170174	3.355944	0.257066	-1.055284	-0.289322	1.857605	1.655708	1.057462	-0.274069	-1.401219
-0.665584	2.274798	-1.719945	2.277254	-1.313593	-0.657390	-2.104995	-1.313552	-3.911316	2.895884	-4.075684	1.854111	2.471857	0.180735	-0.214037	-1.190521	2.388971	1.585595	-3.703535	-2.052807	-2.493960	-0.662619	-1.840787	0.507753	1.988261	2.573971	1.457846	-0.150166	1.085505	0.484287	-0.036140	3.823165	-4.730598	-1.447553	1.317868	3.079079	2.932609	0.831188	1.974940	-7.123516	3.150981	4.473969	-2.695456	-0.477935	-0.721517	-3.429615	1.791777	3.535254	-4.124997	-0.850540
0.300283	-3.255125	-0.226674	-4.024140	-2.152955	1.513128	1.167412	0.045170	2.390649	-1.551806	0.279921	1.125704	1.156268	-0.914888	-3.085450	-1.939693	-0.538123	-0.558100	2.738840	-1.051682	2.912650	-0.825838	2.638579	-0.957898	-3.556031	0.138487	-0.552253	-0.024369	1.389101	0.874142	-1.523794	0.366301	0.307227	-0.815602	-4.688435	0.280178	1.402380	-1.411859	0.159510	0.645139	-0.233129	-1.833255	1.386545	0.510962	-2.225971	-1.127675	-1.491325	0.422383	-2.962792	0.243496
-3.906412	2.414766	1.297247	4.012830	1.687105	1.349322	-0.002670	1.541559	-3.036919	-1.896063	3.237657	0.082434	-1.980699	-1.071908	0.394718	-1.395765	-2.670513	1.603412	0.659596	0.789115	-2.209770	0.232128	0.813295	1.998023	5.289046	-0.573757	-0.596279	-1.262462	1.176045	1.408257	1.170664	0.917382	0.607733	-3.956822	-2.894675	-2.037788	-0.771886	-2.279760	-1.282477	-1.363078	0.995957	-3.268677	1.493386	2.176758	1.601337	0.883658	0.490693	-2.002013	-1.446804	-1.114996
-0.295830	-1.228007	1.268989	-1.182227	-0.566037	-0.750399	-2.046160	-2.113827	1.208444	6.747453	1.019489	0.579149	-1.509563	2.190651	-0.242903	-2.904240	-1.433922	0.566188	1.169769	0.157318	-0.028457	0.348770	0.593071	-1.235671	-2.981399	-3.585457	1.279894	0.875498	0.989965	-0.260024	-1.408969	-0.725741	0.193090	-1.561667	-2.454545	2.432009	-1.079783	-1.383255	-0.509576	-3.422960	-1.319325	0.526083	-0.148889	-0.270027	1.512995	-0.005391	1.026380	-0.341488	-0.586656	1.026497
-1.060883	0.922168	-0.865718	0.769477	-0.335337	0.104510	1.787863	1.344012	1.136539	1.491285	-0.962342	-1.272796	-1.624264	-0.562116	0.384298	-0.345857	-1.468658	-0.796973	-0.319283	-0.270252	-1.761193	0.801954	0.474364	1.452852	-0.926484	-1.201633	-1.015439	2.630394	0.828212	-1.480864	0.152746	-0.494243	1.655439	0.242983	3.071097	0.999841	-0.457712	-0.071057	-0.358554	-0.218492	-2.224130	2.312861	1.324552	0.866282	-0.110007	-1.759494	0.682667	-3.070563	3.179486	-0.031748
-0.257349	-3.606325	1.285136	-1.688422	-2.597338	0.741850	2.153385	3.761047	0.342856	1.764957	-1.085623	-2.375404	0.024716	1.720364	-0.236876	-5.920569	-0.978402	-2.046850	2.184891	1.326264	-3.024874	2.053801	2.134031	0.615726	-4.420409	0.468954	-1.193855	0.527792	-0.499313	2.514126	-0.865530	1.641624	2.894574	1.075253	0.850428	-1.777197	0.022126	-0.773831	-0.889362	-2.237307	-5.620541	0.571752	0.259490	0.261384	-2.200315	-2.182454	0.851103	-3.156157	0.767452	-1.020548
-2.275498	-2.682678	1.317492	-4.450596	4.331170	4.668974	2.400805	2.593162	0.039473	4.528172	4.094159	0.644969	-1.697063	0.191497	4.569189	-3.985662	1.250712	1.638555	-1.634083	5.404427	1.764092	0.604208	-1.016419	-0.561273	-3.706530	-0.551003	-1.192025	-1.055848	3.365710	1.966127	2.875452	0.115444	1.003672	0.361217	-0.770075	0.541687	1.934386	0.823605	0.436920	-3.013742	0.194705	-4.355857	-2.456192	-0.904113	0.264290	2.961383	-0.665950	3.837984	-4.784581	-1.793266
-2.285093	1.748367	-0.363596	1.115694	2.911328	0.008382	2.643654	0.032062	-1.735793	-6.514243	1.706372	-0.446876	-0.229500	0.526158	2.739347	-0.013740	0.921373	3.059466	1.125568	-0.656195	0.244829	1.138724	2.014036	2.385129	-0.114411	2.064381	-2.939391	-1.067330	1.725533	0.353109	-0.876889	2.097020	2.601430	-0.900576	2.476622	-2.139500	1.459258	0.061009	0.144867	6.807488	1.263308	3.315139	-0.899938	3.367946	-0.417400	1.617330	1.835818	-2.657166	-0.327781	0.073613
-0.018757	-0.469208	1.082319	0.225673	-2.416163	-1.225202	0.081793	-2.296221	0.816062	-3.277625	-1.635142	0.234376	-1.546231	1.040413	-1.522092	0.750459	-0.030417	1.254130	3.021409	-2.458226	-3.009669	0.502754	1.755660	1.016598	-3.524263	-1.270084	-1.215916	1.849771	1.238749	-1.015934	-0.025639	0.000557	3.769250	1.181708	0.523281	-1.393687	-0.303735	0.949143	1.022861	6.024489	-1.175917	3.598092	1.928742	0.575725	0.294145	-0.739996	0.004037	-4.639780	-1.066284	-0.197309
0.775508	-0.876599	0.210697	-0.400742	-0.326549	0.150424	1.381265	-2.019480	0.381986	0.469581	-2.804140	0.979883	-1.713367	-1.036452	-2.115671	1.428347	-0.191347	0.873496	-0.428205	-0.204038	-1.394323	-1.974084	-0.264966	-1.156729	-0.466453	-0.372859	0.516271	1.265678	-0.282179	-1.289437	-0.520231	-0.201067	1.341372	0.759896	-1.830394	-0.513704	0.130442	-0.008575	3.558685	2.671055	2.646715	0.012869	0.676521	-1.884393	0.560748	2.304198	0.494860	-2.231331	1.770028	1.199452
-2.315068	3.087849	-0.024767	0.977593	-2.613127	1.535757	-1.509576	0.628102	-2.972398	-4.797100	0.811722	-0.632330	-1.290722	-0.159454	-2.889316	5.515265	0.099038	-0.683146	-2.481944	-2.304384	-2.706352	-1.217712	-0.997228	1.610076	1.105870	2.318178	0.578124	-0.860752	0.869411	0.071149	1.386219	2.893934	0.836642	0.095174	3.478192	-0.745907	-0.501767	-3.020706	1.489068	2.944962	0.500552	4.697227	-1.773172	1.347525	-1.442647	-2.501307	1.103728	-4.161293	-0.030839	1.166786
-2.630915	5.215141	-0.283860	-1.226509	1.822647	-1.116272	-1.326809	-0.380930	-0.355198	-5.405370	0.351934	-0.371949	0.409106	-1.276581	1.377686	4.245362	-1.207138	-0.759529	-0.269825	1.569242	-0.248668	0.556328	-0.234192	-0.334453	3.558077	-0.140656	0.968131	0.968181	-0.959287	3.402390	2.848975	-0.327834	0.040274	1.479726	-0.815157	0.645812	0.041690	0.471866	1.416414	-0.719077	-0.107467	-1.410642	-0.281663	-0.399720	0.339324	1.113645	-1.881882	4.166450	0.595175	-2.515279
1.898967	-1.362110	-0.366701	-1.549838	-2.375776	1.706932	-1.379147	-0.953021	-1.578888	-1.343615	1.717556	1.460212	-0.891704	-5.008836	-2.189815	0.793992	0.498674	-2.330869	-0.053587	-2.519439	-1.581499	-1.534712	-0.327258	0.887700	-0.755682	-0.541818	0.098360	-3.455093	2.866984	-1.331570	-1.481664	2.060250	-2.020271	-0.420036	3.710872	1.049809	-0.286410	1.858362	3.383868	0.160120	1.104870	4.783266	0.777403	0.821112	-0.349070	-2.838829	1.275020	-0.825135	0.253001	-3.001753
-1.284607	0.568544	1.587488	2.945531	1.544308	-0.347866	1.444938	-2.764075	-4.585667	-3.388881	-1.655780	3.365499	-2.771650	-0.662867	2.492337	1.554323	1.781659	0.620677	-0.769395	-3.131768	-0.985807	-3.115696	-0.704427	2.243438	-0.393343	0.343926	-0.977743	1.650875	2.639944	-1.006972	4.318987	0.684873	2.172311	2.589209	5.819632	-1.783369	-1.082270	0.675418	2.871548	4.551556	0.521821	2.183780	-1.002657	-0.089706	0.817556	3.302390	1.205354	-1.317076	4.475460	1.714287
1.164410	2.523426	1.044723	-0.155196	1.891328	0.775708	0.436905	1.589084	3.961102	1.795302	-4.927137	1.467417	-2.147612	-1.841173	4.585954	-5.492603	0.102156	-0.801517	-2.348000	6.247796	-0.169978	-3.270095	-0.570006	0.431998	2.457717	-2.279325	-1.109364	2.149475	0.871245	1.493537	-2.403721	-1.636585	0.965115	-1.411556	-1.063159	-1.253910	0.090537	-0.275292	2.641253	-2.496075	4.385500	-3.944436	-1.357301	2.582520	-0.139303	3.921918	1.531252	-0.044147	-0.338837	-0.689718
-2.572353	0.550934	-0.637226	-1.550627	0.628401	1.062028	0.352606	1.718965	0.313838	-0.724025	2.526989	2.815627	-1.811221	0.231998	0.212958	-2.002119	3.536061	-3.086591	1.020106	0.097361	-2.319111	-2.781389	0.711972	2.207770	1.210760	-5.157147	-0.847523	-1.140583	-0.462417	2.767410	-2.206761	1.100037	1.387738	-1.232231	2.642054	-1.334988	-0.584197	-1.750542	1.415163	-0.111934	2.481257	2.543726	0.494009	1.590353	-1.675979	3.293536	1.088062	0.861854	-0.117671	-3.237526
-2.057812	-0.176592	1.727967	1.422406	0.234152	-1.220216	0.210303	-1.477720	-2.625963	3.582681	1.157832	1.310882	-3.603545	-0.016056	-1.530327	-0.593610	1.543097	0.741611	-0.534896	0.362734	-0.744547	-2.003166	-2.854374	-0.144111	1.274274	-1.532596	1.202223	1.393462	0.083978	-1.322025	2.630798	-0.329948	-0.272238	-1.681855	-1.095934	1.972613	-1.209726	1.105517	-0.914288	-1.470561	-1.168054	-0.916268	1.153613	-0.051304	1.526925	-1.677366	0.542723	-0.501060	1.428825	-0.772764
1.989765	2.871891	-0.164936	2.380514	0.103433	-4.051654	0.005857	0.859877	-0.109340	1.141640	1.478713	0.058690	2.339785	-1.538574	-2.832476	3.356355	-4.748526	0.549164	2.336432	-1.616232	-2.503392	1.112798	0.095411	-0.411158	1.258440	1.257483	-0.492369	-0.903484	0.355381	0.284444	0.527031	-2.241407	-0.430679	-1.051974	0.151206	0.499779	-2.943446	-1.365630	-3.193799	-1.523373	-0.760246	-0.522500	3.056072	1.758686	1.879140	-2.164872	-2.085108	2.767502	-1.754050	1.753376
0.698158	-1.737786	-0.088039	-2.300576	0.201940	3.597968	4.426447	-0.205297	0.640134	3.824974	0.330118	0.991550	-0.082281	2.852077	-0.144567	-3.509978	0.548234	0.340333	-2.750284	0.985397	4.132307	-0.449229	-1.529074	-0.570787	0.018577	1.170946	-3.982089	-1.031062	0.033150	1.045927	-0.950316	0.597832	2.027393	1.055019	-1.395588	-1.141188	3.373833	0.682599	2.819599	-1.936768	0.511288	-0.979097	-2.105176	0.566909	-0.572770	1.838286	0.439008	-1.604186	-3.164846	-0.693812
-0.589511	1.845513	-2.756160	3.204294	-2.360778	-1.770055	-1.328007	-1.696263	-4.535823	-6.796996	3.537745	0.233607	1.677428	2.931077	-3.593464	5.926268	6.412918	2.111598	0.773782	-3.422189	-1.021794	-2.210268	1.074145	0.149271	-2.861371	3.095249	1.194708	-3.553173	-2.429222	-0.592213	0.674678	2.282474	-0.180923	-0.482683	0.857984	0.585879	-0.009347	-0.224838	2.815142	4.072964	3.808289	4.611322	0.252980	-2.567473	-1.362602	-1.681322	-1.160013	-1.355245	0.101193	-1.283175
-3.046231	1.082670	-4.780704	2.288011	0.872397	1.508870	-0.333083	-2.534968	-2.225822	-3.044405	-3.700377	0.562646	0.310481	-1.973529	1.169936	3.610719	0.383426	-0.513860	1.663228	-3.664777	0.341174	-1.110476	0.332478	-1.795929	1.702203	0.148826	0.319813	3.539263	-1.183225	-2.855492	1.467228	1.729591	-0.605832	0.319713	-0.931325	1.008312	-0.635095	1.577704	1.752221	4.112437	-0.583181	1.284685	1.572475	0.624988	-0.663579	0.226843	-0.297590	4.555845	-0.801516	-0.310501
-0.878579	0.960253	-0.527517	-1.759571	1.863470	0.708727	-0.243904	1.172644	1.849373	2.295464	1.473298	-2.201348	-0.646011	0.302394	2.657808	-3.305803	2.252987	0.923305	-1.106040	3.614103	0.707869	0.667508	-0.638520	1.101395	-0.559307	-1.105559	-0.482357	-1.984490	-0.630104	2.288738	-2.980280	1.332896	0.802222	0.352308	1.335780	-0.873870	-0.046816	-0.635254	0.473959	-4.423457	-2.281653	-0.870325	1.638135	-0.706491	0.115450	0.650574	-0.877825	-2.522240	1.006130	-0.865179
-1.769093	-3.810689	-2.500263	0.631538	-0.921612	1.233100	-1.661006	-3.197107	-1.631165	-1.731161	-2.438820	-1.798589	-1.193519	0.452037	-2.360632	2.129044	0.260893	-2.128719	0.196654	-3.180350	0.494493	2.099489	-0.785390	0.042443	-1.473307	0.538635	1.745196	2.334714	2.365307	-0.701181	1.985689	2.108061	-0.512108	1.257131	-2.620314	3.239100	0.807296	-0.856257	1.222957	2.223499	-3.092595	2.067635	-0.037366	-1.185061	0.215147	-1.083996	-0.748683	-3.029035	0.177008	-2.944730
-0.020541	-4.223989	-0.004883	-0.905643	3.285585	1.090921	3.935087	0.695476	1.398663	8.501219	1.870563	-0.065384	-0.917297	0.113005	2.493184	-6.427431	-2.759657	-1.025845	2.025979	1.563773	-0.894849	1.679355	1.637537	1.410778	-0.732813	-1.695556	-3.065265	-1.350262	0.685203	1.689518	-0.597856	-1.495049	5.768979	0.275545	-3.203155	-3.074929	-1.589166	-0.286749	-0.714975	-4.788526	-3.173306	-4.021781	3.475622	0.294578	1.462892	2.576756	0.676413	-6.859230	0.977133	1.686391
-1.903371	-3.532530	-0.288094	-1.487216	-5.781325	1.376747	1.500256	0.452314	-0.667714	-1.108406	-3.801795	-2.658238	-0.275324	-1.743715	-5.753485	-1.611238	-1.000452	3.517796	0.489298	-0.843112	-3.780214	0.693923	1.057657	2.257629	-2.187602	0.054941	-0.725734	0.724054	2.427566	-0.110612	-0.051598	2.091862	0.213782	2.991565	-3.572908	0.089399	-0.417870	-0.864692	0.653203	-3.450397	-3.032730	0.288224	0.530033	-0.692186	-3.429564	-7.892574	2.305452	-7.892554	-4.057557	-4.584961
1.003678	2.006324	-1.736033	-1.003396	-3.732162	-3.356663	0.197606	1.536153	1.973720	1.466607	1.833906	2.208887	-3.686092	-4.171309	-4.502411	3.329440	-2.038878	0.736589	-1.163166	-3.062960	-3.211272	-1.552881	-1.222082	1.048189	0.253774	-3.156854	-1.214405	-3.703688	2.873168	1.202634	-1.043613	-1.284705	2.977306	-1.407276	5.031621	1.638680	-4.161678	-1.635605	-0.158586	-3.616308	1.023199	4.759108	2.692987	-0.531806	-0.354133	-1.474039	-0.269127	-2.688490	2.057082	1.385632
-0.357989	0.594515	1.246218	-2.124095	0.737745	-0.545461	-2.086510	0.869541	0.729602	-1.097678	1.697175	-2.125507	-1.642085	0.376306	1.045077	1.820376	-1.512967	-1.452765	0.271253	0.595430	3.087615	1.358246	2.410162	-0.500965	-0.941650	-1.777619	0.660018	0.097766	-0.189355	-0.505855	0.763949	-1.324665	-1.077173	-0.764716	0.055036	0.677487	1.832316	0.487180	-0.655469	0.569860	-2.774389	-2.620088	-1.161966	-2.717527	0.173373	-0.400233	-0.000694	2.295801	-0.101000	3.323895
2.180133	3.143597	0.920349	1.654087	3.754439	-1.687040	-0.573249	1.601721	-0.242800	2.345300	-5.396759	1.472484	1.539109	1.532511	3.002299	0.361033	1.591416	0.245971	-0.365395	1.986321	0.583281	-3.149700	0.771377	-1.736874	4.293537	3.181025	1.639477	0.980794	-0.207399	1.731653	1.852511	-1.000926	-3.080947	0.037629	-1.185469	0.586042	1.169666	0.401532	2.689243	-2.655194	3.794208	-3.072141	-0.780200	-1.083158	1.865713	5.259486	-1.166090	4.624722	-1.777073	1.806438
-2.583952	-0.896653	1.583047	-1.038236	-1.979149	1.884610	4.365934	-1.043146	1.105593	-2.077925	4.465997	1.302680	-0.440093	-0.875801	-0.953198	1.350493	-0.212674	1.719865	-1.584303	-1.882936	0.901662	1.048899	-1.283696	-0.765763	-0.983805	-0.510649	-1.932196	-4.045111	0.640658	1.106015	-2.552221	1.834142	1.104308	-2.201173	-0.870152	-3.084493	1.104663	-0.760651	0.402802	0.408082	1.166002	-1.197062	-1.188376	1.961776	-0.989125	-3.433628	0.904343	0.505164	-0.043460	0.906413
1.278206	-2.239440	-0.676389	-0.915193	-0.578642	-0.520468	1.007835	-2.133606	1.624520	2.045540	0.451057	-0.330739	-0.949188	-2.642268	-2.723576	0.829878	-2.945895	-4.174256	0.182927	-2.371150	-0.147479	-0.755087	0.210512	1.541117	-1.604588	-2.895660	0.025578	0.578798	-0.241854	3.710820	-1.987657	-0.284093	1.185507	-0.298100	0.884750	1.854097	-0.553983	-1.257720	0.499817	-2.246304	1.022534	3.136460	-0.063377	-0.336906	-1.250789	1.690302	-0.431274	-0.113808	-0.180148	1.214886
-1.625207	1.333058	2.485927	4.963467	-1.237220	1.736671	0.232854	0.488557	-2.210226	1.831855	-7.077038	2.482842	3.679714	2.694357	2.846955	-2.545084	2.372973	0.538459	0.743481	-1.157147	1.318764	-2.698150	1.017707	0.995940	3.258185	2.846445	-0.524932	3.638982	0.754437	1.834551	2.222128	-0.014218	-2.213329	1.286695	-0.075454	0.448377	3.862446	-0.811063	0.956581	-5.482143	1.773892	2.231902	-2.481800	2.213851	-0.132034	2.057535	-1.811535	6.350186	-2.591479	-0.596425
-0.027178	2.997315	1.978317	-0.377263	-3.445896	-4.831141	1.833265	-0.682394	1.176466	3.660540	1.037551	-0.448107	-3.709513	-1.454947	-2.020758	-3.602176	-0.588994	0.520526	-0.025966	-0.024898	-5.628998	-0.750987	1.482942	2.345117	3.504696	-4.019047	-0.837196	0.754283	2.918707	0.198337	1.497162	0.615648	4.707555	-1.331510	1.436967	1.516315	-3.083215	1.068299	-0.486443	-4.044372	-0.970080	-2.988138	2.722015	-0.908074	0.243317	-2.771555	0.241559	-6.250607	5.105693	-0.060090
-2.665803	-0.156022	-1.952201	-1.608921	-0.167752	2.801224	-2.954798	-1.490427	-0.329915	1.736944	2.734309	-0.320147	-0.894379	-0.252167	-0.137652	2.059860	-0.943777	-0.343713	-2.263377	-1.155943	2.370825	1.990978	-3.030893	-0.442550	-2.653976	0.379895	0.979545	-1.376868	1.445545	-0.813496	2.497610	0.045041	-2.565125	-1.538078	2.702342	0.151623	2.003875	2.158601	-1.295068	-0.115598	-1.169935	3.647708	-2.557395	-1.041222	0.967124	0.314184	2.872523	4.009707	-1.147823	-0.198826
-0.086847	-3.645044	-2.115940	-0.033591	-1.186154	2.741876	-1.861564	-0.775490	0.454259	1.770919	-0.536680	-2.962944	-2.415174	2.170249	0.876471	1.705633	-0.561571	1.309162	-0.981343	-0.624003	-0.926375	0.652951	-2.160559	0.238567	-0.599959	-2.222965	1.212841	0.459764	-0.491810	0.924650	0.694863	-1.017346	-0.310002	1.198878	0.750944	-1.044569	-0.029873	-0.045384	0.551862	-2.895005	-1.386814	-0.770639	0.478799	-1.156648	-0.088666	-2.459743	-0.324096	-5.371804	1.244049	1.315557
-0.937411	0.306056	-2.540053	-1.142265	-0.148465	1.279967	1.998358	0.938697	-0.225491	-1.758027	0.330410	-1.039696	2.287597	0.430021	-1.901148	-3.754730	-1.190093	-1.992791	0.209306	2.538091	-0.115712	0.693078	-0.747782	0.250835	1.404031	-2.151803	-1.990339	0.018546	-1.843771	1.695183	1.162682	-0.165791	-2.267065	1.503985	-2.637211	-4.636523	-0.657916	-0.324542	-0.777476	2.452371	-1.446639	-4.113922	0.713449	-1.389750	-0.814799	2.572338	0.145077	4.377141	-0.603332	-1.818599
0.162416	-0.084111	1.135800	-0.894358	-3.196016	-1.288543	-0.948314	0.739459	3.482179	0.026656	-1.351732	-0.050922	0.852145	-0.191066	-2.178288	-0.887481	-1.621970	5.910009	0.382154	1.973363	-2.074096	3.125454	0.656394	0.203883	-1.516108	-1.406816	-0.961928	4.033262	-0.672793	0.967532	1.251912	-0.048927	0.027350	0.788455	-1.189152	-0.363896	-0.454877	0.744930	0.113404	0.374002	-3.151023	-1.948798	1.276728	0.511470	-0.865591	-3.009004	3.415351	-2.383636	-4.392448	0.720855
0.527928	-0.451924	-3.201507	0.256490	1.966394	0.547163	-1.946705	-1.060780	2.044161	-0.544954	-2.460161	0.342358	0.259590	0.768372	2.567104	-1.247613	-1.200790	2.688581	0.388722	0.591127	1.013328	-0.758073	1.193418	2.593924	-0.075679	-0.076551	0.772046	0.901187	-0.058791	1.952686	-0.982712	-0.716102	2.198859	1.107490	-0.935630	-2.428166	2.321736	-1.137153	0.924991	0.298934	0.719525	0.975784	-0.625184	-1.331079	0.446066	4.072038	1.034638	-7.251089	-0.417014	2.774163
-0.854066	-3.237114	2.602067	-2.479847	0.886578	1.799139	1.183276	2.962047	4.107425	6.958497	2.335920	2.562702	-2.633888	1.481766	-0.303349	-5.640805	1.984650	1.161796	0.554322	2.862637	1.729199	-1.700298	1.338167	-0.311497	-3.389589	-0.846316	-1.139753	-3.038505	2.369290	-0.200910	-0.552435	-0.870063	3.635441	-0.775720	-0.667954	-1.083410	-1.300139	-0.743585	1.035874	-2.347743	2.447696	-3.644915	1.451061	2.049133	0.404701	3.292187	0.976432	-7.431284	0.064960	3.437383
0.857927	2.329479	-0.463548	0.030024	2.560125	1.272688	2.103278	2.135737	1.183777	0.865992	-1.613058	-2.487782	0.645673	2.518833	3.820123	-1.503015	2.451069	3.347724	0.063459	2.438870	1.542457	0.572638	-0.531286	-0.908345	1.741495	0.753766	-0.657559	1.626858	-3.957087	-2.001092	-1.011122	-0.691538	1.172540	1.399359	0.425802	-0.683349	1.420238	1.066940	0.573322	-2.407958	-0.636976	-0.988282	0.453482	0.667042	1.449873	-2.796299	-1.516218	0.899193	0.807358	-0.649515
-1.605691	-1.777950	1.226760	-2.176864	-0.292545	1.876694	-1.965590	0.705722	-0.051596	2.767624	-1.784353	-2.243426	2.430288	-1.277797	2.486316	0.654688	-3.341031	-0.507890	-0.936160	-0.508907	1.969021	0.762693	0.282813	-0.983131	0.256643	1.351785	2.814303	-0.556012	-2.884450	2.283760	0.874315	-1.609573	-2.970542	-2.216995	2.110823	3.362464	1.670506	-1.203387	-4.339164	-7.475309	-1.416299	1.710667	-0.723125	-0.741272	-1.862489	-1.223152	1.216264	3.081181	2.191677	1.369916
1.599376	-1.496138	1.754783	-1.523842	-0.005618	2.260259	-0.618458	0.765457	-1.020808	-3.778445	5.438763	-1.819585	-1.431161	2.347309	0.788482	1.316965	0.202481	-0.468989	4.815420	-1.031828	-1.746361	2.394007	4.316368	-0.473743	-0.874401	0.505776	0.091996	-2.554235	-1.924773	-2.272612	1.004974	0.130450	5.077091	-1.741474	1.548700	1.592925	0.324727	0.325023	-1.306349	7.715435	-0.692147	0.997042	-0.109239	-0.445310	1.057359	0.583424	1.562546	-3.289068	1.258358	-0.406186
-0.789398	1.058012	-2.642269	-1.368004	-3.831684	0.517698	-1.855782	-0.995418	1.416236	-1.809648	-0.013200	0.876397	-1.989986	0.010156	-3.415272	3.583596	-1.486798	1.246830	-2.496824	-1.025461	-0.368584	-0.211435	-4.563998	-2.919615	-0.523916	0.150441	1.570466	1.296819	-0.065342	1.476544	-0.040226	0.014017	-0.563190	-2.144997	2.297811	1.175756	-0.342127	-0.926986	-0.751616	-1.550428	-1.523692	4.422875	1.506495	0.908962	-0.293064	-2.758389	1.015778	-3.721371	-0.919440	-0.802561
-0.598285	-4.183171	-1.316853	-3.132090	1.428884	2.199278	-1.994381	-0.411319	-0.278578	2.270018	1.268015	2.996809	1.005949	0.796971	2.043771	-0.066314	0.012203	-0.325208	-0.951145	2.761487	0.190609	-1.693316	-1.651848	1.149181	-3.300549	0.239529	2.070314	-2.154275	2.574013	1.114530	1.157653	-0.396123	-2.597903	0.828987	-2.120483	0.577250	-0.000813	-0.508135	0.394596	0.478932	-1.308513	-2.981524	-1.776397	-0.281121	-0.638338	1.141351	1.432666	2.163344	-1.171739	-1.305937
-0.445894	-1.415266	0.628719	1.550659	-0.486330	-1.525854	1.859591	-1.141076	-0.630563	-1.903263	-1.429766	-0.930698	0.217852	1.395171	0.939318	-1.564696	2.661331	-0.324568	0.597747	-1.581855	0.396379	-0.805860	1.552981	0.132078	0.168642	2.056181	-1.247524	1.849374	1.418550	-2.394131	1.393325	-0.347276	0.531233	-1.092837	-0.461826	-1.983829	1.928909	1.974515	0.224581	2.699221	0.440591	2.102569	0.510289	0.247495	-0.639182	1.524875	0.162036	-0.720695	-1.674249	-1.244167
-1.444502	0.012977	2.680586	-3.158190	0.947495	2.749767	0.781980	1.036215	1.826129	-1.249343	-0.118346	-0.914508	0.267522	2.381150	0.281675	-0.058358	-2.105584	-0.218795	1.129868	1.749084	1.208013	0.582818	1.363628	-2.008845	-1.190783	-0.198577	0.870644	-0.391530	-1.025563	2.010396	-0.593625	-3.602791	0.851768	2.069826	-4.854131	-0.202519	0.170929	-1.573260	-3.108074	0.372916	-2.122631	-4.757551	-1.380305	0.879715	2.437315	1.535639	0.606698	4.920458	-1.217221	-2.989057
-1.788772	2.950841	-2.369200	3.157910	-1.771964	1.293206	2.406721	-0.105785	-3.689384	-0.217504	-6.845856	-1.137990	1.703717	-0.976557	-2.572808	-4.960750	1.501680	-1.064838	-2.281665	-0.686586	-0.507741	0.739323	-0.997810	1.055881	2.881159	0.127809	-1.890290	4.203995	-0.910897	2.952331	1.921099	4.236178	-0.938527	-1.043622	0.383606	-1.601400	0.321323	-2.429188	2.874725	-6.219843	1.266639	3.476745	1.903351	0.208084	-3.745743	-2.568325	0.687333	1.255543	-3.256500	-2.317171
2.130580	3.621501	2.477404	-4.449707	1.965942	5.088316	-1.486262	-1.654188	2.355995	-1.093438	3.263994	2.250458	1.843333	-0.659104	2.400056	5.074941	-1.788714	-0.786472	0.227481	2.128841	0.460474	-0.934993	1.889434	0.131536	0.328432	-0.623456	0.320387	-3.416927	-3.797925	3.172646	1.956675	-4.773571	-1.926496	2.485951	-1.567309	-1.160009	-0.435372	1.152376	-2.702594	-1.968359	-0.240104	-6.740570	2.449846	0.487744	2.542470	2.230560	2.168215	0.535939	2.424581	4.367954
0.796877	-1.982314	1.852937	-1.060212	0.658519	2.261582	0.709116	-1.452345	-0.292204	5.515386	2.718302	-0.622607	-0.995538	0.783808	0.200142	-1.652450	-2.781821	0.862675	-0.717899	0.176731	-0.500312	0.998062	-1.036646	-0.627070	0.076122	1.049548	0.552477	-2.255299	-0.374610	-1.342053	0.363340	-2.438436	0.987751	-1.850894	0.476490	0.494938	-2.015166	0.099105	-1.368986	-3.091793	0.720111	0.620134	2.052378	-0.906491	1.300753	-0.641947	-0.011592	-1.926437	1.970689	2.530558
-0.472381	-0.084428	1.212775	1.704403	0.553795	0.353804	2.355554	2.613787	-0.863979	1.655194	-3.740538	0.561835	1.099358	3.394305	0.367396	-4.561735	4.186383	1.838158	0.015838	2.748395	1.382628	0.362908	1.325196	-0.001612	0.737900	0.954752	-0.852325	0.659455	1.115085	2.163669	-0.372531	1.675343	0.909521	0.917671	-0.844754	0.011983	3.665780	-0.333638	2.169670	-4.859193	2.159942	-0.611020	-2.804167	2.211492	-0.595260	-0.045941	-1.911663	3.486811	-0.494332	1.100853
0.390200	-1.192519	0.158229	0.074965	-4.105074	1.423535	0.218514	-1.788739	-1.157861	-1.565509	-1.566311	-1.733721	-1.513582	-0.921934	-2.897313	1.025747	2.072691	1.636403	2.983812	-3.735177	-0.988549	1.003507	0.562373	0.325660	-2.535725	-0.211547	-0.302294	-1.751388	-2.347746	-1.104468	-0.080397	2.330980	3.063697	-0.485213	6.753554	-0.762445	-0.188740	0.458878	-0.506151	1.358131	-0.747371	8.586222	-0.087050	0.363611	-1.892152	-1.454857	2.711090	-6.625123	1.909306	0.091275
-1.043148	-0.485242	-1.366373	1.123217	-0.754890	-1.113752	0.580440	0.046068	1.252797	5.675229	0.086390	0.645744	0.113299	-0.172947	-2.381763	1.231908	-2.050104	-0.162085	0.598688	0.469380	2.293520	1.329771	-0.854542	-1.511527	3.615356	1.398675	0.774640	1.035547	-1.998773	-0.872987	-0.677082	-1.770312	0.557467	1.503578	-4.601686	4.589277	2.364437	-0.380003	1.248962	-4.113507	0.468494	-2.057623	-0.155224	-0.763676	0.486038	-1.318998	-1.505557	-1.828411	-1.270099	3.167024
-1.505154	-3.151745	-0.316020	-3.134652	0.566321	4.530312	-1.654141	0.616702	1.461918	7.150667	1.553230	-0.347184	1.157734	3.229815	0.236767	-4.192641	2.374861	-1.150483	-1.809200	1.652415	4.517242	-1.499297	-0.301346	-3.517981	-2.068924	2.163999	1.409667	0.352056	-2.099327	3.160000	-0.835177	-0.673400	-3.948967	-1.372465	-1.291808	0.776463	2.574744	-0.258847	-1.641186	-7.526252	0.608518	-1.823178	-0.582453	-1.406819	1.456896	-0.850142	0.587675	4.595985	-2.373350	3.657748
-2.748649	-0.565339	0.049374	-0.323268	-2.374518	0.665031	0.593586	-0.028112	0.673366	-7.935835	-1.660207	0.308257	-0.142347	-2.370743	-3.271333	-0.177434	3.604231	0.937325	2.633860	1.941594	-0.303721	0.878817	1.935329	0.440697	1.025079	0.071827	0.062284	0.260717	0.805527	0.836544	-1.555768	4.130571	2.196346	0.458346	-0.044309	-0.694474	0.843421	0.640458	2.349933	4.880492	1.083558	-0.398243	-0.773675	0.684799	-3.338158	-1.777469	-0.572597	-4.122172	0.553228	-6.138913
3.116102	1.226653	2.856587	2.624191	3.382821	1.422221	2.182688	-0.827675	-1.899717	-3.358558	3.041491	-1.150325	1.546658	2.779278	3.768104	4.446121	0.556276	0.087293	-0.351758	-2.936380	0.113731	1.991996	-0.700443	-0.216923	0.897531	3.250474	-1.462180	-1.293501	-0.300850	-1.188632	-0.030169	-1.175024	-0.505011	1.353637	-1.235820	0.032456	0.701506	1.263876	-1.851581	4.085982	-2.211796	-0.765071	0.583255	-0.705607	2.596019	0.691127	0.369754	2.107209	0.726391	1.701136
1.337137	-3.059133	-1.535597	-1.147074	1.951322	0.994533	0.217426	0.445347	-0.346594	0.991228	1.687203	1.273023	1.839540	0.346422	0.962086	-0.167135	-0.558877	2.335813	0.983434	-0.224435	1.636842	0.537393	0.958617	-1.034923	-1.179487	3.509835	0.673332	-0.802567	0.381396	-0.709612	-1.684588	-0.263068	-1.120991	-0.072842	2.562738	1.360825	0.763109	-0.473132	-2.956636	2.573678	-1.156834	0.632537	0.005201	-0.287027	2.607731	1.574478	-1.731413	-1.829746	2.386813	0.119538
0.881628	-0.442686	-0.907474	-1.195498	-1.083578	0.140852	-2.008559	2.263044	3.716998	6.740761	3.742478	-1.805543	-3.012098	-0.392132	-1.808023	-2.919252	-3.082088	-0.606730	-0.206335	2.932093	0.040516	0.518723	-0.014653	0.147313	-1.951207	-5.028333	1.866430	-1.367225	0.286054	1.822794	-3.485744	1.030005	2.233244	-2.189580	1.668568	1.082973	0.543953	-1.299623	-0.223384	-6.524571	0.115143	-0.551394	-1.773708	1.471962	-0.048293	-3.712646	1.368773	-3.506753	2.332447	0.362272
1.737335	-2.258557	-0.603089	0.932772	-0.764070	-1.758792	-0.082096	-2.915978	0.064169	6.263964	-0.404288	1.664180	-0.555374	2.667079	-1.050436	-2.507599	3.338549	1.756496	-1.021924	-1.655699	-2.215031	-1.993138	-1.621666	1.328269	-1.750195	-0.804072	0.126996	1.104754	-1.468284	-0.800412	-0.749604	0.119722	0.652933	-1.014499	-2.153005	0.532178	-0.708836	-0.238689	-0.278315	-4.827203	1.951259	0.241252	0.420632	2.050120	0.459609	-1.604476	-0.954737	-0.965214	1.618277	0.579128
3.051728	-2.501017	0.027471	-1.823935	0.891388	2.332419	-3.467747	1.859394	2.311227	0.560322	0.361276	-1.569152	-1.479244	1.203499	-1.585399	-3.960879	-2.169099	-2.149891	-0.049813	2.089386	1.628417	0.898292	2.012622	-0.920393	-1.787460	-0.845172	0.181291	-1.181890	0.167211	-1.515612	0.850352	-2.224202	-0.013056	-0.434650	-3.215441	0.855755	0.305834	-1.361908	-1.100770	1.325600	-1.022043	-5.975026	-0.658002	1.576452	-1.045079	-1.657842	2.073097	0.367321	1.605796	-0.050528
0.122464	-3.705350	0.415908	-5.629391	1.716203	2.522575	-2.923724	-0.061238	0.733603	0.951904	0.430171	0.549758	-2.275885	-0.525020	1.982433	0.560841	-2.480101	-1.714878	-0.829660	0.227789	2.657039	-1.560550	-0.384497	0.221956	-4.552315	-1.353951	1.611228	-1.592585	0.872689	-0.399033	0.423211	-3.468141	-1.275077	2.650010	-1.418274	0.755622	-0.893987	0.437188	-0.057925	2.543151	0.071862	-2.610947	-0.268187	-1.365911	2.421443	3.796088	0.726283	1.300484	0.795873	-0.056797
-0.425272	1.105450	-1.661984	1.234884	-2.375917	0.476233	-0.431739	-0.976172	-1.481563	-0.459073	-1.607895	-1.766170	2.934249	1.508783	-3.073077	1.718395	-1.192955	-1.351708	0.487926	-0.685893	5.639282	2.884527	-0.382712	-4.178946	0.027904	3.951892	1.591603	1.851465	-3.591565	3.571845	0.191745	1.715731	-3.874901	-1.016916	-3.100808	1.441272	4.132988	-2.333425	-0.744481	-5.500713	-1.204043	2.732980	-2.474677	-2.383771	-1.963718	-3.270559	-1.090911	9.021273	-2.342680	-1.375328
-0.526703	-1.345272	-0.329903	0.965964	-3.402505	-1.743261	-0.069485	-1.995122	-1.585882	-1.746579	-3.937907	-0.658326	1.123451	-3.850736	-4.931094	0.796599	1.517398	-0.755681	-1.908547	-2.443651	-2.651948	0.302053	0.243737	-0.759191	-1.475245	-0.544406	1.185116	3.946253	-0.521537	-1.956862	0.289088	4.519707	-2.454761	-0.036787	-0.675523	0.047747	-0.486123	-0.503234	2.775812	1.572437	0.772514	2.493516	2.015136	-0.173875	-3.414073	-2.829912	-1.401458	1.307143	-0.714584	-0.549154
-0.206683	-5.005025	0.472559	-2.242670	-3.038120	1.700184	-0.582718	-3.107696	-0.008763	2.555041	0.069812	1.998171	1.719133	-1.050667	-1.498742	-1.179879	-0.952339	-0.624711	-0.825762	-1.292409	0.918432	-3.403244	0.302660	-1.098970	-4.790120	3.415787	-0.827526	-4.230483	2.916701	-1.352043	0.210854	-0.020519	-2.171988	0.011943	-5.642187	-0.846280	-0.760231	-2.582597	1.152495	-2.590085	2.184063	1.105239	1.006976	-0.137435	-1.360130	-0.306700	-0.363445	1.276907	-4.594841	2.205520
-1.651467	-1.584748	-1.469497	-0.367899	3.204110	1.474905	2.631163	1.175545	0.338000	2.391242	-1.356217	-1.513240	0.229299	4.830027	1.179684	-3.052650	-0.284384	-0.211210	-1.266303	1.192815	2.740450	0.904029	-0.115607	0.913629	-0.503104	2.100583	-0.291386	1.517934	-3.182853	0.303528	2.565513	-4.302111	-0.553686	0.264850	-0.866218	-1.570807	3.858561	-0.218223	-2.316257	-5.827423	1.356798	-2.502858	-5.431692	-0.325764	3.091233	-0.082417	-1.009315	4.085510	0.556978	2.518244
-0.743854	-1.948902	1.848126	0.096381	1.191125	2.248793	-2.513659	0.840419	0.691716	1.442906	1.421703	-0.256546	2.779829	2.317116	4.108388	-2.273492	-0.185753	0.867524	0.836213	1.829748	2.831585	-0.645972	0.841414	-1.293389	-4.333801	3.275679	1.634243	-3.009213	3.311163	-0.250227	-0.237590	-0.473648	-3.380165	-1.336067	-1.931509	-0.758364	2.820225	-1.937760	2.083622	-0.487020	1.798355	-1.264967	-5.065930	-0.219870	-0.969907	2.797042	1.070240	3.901089	-1.009597	2.028581
-0.320424	1.765197	1.486827	1.896252	-1.121730	-3.086164	0.129872	-0.210005	0.648801	2.433452	0.660893	2.778597	2.228763	1.824219	-1.640819	1.688836	2.216972	1.746781	-1.108502	-0.731374	-1.764125	-2.138741	-2.200725	-0.495286	4.259278	0.887087	0.659930	-1.908604	-1.788935	-1.593887	0.429079	-1.057603	-3.293499	2.422128	-3.854097	1.246842	1.200102	0.477104	-0.200713	-5.036520	-0.937966	1.114656	-0.360343	1.454637	2.194009	1.127736	-1.502976	2.024195	-4.725253	-0.025175
-1.246200	-2.430587	-1.887668	0.661709	1.551003	-0.855127	-3.013312	-0.947549	1.330269	3.351834	-1.253533	2.133887	-2.043930	-0.585053	0.797069	-0.312102	0.457251	2.027425	-0.820238	-0.030181	-0.503020	-0.731366	-1.500806	-1.016587	-0.768985	-3.076918	3.436897	-0.820465	0.440235	0.096797	1.972715	-1.825679	-0.388594	-2.202488	-1.610564	2.327929	-1.796779	1.543801	0.202721	-2.266940	2.300726	-1.413926	0.952030	-1.603573	1.995360	3.525361	-0.734645	-3.248785	-0.177324	-0.218780
-0.824089	1.883597	-0.457552	0.953227	-0.572782	0.110037	-2.259598	0.199857	0.404836	1.478020	0.513815	1.380595	-3.166171	1.783330	-0.419108	4.387207	1.748356	-2.314207	-0.937816	0.380583	0.815053	-0.903474	-1.260217	-1.457696	-3.064283	-4.443175	3.175933	0.659823	0.813988	1.416793	0.123731	0.704892	-3.147337	-0.766904	1.451350	4.042181	0.953061	0.443436	1.164195	-3.127864	1.584163	0.089579	1.357804	-2.548110	-0.909525	-1.202308	2.410647	7.221330	1.950596	0.718545
1.024328	-3.469906	0.621427	-0.148370	0.266371	1.069499	1.299061	0.049652	-0.233336	-0.712849	1.669954	-3.051286	2.199843	1.886078	-3.035456	-0.361492	-1.227940	-0.093968	0.912291	-1.955163	-0.092306	1.298068	0.608615	-0.009810	-3.139577	0.598862	-0.238245	-1.240886	1.161208	-1.068916	2.088685	-1.384849	-0.602093	0.785720	3.660626	-0.732095	-1.260565	0.092357	-2.780220	1.210152	-2.506388	2.225854	-0.919250	-0.471753	2.833577	-3.778106	0.198680	-0.107076	3.277097	0.659748
-1.090177	0.225626	-0.304023	0.103934	-0.779091	1.631081	0.071145	0.443181	-1.881764	2.289449	-1.208370	2.425355	-0.811062	2.672207	-2.143120	-0.267916	5.020545	0.084168	-2.521493	-2.423915	3.541701	-1.931365	-2.617178	-1.132611	-2.113470	-0.402701	-0.893477	1.159508	0.013893	-1.610569	1.870844	1.791678	0.130044	0.543375	3.840740	0.327722	1.548128	2.004559	2.534330	2.011490	1.950297	1.764216	-2.391913	1.620468	-1.725290	2.954604	-1.052796	2.271344	-0.531242	-1.120112
-1.871106	-0.654535	2.693565	-3.868422	-1.406512	1.971913	-0.178489	0.988323	2.720247	-2.069287	-0.855054	-1.565309	1.673767	2.705624	-3.516122	-2.385219	0.880304	-0.208251	1.535818	1.357439	1.879723	0.707269	2.787667	-2.215779	-2.387433	3.015133	0.436770	-0.354957	0.319326	0.753148	-2.993646	1.122173	-1.062911	-0.228944	-1.259213	-0.406239	3.212022	0.415082	-1.028597	1.549489	-1.698683	-0.369693	-3.217421	-2.439328	0.005900	-2.952059	0.677432	-1.254240	-2.025371	1.145755
0.573529	-2.961641	-0.692836	2.544514	2.401751	-1.356931	0.796933	-2.571842	-2.195876	3.975438	-2.325732	-0.973606	1.319410	0.319056	2.349303	-1.095083	-2.451766	2.071377	-0.481685	-1.564515	-0.331257	1.960338	-0.860098	1.335910	-0.897273	2.675893	-1.510464	4.175406	1.072562	-1.181355	1.522762	-0.604590	-0.584465	1.195554	-5.586975	-0.576849	0.507078	-1.460191	-1.759401	-3.878531	-0.886567	-1.743202	0.513608	-0.951208	1.359711	1.415855	-0.886085	0.799378	-1.949419	4.720474
-1.351514	-0.457454	0.319358	0.620821	-1.265856	-1.689494	0.452952	0.085198	1.486170	2.078007	-2.876127	0.157882	-1.087248	1.346301	-1.684306	-3.252846	2.807742	0.386280	1.640968	0.126994	-1.091748	-1.264267	1.343185	1.977879	1.014698	0.087992	-2.770526	-1.069199	-0.593936	-1.460431	-0.981606	0.758292	5.455428	-0.672436	0.633955	-0.786959	1.042903	2.141559	1.851168	1.254316	1.876185	1.343754	0.141289	0.426327	-0.235151	-1.826024	-0.513455	-6.523932	-0.324281	-1.984161
-0.473478	2.805608	1.389960	-0.496778	-1.447688	-0.599943	-2.072920	1.158936	1.113416	-2.892851	2.580794	3.016712	0.708759	-0.558681	-0.778447	3.164968	0.211963	-1.638944	-3.064638	0.610785	-1.464915	-2.450886	-1.507059	-0.543459	3.512660	0.430510	0.212562	-2.695840	-1.852543	-1.772225	-1.443234	1.391838	-5.522868	1.080246	0.514578	-0.382185	0.051205	0.438616	3.328987	1.588859	4.152635	1.533103	-1.592225	1.908497	-0.192656	-1.201344	1.989009	8.734314	-2.359996	1.531079
0.632216	-3.030454	1.647209	0.129240	-0.963402	-0.485971	-1.856537	-2.333212	-1.356524	1.730951	4.289361	-1.276243	0.474185	2.626580	-2.097736	0.900511	0.639758	2.296057	1.886491	-3.609691	0.438770	0.879316	0.968079	-2.530809	-2.635774	1.311279	1.528141	-1.213452	0.976249	0.346353	2.234452	-0.574109	-1.798508	-1.740368	-0.472869	1.948489	-0.631261	0.137611	-4.180328	-0.809079	-2.336698	3.352032	-1.112546	1.156987	1.458936	1.517411	0.468748	-2.686841	-1.662662	1.217975
-1.561492	-0.204639	-0.433528	4.128557	3.173093	-1.676082	3.702374	1.048604	-4.030078	3.120557	-1.089316	-0.001907	2.097768	5.026007	3.069944	-2.285233	2.895722	-1.921525	0.827727	-1.582855	-2.262514	0.352666	0.272153	2.645059	-0.935021	0.809206	-2.090175	1.475050	2.469542	0.317780	3.322687	-0.690972	1.103274	-0.023640	-0.941804	-0.941651	2.202911	-0.774454	-0.223652	-4.364382	-0.577224	-0.746786	-0.454864	-0.401610	3.152176	-2.268911	-1.828335	-0.215323	-3.126132	2.551723
0.687839	-3.561898	3.222842	-1.673403	0.857795	1.288992	-1.164007	-0.658598	2.060781	4.029816	2.057590	1.819273	0.560342	2.454835	1.977903	-2.645789	2.259711	1.166466	2.454155	-1.042652	2.229321	-0.797775	0.971383	-0.455386	-4.070863	0.363652	-0.463528	-0.254370	0.430636	2.335660	0.741653	-1.214767	0.419228	0.156142	-1.373380	0.203821	1.249156	-0.189727	0.398694	-3.014069	2.663379	-0.329226	-3.040467	2.351206	-0.157675	1.193891	0.618803	-5.262007	0.114970	0.904694
2.642132	-2.980765	2.595636	-4.590532	2.150655	0.472583	1.664371	0.840469	0.958125	0.691520	4.569345	1.076230	1.368604	0.890253	1.610023	-0.199664	0.571553	1.984250	-3.553697	2.520064	1.342317	1.597334	-3.857366	0.610954	-3.733131	-0.418013	-1.129566	-4.630590	3.054525	-2.053295	1.216420	-0.457434	-2.116754	0.985502	-0.147902	-0.438736	-0.442470	3.021990	-0.519987	0.960608	0.403948	-1.847246	1.954367	3.427944	1.310662	1.303434	-0.661290	0.667409	-2.441397	-1.044734
1.334309	-3.709152	-0.880594	0.068945	1.462674	0.374147	1.943042	0.805611	1.017616	5.914417	-2.102237	-0.649658	-0.103528	5.148587	0.917312	-4.504390	-1.783946	-1.603896	0.943501	-1.083904	-1.588979	1.327232	-0.104784	0.609189	-3.444849	0.064428	-1.151794	-0.026621	-1.277904	0.661375	3.626796	-3.191078	2.681278	1.131427	0.640410	-0.907202	1.791333	-0.512910	0.289335	-6.381457	-0.289342	-0.866604	-2.125456	-0.564912	2.912346	0.305429	0.861317	-3.730429	2.250226	2.148965
1.668707	-1.500413	0.303690	-0.262242	1.139821	1.826143	2.913527	-2.124425	1.747991	10.215503	-4.096729	-2.204881	-2.017204	2.312834	3.724925	-4.054678	-4.428551	1.624815	1.277929	1.125810	-1.426772	1.420567	-0.604903	3.092989	-2.419420	-2.009673	-2.008531	2.355534	-0.854885	1.742784	2.622889	-2.632991	3.697266	0.957316	-3.333033	2.008197	-0.312649	-1.258849	-1.043004	-5.661891	-2.878740	-2.833544	0.112613	2.837910	1.520692	1.926313	2.801523	-5.737410	1.470593	1.940833
0.059156	-2.656927	1.089963	2.000885	-0.032640	-1.847105	-3.808975	-1.549035	0.961846	2.099291	0.130250	0.547040	-0.394717	-0.476000	-0.393771	-0.728487	3.156309	1.906913	0.891974	1.067380	-1.572762	1.083132	0.661586	1.633660	-1.200798	-2.038113	0.676668	0.222090	0.667244	2.538196	0.416509	1.603929	2.178647	2.001706	1.810248	0.827218	-0.143066	1.461183	1.066884	-1.827941	0.251163	0.955104	-1.411993	0.827448	-1.338221	1.515392	-0.726358	-7.038378	0.078531	-0.082241
-2.000706	-5.650618	1.254641	2.439029	-3.275502	-2.758313	0.870614	-2.425334	1.023703	2.427214	1.534078	-1.554919	1.700993	-0.452060	-2.392338	-4.505154	-2.541785	-0.369414	1.073606	-2.395183	-1.643862	2.510702	1.838498	-1.409554	0.377665	1.230330	0.766405	0.482389	0.708701	2.222871	-0.126632	0.215535	-0.667088	-2.106011	-6.751956	1.103798	-1.025487	-1.181604	-1.837572	-8.213139	-0.010340	1.586767	0.584476	0.102230	-0.326850	-3.868447	-0.162097	2.179924	-5.327505	0.503530
1.571107	0.462446	0.801968	-2.909595	1.917105	4.910890	0.936998	3.572285	2.779425	3.676117	4.021416	-1.811166	0.246054	1.072699	1.173871	-1.278829	-4.957632	-1.510272	-0.519645	2.173223	2.873578	2.435093	0.683731	0.568103	0.109519	-1.190845	-2.406779	0.158950	-0.261596	1.672646	1.550025	-4.316490	1.019989	1.062832	2.426831	0.209334	1.562195	-0.919483	-3.748663	-4.014580	-3.139832	-5.204290	-0.355451	-1.068559	1.834243	-0.418917	1.041316	2.269454	5.113280	0.935769
0.919577	-1.003135	-2.579038	0.141037	-0.807892	0.438417	-1.037347	-1.071673	-1.134462	0.580184	2.471963	1.120070	-1.053132	0.354368	-0.405624	0.599606	-2.044952	-3.585059	0.298595	-0.241878	0.657741	0.545595	-1.500450	-2.114426	3.997578	-0.374414	1.575121	-1.295350	-1.454427	1.544456	1.680411	-1.838758	-0.015542	0.140874	0.117087	0.087470	-1.411962	-1.199946	-3.120124	-2.894071	-0.875449	3.650962	-0.428034	-0.012598	2.043673	2.382507	0.594733	2.357866	1.331268	1.023986
-2.637871	-3.840235	3.080095	-0.815136	-0.133048	-1.275119	0.439416	1.059257	0.497461	6.036601	0.756400	-0.880878	1.684493	-3.257763	2.305633	-4.302252	1.531736	-0.510869	-1.191738	0.776926	-0.402970	-0.962231	0.286943	1.440442	-3.654339	0.153527	-0.868458	-1.185211	0.234696	-1.619712	-1.807710	1.293516	-3.184628	0.592648	-1.276735	0.977075	-1.443659	1.262603	1.919808	-3.892796	2.000443	-1.003352	1.498663	1.535719	-1.894584	-1.018854	-1.314293	0.374649	-0.721396	2.095549
-1.854790	-3.789892	0.472013	-1.481273	2.404143	1.687280	1.275355	1.145876	-0.562950	2.337616	0.131169	-1.913980	1.627487	2.553441	0.367504	-4.888572	1.114433	-0.310712	0.712042	1.582593	1.449439	-0.009188	0.688297	1.893495	-2.587200	2.010457	-0.082059	-0.229167	2.956290	0.374953	-1.012746	1.142329	-0.085615	-0.108280	-3.597232	0.765384	2.256019	-0.309234	-0.647889	-0.196282	-0.919618	-3.046156	-0.613843	-2.036350	-0.326045	0.366198	1.767171	-2.266145	-1.179729	0.647326
-1.682713	-2.099993	3.977934	-2.451970	0.811906	4.290244	-0.057721	2.056795	2.610925	0.944511	-3.909818	-0.850576	1.113416	-0.844970	2.854415	-3.439008	-3.717921	-1.061146	-2.469307	1.642155	3.577535	2.012355	1.110446	0.895347	-0.832241	-1.269852	-0.681076	2.408897	-1.615386	2.132459	-1.043705	-0.592568	-3.254015	1.293141	-1.348379	-0.591884	1.803817	-0.144626	0.527240	-3.192462	-1.165446	-4.863363	-3.632767	1.221264	-0.041155	-0.715556	2.274867	5.787706	-1.204595	0.579598
0.648040	-0.688705	2.105773	2.043020	-3.704401	-3.100201	-1.379081	-3.828686	-0.226748	-3.278791	-2.328693	0.956253	-1.548998	-1.469795	-4.383002	1.428781	3.969898	1.074241	4.066640	-1.903560	-1.459781	-1.524143	4.325555	0.299674	1.731543	-0.047680	0.208756	-0.387341	-0.864572	-3.274395	0.823523	2.396994	3.704599	2.274430	-2.542579	-0.360852	-1.984473	0.613147	4.376085	9.008633	2.603297	2.505834	1.481212	-1.061939	-1.314022	0.577577	-2.461738	-8.753968	-1.253855	1.216107
-0.700815	1.642223	-0.090619	-0.964338	-0.143736	-2.793122	1.435070	-0.361468	1.200358	-3.067510	1.247387	-0.503496	-1.248153	-2.285617	-0.421869	3.497319	-1.456586	0.648134	-1.867544	-1.022461	-1.079755	-0.243775	-1.150752	-0.856438	1.757868	-0.890344	0.707124	-1.202783	-1.957681	0.799025	0.104345	-0.135144	-1.266969	-0.049480	-1.585458	0.210660	-1.203083	-1.085684	-2.227512	2.474811	-3.507086	1.390092	3.362107	-0.669747	1.329998	1.504404	-1.834620	2.221706	-0.947835	0.170663
-0.513061	0.709589	0.818382	-1.124322	0.360943	-0.072762	1.579745	-3.713629	-2.660137	-0.935541	-2.962302	1.431539	-2.396019	-0.417598	0.310324	3.649492	-0.550420	-0.009449	-0.391680	-4.557471	0.133269	0.443272	-1.163822	0.043660	-0.890694	1.283514	-1.126481	-0.176780	-1.666037	-1.912636	-0.624479	0.595770	1.782377	-0.839797	1.616328	-0.498155	-0.532068	0.269334	-0.059273	4.202287	-1.610262	4.339359	1.317359	1.631587	1.127366	0.272919	-1.592049	-0.764391	2.593983	1.876836
1.268656	0.638243	-0.278974	-1.958290	-1.208947	-1.679714	-0.952560	-1.816984	2.323735	-4.338488	2.189458	-1.519689	2.253305	0.691855	-1.930008	3.236290	-0.459325	1.030712	1.241763	-2.149846	-0.114302	1.951697	1.457442	-0.031236	-0.497804	0.982975	0.539693	1.324365	-2.301851	-1.982464	0.987141	-3.577052	-1.228965	1.960075	-0.340942	-0.167271	1.876416	0.558396	-4.900801	5.177983	-2.195134	0.852491	-0.417377	0.145117	2.249993	-1.581168	1.090391	0.622177	-0.825405	1.990151
-0.834577	-0.387745	-1.045176	3.668329	3.519832	0.318179	1.973220	2.332767	-1.713367	-3.047584	-0.487715	-0.916485	3.042479	1.458784	2.394494	0.331052	-1.529884	0.349765	0.531109	-0.643956	2.583453	0.042269	1.574487	-1.374564	0.847144	3.019873	0.069771	1.591050	-2.046331	-0.815435	0.734012	-1.967428	-2.319331	0.614803	0.099934	-0.911601	0.669003	-1.194701	-2.202443	4.038746	-0.595911	-0.266003	0.034207	0.189465	1.229012	2.478418	1.109995	4.139506	-1.303503	1.150153
1.476233	1.504386	-1.784112	-0.001499	4.077475	1.370146	-1.870059	2.557904	1.272553	3.936969	4.046079	1.151518	1.907628	2.951647	4.373800	-0.217354	1.157952	0.007161	0.322360	2.549020	0.710466	0.129171	0.693789	-0.525198	1.364551	1.964133	2.230327	-3.739939	1.701923	-1.043696	0.593369	-3.391975	-2.816358	-5.838525	3.506055	2.522899	-0.778551	1.995215	-6.609264	-2.619578	-0.368037	-1.202052	-0.460492	-0.619005	3.118152	2.018732	1.576214	4.997729	2.133792	2.234448
2.183773	1.145046	1.496443	2.611516	-0.793634	-0.364723	3.593557	2.388244	-2.224890	-1.436486	0.406930	0.729051	-0.138708	4.071295	-1.273076	-1.164460	-0.060098	1.081915	1.835294	1.326721	1.935286	0.880677	3.030752	-1.425696	0.960570	-0.379815	-2.247061	0.207775	0.139222	1.456561	3.384076	-0.877092	2.328385	-0.736640	3.271798	-2.988935	0.601076	-0.043961	-1.683525	-1.530565	-1.980129	-0.203270	0.585246	0.084687	1.425510	-0.591839	0.274548	-3.344799	0.859424	1.632994
