X38	X4	X2	X14	X15	X34	X1	X5	X9	X17	X28	X10	X50	X7	X6	X40	X31	X24	X47	X13	X48	X45	X37	X46	X3	X32	X30	X20	X12	X41	X33	X22	X8	X43	X16	X29	X18	X11	X44	X42	X27	X21	X36	X49	X23	X35	X25	X39	X19	X26
0.356905	1.698853	1.199558	1.521723	-1.681842	0.325079	-0.006885	-2.336623	-0.036075	2.787201	-1.956216	-2.313290	-2.443796	-0.952314	-0.344109	3.301967	1.238578	2.394558	0.164903	0.022160	-2.476835	1.939230	0.614976	-1.128327	1.911018	-1.259385	3.044109	0.697954	0.271827	-0.323644	-1.359672	2.392026	0.273036	0.484488	-3.188081	-0.499605	-0.629601	0.599247	-0.021701	0.685987	2.591203	1.828516	0.197578	-3.259363	-1.224518	1.161268	-0.005269	-2.400267	1.841644	5.047740
-1.347016	0.595119	1.087699	-0.427286	1.096950	1.290936	2.874099	-0.186805	-2.793659	3.437690	1.166217	-0.403194	1.247493	-1.589955	-0.546834	-1.995749	-0.184169	-0.710817	-2.394243	-1.009841	0.934075	0.052227	-1.150232	-3.477360	0.182040	0.874032	-0.460981	-0.550788	-1.447642	-1.030577	-3.363617	4.047289	-2.659150	0.502999	-1.336503	-0.466965	3.539331	1.166486	0.010647	0.149047	0.646515	-2.054830	0.625263	2.233531	0.022019	0.246261	0.902374	-4.528579	-0.088414	-2.362498
-1.676688	-1.760534	1.785191	-0.349622	-0.162300	-1.556372	-0.979613	0.576660	2.311181	-1.177852	-1.008160	0.520979	0.880666	0.396934	-2.531115	-1.396564	-1.694619	-0.642490	3.197477	0.220331	-1.871389	-2.036365	0.303432	5.620135	-0.819056	-0.591565	3.616409	0.602715	1.250972	0.068036	4.162788	1.347511	2.066291	-1.835771	-0.108362	0.117132	-1.140977	1.226783	2.831105	-1.560567	-2.532114	2.715629	1.163074	-1.906545	0.181436	4.312201	-1.523745	5.610897	-0.098176	0.210213
-1.663911	0.509204	-1.459504	0.022000	0.494455	-3.438289	-1.428625	-1.940551	1.154335	-1.251752	2.368363	-0.823728	-4.481739	-0.480833	2.839108	1.275352	3.574177	-2.154786	-2.859187	-1.535118	1.997086	3.833252	3.409041	-2.629567	0.611586	-5.319123	-2.182642	-1.195560	1.092303	-2.970293	1.056593	-0.661134	0.290606	8.186749	-2.058967	2.025685	-2.846765	-1.644573	1.036517	4.522623	0.792157	1.251974	1.710165	-0.216097	-0.930184	-2.082998	4.749703	-4.453776	0.288576	-1.273742
2.045311	-0.809358	0.838255	0.918575	-3.545752	1.963704	0.517861	-1.839604	-2.121319	-0.760694	0.333812	-2.513886	-2.858388	-0.049275	2.915102	1.382663	1.167730	1.730247	-0.492788	-0.217591	-3.232788	-2.898522	0.466130	0.077040	1.796659	-1.534746	-2.639268	1.006686	-1.023781	-3.469662	3.351144	3.175370	0.052002	3.347165	-3.123542	0.356296	-0.924681	1.763435	-3.313697	-0.938384	-2.345521	0.884243	-1.223643	-0.027310	1.568392	-0.462786	3.071289	1.610497	-1.993883	0.077190
-2.052854	0.062135	-2.619276	-1.659364	0.163238	1.561756	2.479926	2.893993	-2.704375	-0.224493	1.336135	-0.858481	1.078014	0.164210	2.790918	-0.004939	-0.298366	2.058669	-6.420127	-1.642016	0.626406	-3.379583	-2.954358	-5.756302	-0.742552	-3.778857	-5.362893	-0.099920	1.352260	-1.699946	0.222550	2.524240	-1.556833	5.384585	0.003105	1.397806	-1.105574	-3.064768	-7.159725	-1.814924	1.191129	2.215155	0.510551	2.532812	0.003626	0.609242	0.778008	1.772649	-0.683429	-1.349434
-2.008689	2.291847	-0.740013	-0.912223	2.022290	0.139025	1.200526	-0.647063	0.827364	-1.520405	2.274144	1.812934	-6.328682	-2.194937	-3.184976	3.903424	-1.687493	0.771195	3.968430	-0.565106	4.269676	-2.122877	-0.896795	3.479741	3.596580	-0.321466	0.480196	0.052624	0.515923	3.383401	2.546490	-2.206298	1.311797	-0.206782	-0.738075	-1.765718	0.525546	-1.200847	-0.348639	-2.091219	-1.627590	-0.182551	0.221597	2.254301	1.379626	-3.691795	-2.329781	1.936139	-0.169625	-2.936863
-0.156554	-0.129067	-0.524572	-0.892031	0.953642	0.035130	1.162732	1.490332	-0.781524	-1.800071	-1.862723	0.834623	1.455408	2.038377	1.855478	-2.338301	-0.048795	-0.382126	-2.767880	-1.184854	0.114911	-0.490422	0.188346	-3.468606	-2.391602	-2.980723	1.822459	0.694574	0.278519	-1.815480	-1.359350	1.171274	1.003801	1.469162	0.501267	-1.711560	-0.060760	-0.795847	-1.843130	-1.744360	1.417935	0.552848	-1.635265	0.498314	-1.793785	1.164759	1.027685	0.966977	-0.678514	-0.623359
2.060653	-2.934663	1.854430	0.252477	-2.626048	2.091106	1.742037	1.940464	-3.108336	-0.416765	-0.935819	-0.683025	1.314165	0.132638	1.411472	-3.238973	1.419899	1.404204	-4.439827	1.543569	-3.920064	-0.601008	1.640715	-3.446033	-3.491588	-0.763351	-3.854316	1.172543	-1.486847	-5.039260	-1.114420	2.151319	1.042995	1.870876	0.695827	3.260541	3.510477	0.571621	0.710962	-0.382126	-2.200217	-0.891237	-0.013779	1.132453	-1.332465	3.677571	2.555925	1.796268	0.072972	-0.400669
-1.640081	-0.727396	1.023344	0.801134	2.331727	1.755670	2.282669	-0.737903	-1.391296	0.153557	-1.123335	1.474867	-2.228498	-1.083246	-1.272888	-3.155881	-1.090583	-0.080317	5.526420	0.812066	-3.925117	1.896565	1.533037	7.173184	-1.101895	2.101154	3.492591	-0.682818	0.127592	1.986130	2.558902	1.441244	-1.708273	-3.546373	2.587738	-0.001517	2.546329	0.301639	2.798591	0.492403	-2.312596	-1.739139	0.420361	2.668947	1.307188	2.294747	-0.095351	0.377362	-2.011632	-0.099056
-0.378373	-0.982268	-0.960547	-1.147456	-1.716036	-0.377201	-1.035571	0.158233	-0.328910	-0.680228	2.744682	-0.810948	-6.934792	0.771941	0.484297	-1.127682	-6.987233	0.414778	-4.026506	2.577298	3.506496	0.120897	-3.144870	-1.621018	-2.020636	-2.098506	-2.267254	0.859673	-0.185129	2.726091	-1.672260	-0.845064	0.175073	-0.710135	-1.494906	-0.031111	1.224872	-1.188366	0.791100	-2.958063	0.685944	-0.405768	0.656846	-1.436185	-0.062723	1.803610	-5.126889	1.056010	0.867898	0.595336
-0.451564	0.118450	-0.639482	-0.502978	-0.881337	1.385215	2.212879	1.085858	-1.538933	-1.488943	-2.416062	0.065749	3.265285	1.074909	-2.536676	1.418482	-2.593745	-1.007046	-2.259423	-0.672582	-0.565211	-2.429953	0.697044	-1.634234	-1.477875	1.688821	-0.675208	1.003789	0.556993	-1.864674	-0.277123	0.264562	1.308948	-2.194541	1.436666	3.269669	1.604967	-1.310988	-2.908818	-4.235683	-0.732058	0.174686	-1.439650	-0.205407	1.305261	0.382387	-0.335495	4.399715	0.932415	2.561261
2.659017	-2.326086	0.031661	1.876835	-1.958506	-0.548373	1.101908	-0.925989	-1.377100	1.416170	-1.641270	-1.925161	1.150452	0.320599	0.276349	0.389015	0.791639	-0.515374	-3.477122	-1.251615	-5.674661	-1.742225	-0.724457	-1.680594	0.948716	1.529337	-1.897694	-1.862118	-0.499764	-1.442917	-1.191014	3.095659	-2.042270	-1.969102	-2.891177	1.450323	0.343927	1.175186	-1.629975	-3.069465	0.016586	-0.624729	-0.891168	-0.110748	-0.408129	0.930986	-1.198791	0.786959	-0.016032	-0.554816
-0.539307	0.341253	0.553834	0.464662	0.175462	2.695410	0.866685	0.946815	-2.615142	-0.974771	1.457408	0.994205	-0.450995	0.467153	-2.295134	0.976202	0.331052	-1.703568	0.951095	0.870424	0.375492	2.271131	0.589496	-0.300624	-2.051203	4.161585	-1.237252	-0.828108	2.562818	-1.133018	-0.616912	-0.485275	1.809883	-0.222389	2.511904	0.501841	4.055748	-1.263939	0.902758	0.816825	-0.391444	-2.435491	0.331116	2.519707	1.119019	-0.675016	-1.398204	-1.999916	0.010383	0.332558
0.534651	-2.210397	-0.394522	-0.373380	-2.800912	-3.958821	-0.360606	-2.360603	0.557498	1.341835	-1.076939	-1.630110	1.359316	-0.708878	0.871382	-1.608043	2.547008	0.616404	-2.244467	-0.687705	-2.748426	1.303155	1.410873	0.462635	3.317177	-3.492533	0.193246	0.267703	0.404158	-2.847265	-0.378537	4.743644	-1.151690	2.228848	-4.930226	1.796980	-1.696338	-0.081741	3.018874	1.536615	1.354098	-0.996904	0.281156	-5.539034	-1.088939	1.375824	1.079868	-4.761030	0.623381	0.192240
-1.880469	-0.279982	2.894090	0.356450	0.520557	2.640603	-0.352069	2.015916	-1.167013	2.810001	0.705424	-0.422459	0.751414	-0.786671	-0.065479	-1.652182	3.643027	-0.361875	-0.168119	-0.776504	0.006465	-0.586363	-0.593496	0.726406	-1.419546	-0.326876	-0.534668	-0.697266	0.549732	2.113123	0.547413	0.587874	-1.135289	-2.713728	-0.205352	-4.164710	1.345193	1.261121	0.105011	0.439412	-1.096305	2.221532	-1.277216	2.668878	0.596473	-1.758900	1.183946	3.212216	-2.806536	-2.140899
-0.348756	0.491054	-2.118492	0.286742	-0.020857	-1.567948	1.930346	0.137367	-0.954391	1.056400	0.156346	0.468573	-0.791544	-0.401310	-1.427839	2.458347	-2.509814	-0.637780	1.204543	-0.591343	1.704062	2.974008	-2.407872	0.588855	0.218140	2.615509	-2.597854	-1.008249	0.758353	1.438039	0.404107	-2.641743	-0.218558	-3.458493	1.615823	3.816250	1.982776	0.213675	-0.930286	1.010592	-0.112985	-0.006738	0.282144	-0.771537	-1.452824	-1.560037	-1.685833	-3.548777	0.364578	0.662635
-1.556314	-0.161068	-1.464015	-0.563064	-2.358578	0.011633	0.725756	0.419696	-0.600211	-1.318352	-2.261946	-0.600296	2.294418	0.284436	0.774719	0.413274	-0.156717	-1.135189	-2.461135	-1.111124	-1.455578	0.101056	-0.086901	-2.281856	-1.078350	1.513777	-1.533533	0.410269	-1.525980	-0.638035	-3.241914	1.067299	-0.215581	-4.166407	-1.139571	-0.923690	-0.562939	-0.773015	-1.503422	-1.550328	0.177007	-0.029402	0.863332	-0.584404	0.293645	-0.281642	1.326476	0.542151	0.032247	0.357525
-2.327178	0.531352	-1.959419	-2.485591	0.790789	0.261056	1.181663	-1.680817	1.006529	-0.836485	-0.095825	0.357467	0.131054	1.052002	2.010920	1.206339	2.000521	-3.598018	1.148550	0.610010	2.818458	4.736041	-1.668454	0.690394	0.711142	3.583341	0.796074	1.407727	-0.590902	1.380565	-0.301562	-3.036206	-0.721238	-2.487562	2.599888	2.296094	-0.356586	0.211325	1.616175	3.719399	-0.468293	-4.006175	-0.426767	1.523775	-0.476761	-1.349521	1.123331	-5.350517	-1.290239	0.698370
-1.839975	1.710816	1.017815	0.842081	-0.847967	-1.992555	-0.046281	-3.185710	0.121446	1.053452	-1.017118	-1.856072	0.448370	0.266712	0.061149	2.822455	0.844928	-0.375057	2.481577	-0.784329	-3.005708	-0.099214	0.386600	1.187466	1.570905	0.981179	2.334266	-0.427171	-0.045673	-1.244693	-0.401760	3.069977	1.578778	-3.477832	-5.024407	0.089352	-0.981555	0.546811	2.397864	-0.394060	-0.285047	-0.079260	0.064133	-3.411492	1.144403	-2.700696	1.471937	0.581389	-2.417993	1.730583
-2.603228	-1.308967	-1.188070	-0.034844	1.334993	-1.218754	-1.706484	0.120039	2.508923	0.436866	3.173028	-1.476943	-2.717204	1.227430	-0.172256	1.162428	-0.805698	1.990584	3.700694	-0.969439	2.945570	4.974012	-2.985936	3.684289	-0.268002	-2.970862	-0.077629	-0.848711	0.099237	0.179271	3.277003	0.571120	-0.180344	2.241015	-1.305979	1.037285	-3.805497	0.640285	-2.509398	1.552596	-1.444999	1.593792	1.385384	-4.532994	-1.311042	0.766467	0.240711	-2.073195	1.510734	3.425537
1.421080	-0.090018	1.117855	0.561315	1.094991	-1.773668	-1.870643	-2.064182	2.447630	-0.777077	-2.080815	-0.336681	0.000644	-2.343809	0.778599	-1.547425	-1.384313	2.712028	3.927371	0.886534	-2.886259	-0.794995	-0.287774	4.327417	1.854999	0.171097	5.786639	-0.066312	0.974391	-0.944973	-0.493315	-3.684074	-0.446542	0.176348	-2.540235	-1.070273	-2.986579	3.044996	4.417315	-2.506442	1.612421	0.987731	-0.627260	-2.177874	0.819867	0.101843	1.301360	0.574427	1.412891	0.479838
-4.103911	0.536609	-0.135409	-0.232684	1.127914	-0.765834	0.711590	0.176711	0.192529	1.747249	-0.610649	0.247334	2.634931	-0.540613	1.097970	1.025959	2.328817	-1.389525	3.902161	0.728708	2.454593	-2.482712	-0.495583	3.098886	0.465471	-1.454538	-0.100282	-0.057028	-1.729200	-2.618455	-0.045847	-1.422195	-1.380655	1.995801	2.519834	0.327364	-0.304185	-1.210202	-2.173395	0.761763	0.374376	2.547056	0.912797	-0.299006	2.834481	-0.524959	2.683447	4.059740	-0.993164	0.550866
-2.604824	1.275789	0.316427	-1.352512	-1.102996	-0.515825	-1.643722	-0.718503	-1.584022	1.465575	-1.559634	1.029862	-2.661328	-1.102264	2.384407	6.780892	1.362291	-1.287305	1.538821	1.973517	2.169289	1.531368	-1.632831	-0.830899	-0.516408	2.645222	-0.808650	-0.120880	-1.843145	0.256271	-1.114166	-3.395788	-1.176103	5.146837	1.325835	-3.246718	1.801549	-0.565808	3.048246	3.597475	-0.044692	-2.823031	1.652989	1.025766	-2.807119	-1.832844	4.582572	-4.202487	0.475884	-1.221667
1.985481	0.612828	-0.483236	1.048925	0.871849	1.031683	0.775303	-0.513441	0.333169	-0.775897	2.018940	1.582021	-0.606374	0.722661	0.472249	1.545200	0.952818	0.220397	2.488178	0.524034	2.169300	0.298531	0.352201	2.908477	-0.963090	0.150740	-0.331982	-1.116090	0.136645	-1.485319	2.316863	-1.143723	0.964657	-0.544092	2.802784	-0.254163	-0.801969	-0.230535	-3.518597	3.001347	-0.497971	0.853786	-2.775762	1.075292	-1.750705	-4.134260	0.426653	-2.011988	0.506664	0.697412
0.243181	-0.421165	0.526437	-0.725564	0.026404	0.771638	-0.683918	-0.713342	1.711991	-1.095930	-1.904275	-0.283669	-0.163711	-0.835810	-0.270363	2.371085	-1.701083	-0.241378	4.456817	-1.336779	0.057016	-1.942919	1.534360	4.512041	1.267608	-0.058280	-0.391223	-0.425867	0.697438	0.400346	3.047933	-3.101436	1.122626	-1.346882	-0.289971	-0.013410	-1.563934	-0.082859	-3.220706	-0.089370	-2.082182	-1.127497	-1.805485	-0.681648	-0.243806	0.727076	0.859905	2.073133	-0.304004	1.822550
3.403731	-0.469666	-1.251618	-1.004819	0.721750	-1.733881	-1.176632	-1.270193	-0.072005	4.284839	-1.964813	-0.632779	-0.172329	1.001032	-1.148531	-4.287293	-2.347535	5.024335	-3.542750	-1.738216	-0.160651	0.817797	-1.565028	-3.777666	0.141571	0.945221	1.570490	-0.389262	-0.335118	3.462795	-6.147729	1.235675	-1.876549	1.302921	-2.978545	-0.503281	3.542110	-1.003647	1.555581	0.559557	0.593064	-2.922542	-3.308243	-3.653621	-0.369891	0.562483	-2.237602	-5.026390	-0.251499	1.177734
-0.566235	-0.208220	-0.917829	0.399120	2.272567	0.773470	-1.207448	-0.658688	0.966253	-0.140676	2.301338	0.691155	-1.099160	1.489300	1.010562	-1.968485	-0.745326	-0.689307	-0.417774	0.640647	1.172247	-2.084691	0.274333	-1.763977	-0.974750	1.354060	-1.188475	0.142209	1.998057	0.534547	2.780748	0.009551	0.254430	0.884141	2.083676	1.074300	0.711292	-1.388981	-2.569646	-1.616848	-1.537979	-0.407588	0.005614	1.656638	1.738540	-1.130118	1.182386	1.401337	1.445612	-0.106931
-0.459622	-0.190116	-1.143827	-0.618526	0.274517	-3.153571	-0.486615	-1.313693	-0.950649	0.104996	1.793400	0.122932	-0.543445	-3.919786	-0.525415	-0.343564	-3.257547	1.150576	-4.726201	-0.475605	-0.505561	1.614809	-1.007923	-3.733525	4.077352	0.920868	-2.131261	-1.719573	0.604857	2.832627	-2.753833	0.776387	-0.891022	-0.878029	-4.173835	-1.257663	-0.577663	-1.771305	-2.781333	1.246475	0.694916	-0.748275	0.985034	-0.917955	0.736566	1.080935	-2.865981	-2.348836	-1.002399	-0.948810
-0.878182	1.343028	-1.053436	-1.062529	-1.187436	1.378637	0.762164	0.053363	-0.425366	3.103090	1.984121	0.721623	-0.464163	0.260743	-2.539785	1.584634	-2.107552	-1.392339	-5.775797	-0.941677	4.356186	4.623399	-1.357844	-6.455964	1.830466	1.772111	-1.785936	-2.327869	0.767251	3.255974	-3.599764	0.680613	-0.915438	-3.320512	1.485619	-1.545332	-0.807551	2.282704	-2.048797	-0.338135	1.285158	-0.281021	-0.534855	0.502454	1.598949	0.345552	-2.357654	-2.340503	1.551726	0.477365
0.880194	1.136436	-1.033774	-1.675697	0.062598	-1.862960	-0.287419	-0.821761	3.645569	2.922068	-0.818619	-0.513619	-0.462763	2.731458	-1.710477	2.378830	-4.119410	-0.133804	2.221475	1.735201	1.573616	-0.318934	0.111170	2.310375	1.233463	-2.052845	7.642024	-0.628340	0.100865	1.656006	-1.601783	3.057909	-2.897763	-2.770979	-2.600352	0.660988	0.457201	-0.932049	2.902673	-1.048313	-0.299228	0.152038	-1.575455	-3.566508	0.011264	-1.151095	-1.353552	-2.201057	0.208256	1.185388
0.132522	0.841113	1.115298	0.384296	1.038033	0.548356	-0.716119	-2.603157	2.281854	-1.938618	0.014520	0.859356	0.863941	-0.043187	-0.541451	1.028524	-0.386491	-0.913321	0.332900	-0.450280	2.339969	2.348638	0.878521	-0.285383	0.978601	-0.943881	2.050407	-0.837500	-0.837958	1.580978	-0.873135	-3.102537	1.291814	1.134140	0.714972	1.505082	-1.575699	1.294373	0.159795	1.298734	-0.844334	-0.609202	-0.526958	2.882901	-2.082400	0.904620	-0.238989	-2.179791	-0.452844	-1.138155
-3.005763	1.328583	-1.819952	-1.189983	-3.231812	-0.435763	2.243342	2.348315	-2.419696	0.602938	1.901150	-0.644495	1.127633	-1.205826	0.178917	0.915208	-3.332062	-0.709613	1.441381	-2.236490	3.485246	0.370616	-0.039023	-2.500834	-2.891722	-2.827554	-5.028147	0.563081	-0.066934	1.885405	1.695767	0.456249	-1.024762	1.590694	1.367737	-0.415145	0.271672	-0.990280	-2.666638	-3.952995	0.724576	0.735402	1.167274	-2.966790	-0.400271	-2.971952	-1.393166	2.266304	-0.626146	2.539177
0.950579	0.358856	-1.311011	0.414035	1.493041	-0.524538	-2.356880	-0.105727	0.465033	0.166615	0.315367	1.025681	-2.065970	1.973313	-0.167666	-0.868099	1.668498	-1.267567	0.735784	2.122897	0.818499	3.486783	-0.324263	-0.221789	-0.325219	1.583869	1.212275	-0.438768	0.125089	-0.850464	-1.236762	-2.546039	-0.616073	4.034782	3.337937	1.776241	3.158285	-1.743751	-1.910176	6.810709	-0.787531	-0.403797	-1.496125	-0.686218	-3.376708	0.056195	0.677747	-6.548013	0.612408	0.764801
-3.472256	0.667385	0.363865	-2.050273	1.669345	-0.579706	-0.282684	-0.378492	0.592480	-0.417530	-0.628023	0.572829	2.326013	-0.626815	1.690315	-1.774403	-0.859582	-2.050959	0.574480	-1.150604	3.136334	0.027156	0.679828	-1.586512	-0.792104	1.174293	1.134649	0.731101	0.056379	-1.431983	-3.626083	-2.784842	-0.543492	2.157404	3.715373	-1.014647	0.305616	1.085574	0.518227	-2.393686	0.338032	-1.628112	0.356193	-0.950537	2.378533	1.904785	0.381420	0.537061	-0.233426	0.452005
-1.313458	0.613529	-1.056688	-0.288220	-0.746751	-2.376920	0.303838	-0.170506	0.366413	1.761766	-0.336505	-0.302881	0.414700	0.008518	-0.796215	1.399318	-2.758352	-3.048098	1.263597	-0.963371	-0.560786	0.677005	-1.734373	1.897857	2.288560	-0.714758	0.774539	-1.610691	0.407120	1.517474	1.734707	-1.079618	-0.122308	-1.424114	0.322671	1.595470	-0.597327	-1.275094	-0.012159	-0.402516	-0.162046	1.246044	0.830886	-1.691762	-1.275179	0.750930	-0.876328	-0.515700	0.953423	-2.444974
-0.458270	0.639604	0.567895	-1.478149	-2.740772	1.479469	1.510042	-0.236544	-4.357084	-0.250969	1.860631	-1.147631	-4.476369	0.794398	-0.423152	1.316750	-7.399667	-0.361889	-5.675541	0.505126	2.028359	2.544847	-2.217743	-9.158431	0.018330	-0.197083	-6.045764	-0.361776	-0.824882	5.193858	-2.078425	1.607856	-0.876163	-0.641695	1.535207	-5.054266	3.152634	1.015514	-2.003010	-0.472330	-0.794769	-2.362595	1.080461	4.774067	-0.179398	-0.015919	-5.573751	-3.174742	0.401572	-3.451059
-0.954100	-0.026488	1.328210	-1.333369	-1.107080	-1.489609	2.481847	0.055544	-2.488946	1.556549	-1.790635	-0.198238	1.486190	-0.389730	0.232990	2.430332	-3.851872	-1.099905	0.360086	-0.705393	-2.169926	0.297897	-1.244642	-1.506840	-1.287554	1.477425	-0.719384	2.336463	-0.387305	-0.368221	-0.995606	2.512166	0.492468	-3.115329	0.371875	-1.125709	3.258653	1.116913	1.357700	-1.751360	-1.729543	-1.439484	1.914975	-3.581507	2.227664	-1.153246	-2.067467	0.166573	2.161620	3.605677
-4.342642	1.466801	-0.180293	-2.219028	2.143162	2.637561	-2.208542	0.756029	4.220938	0.509594	-3.503255	1.139732	3.615845	-0.202719	1.330745	1.634707	-2.811149	-0.080681	6.976343	0.647745	2.508516	-0.502404	-0.190081	8.570280	-0.938556	-4.840258	9.079983	-0.700510	-0.453159	4.668391	2.208768	-4.103772	-1.899760	4.101673	-0.716769	-3.139904	-2.881890	-1.539492	3.835473	-4.268081	1.077609	3.383531	2.867474	3.001942	2.280520	-1.235245	0.251169	7.050587	-0.084272	-1.106727
-0.331402	1.174765	-1.926089	-2.588568	-1.057452	0.616014	1.740485	-0.649777	-1.920280	-0.247452	1.173410	-0.716734	0.130975	0.102472	1.857339	0.842814	0.962544	0.596128	-2.803331	1.650125	1.539647	0.661908	-0.938583	-0.865347	-1.213821	-1.793101	-0.715988	0.299984	-0.596814	0.334286	-2.467530	2.594659	-0.438404	5.437933	-0.065630	0.069187	2.279772	-1.021444	-4.853239	0.238428	-0.424158	-1.081861	-1.621693	1.902248	1.313399	-3.483060	3.826286	0.212343	0.653436	-2.450920
1.830790	-0.749692	0.987843	0.557645	-0.218574	1.869697	1.648656	-0.525117	-2.854725	1.926013	-1.113793	-0.004178	-1.704415	-0.362635	0.549049	0.481789	-0.752150	1.532630	-3.807891	-0.459453	-5.532873	-0.011793	2.506443	-2.323773	-1.120975	5.366144	-0.115554	0.048042	0.830505	-1.234382	-4.205852	4.039880	0.685979	-0.095730	0.282211	-0.788350	3.238064	1.549654	4.322714	0.362197	2.141251	-3.655163	0.955402	0.836837	1.473773	-2.417173	-1.664428	-1.740178	1.046925	0.469001
0.227751	-0.450655	-3.064290	-0.950097	1.825494	0.469267	-0.863931	0.255119	-0.401759	-0.142505	2.652216	-0.078245	-1.751838	1.855633	0.954694	-0.747205	-1.641125	3.349788	-0.488557	-1.471483	0.449415	-3.122057	-3.435645	0.085996	-1.037816	-1.211960	-0.801528	-0.343710	1.564832	0.024545	0.674064	2.068635	1.172799	0.265696	-0.705259	1.509507	-1.318766	-1.746114	1.963242	2.144204	-1.654869	-0.490225	0.654945	-1.738122	1.734820	-0.222822	-0.320085	1.484632	-1.656308	3.067751
1.396660	1.096059	-0.725963	0.374204	1.234158	-2.441020	-0.060881	0.819339	2.060848	1.025331	0.418221	1.181402	1.562986	1.929035	0.628221	1.654151	1.952006	-2.894066	-0.609855	-0.892354	0.943056	1.242742	3.258078	-2.047637	0.586837	2.784961	1.721550	0.760834	-2.017548	-2.973393	-1.305463	-2.050510	-1.642187	-2.587946	2.238310	1.587214	0.863597	-0.947507	0.223679	-1.498646	1.911098	0.014212	0.597588	1.377781	-0.722122	-1.373911	2.012152	-1.396827	1.338393	-4.988712
-0.704681	-0.583233	1.709011	-1.546888	-0.703657	-1.737147	-0.235338	-0.571773	-1.561791	-2.072121	-1.051238	1.429631	0.341784	-0.221904	-2.452589	0.937589	-5.569378	0.508314	0.289164	-2.808805	-0.798479	-4.908976	0.907339	0.219684	-0.131888	-1.848321	-3.315262	-0.720898	-1.119130	2.662031	3.042469	1.548476	0.356532	-2.454018	1.738516	-1.651083	-0.492483	1.933500	-2.017729	-7.532219	0.935434	1.556089	-0.599522	-3.772034	0.715254	-3.467703	-6.356181	5.975800	0.483443	0.371615
-0.928170	0.467908	-0.551703	-0.132634	0.002630	-1.152329	-0.185477	1.625084	1.138410	0.912869	0.282210	-1.214710	0.616946	-0.908084	0.551651	0.654332	1.948929	0.075409	2.507096	0.445781	-0.456399	-2.261041	-0.077757	-0.371828	-0.150525	-2.296922	2.674410	1.260646	-1.184859	-2.479228	0.238584	3.028536	-0.862598	0.611595	-2.106970	1.969871	-1.740053	-2.688701	0.502570	1.271164	0.836469	1.291990	0.168490	0.716957	-2.175043	0.433032	1.984046	0.195516	-0.387313	-0.151067
-1.811166	-0.234653	-0.067015	-0.669791	-0.363387	0.324846	-1.181143	1.549149	2.052613	-0.290799	1.441529	0.161638	-0.949975	0.992038	0.167813	-0.840436	1.832422	1.644353	2.671363	-0.693783	2.406727	-5.253834	1.494415	1.042620	-1.152518	-6.184532	3.045304	2.755584	-0.461302	-2.835991	3.535330	0.503776	-1.207371	1.296222	-1.740044	-0.336952	-4.009783	-0.696983	3.177088	-1.470526	-1.489407	4.253251	0.236615	0.661385	1.915106	2.522000	3.078130	5.911357	0.001898	-0.707320
-0.973712	0.403439	0.448330	-0.259564	3.564456	0.551663	-0.173283	1.348872	-1.034732	-3.190747	-1.224257	1.707629	3.810142	0.601637	0.781312	-0.725318	-2.581358	-1.887706	3.301476	-0.442865	-2.037822	-4.650164	0.705769	3.866898	-2.176008	1.273833	3.498637	2.035400	1.357143	-0.322899	2.345950	1.565816	0.313723	0.965706	2.142489	-1.442228	-0.541302	0.860417	1.739168	-3.942380	1.683758	2.190605	0.179422	-1.072079	1.944259	0.557011	-1.462380	7.787819	-0.671883	0.677438
-1.362953	0.995895	0.943627	-0.301661	-0.993371	2.659001	0.755833	-1.344873	-0.178140	1.797509	2.690539	-0.521689	-3.884295	0.450330	-2.510170	1.284045	1.762590	1.533025	-1.963325	-0.285354	1.640269	1.584157	0.829605	-2.116952	0.442412	1.266362	-1.307750	-1.182992	0.531564	1.616843	0.565568	1.309278	0.548748	-1.249453	-1.215143	-1.236850	-1.178056	2.200077	-0.897161	1.238455	0.462766	-0.671510	0.650630	1.075248	0.234205	1.241343	0.871968	-3.631628	0.184195	2.235638
-1.748354	-0.739907	-1.621613	0.867763	1.752837	-0.227252	2.044662	-2.560440	0.158753	-0.370804	0.687801	1.086363	-4.661324	-0.358485	-0.356884	-3.252180	0.469509	-1.058640	-2.531613	0.669651	0.255296	3.205689	0.428017	-1.461633	1.691241	4.678161	0.712317	0.981254	-1.057571	-0.859127	-3.529316	-1.583493	-1.272546	0.998477	0.317465	3.178769	2.045879	-0.912655	2.682317	2.970819	0.481204	-2.405234	0.557265	1.602507	1.603562	2.385145	-1.616452	-3.686571	-1.279241	-1.473843
3.712073	1.378122	-0.605686	1.925538	-1.237441	0.082508	0.964167	0.719248	-0.954855	-1.443737	-1.143302	1.045955	3.957978	-0.649140	-0.304835	0.614874	2.484962	-3.069287	3.832308	1.187257	-0.635560	-0.671783	-2.167500	1.712095	1.258109	0.143611	1.227193	0.612150	-1.237774	-0.536070	0.492301	0.048503	1.104715	2.170636	1.025540	-0.361138	0.627567	0.374800	-2.205962	2.406191	-0.285821	0.888476	-0.959057	0.718066	-0.285821	-1.858068	1.448619	0.629191	0.722509	-0.518755
1.937982	1.304774	0.090016	0.827009	-1.210411	-1.793577	-2.189095	-1.254647	1.725014	4.035339	-1.396360	-0.203244	-0.017863	-1.754629	-0.248574	-2.610792	1.137671	-1.153522	-0.410966	0.039726	-0.427646	3.947107	-0.082643	-1.918956	0.373026	2.552039	0.933834	1.031223	-0.094105	3.097039	-5.873822	-1.945766	-2.731632	0.746187	-0.097510	1.464937	1.551906	0.602755	1.059340	1.810679	1.832551	-2.310905	0.272016	-3.835281	0.381840	-0.661777	0.669634	-3.878495	2.191931	1.913026
1.067617	0.175932	-0.164046	1.331068	-1.182259	-2.530870	-1.470009	-0.859404	2.124834	2.040339	-0.302210	-0.967511	1.166676	0.612721	1.485873	0.143717	1.957547	2.456452	2.424454	0.636386	-2.532061	-0.077521	1.083051	2.580331	2.198232	0.298135	3.092814	1.647561	2.005569	1.844408	-0.106331	2.959650	-3.562855	-0.054672	-2.221238	-0.826371	-2.640680	0.608759	0.966084	2.390604	-0.468306	-0.196938	-1.267432	-3.678261	0.249522	-0.503339	1.039705	-1.699301	-2.018414	0.934065
3.674631	1.974816	-1.171342	0.051703	2.609605	1.428564	2.579562	-0.432030	-5.157477	-0.834167	0.338976	2.749876	-0.607157	0.507513	-0.974171	0.450126	-0.946792	-2.235238	-1.314419	1.476090	0.382373	1.596100	-1.517478	-4.312777	-0.750494	8.061858	-0.849913	0.024146	0.078816	-1.586274	-5.322286	2.125427	2.304578	-2.742993	3.375485	0.065583	4.302385	0.734184	2.536128	1.604050	1.248739	-3.904316	-0.641196	-1.398389	-0.667696	1.058799	-0.925286	-2.915548	2.493035	3.513154
2.061547	1.981059	0.766821	-1.964154	0.937970	0.942927	2.591409	0.884482	-4.376509	-0.379946	-3.714878	1.165886	5.361002	1.630041	-3.282546	-0.131109	-3.874976	0.636829	1.157452	0.373363	-1.970461	0.727881	-1.870073	-0.937786	-1.383252	4.223584	2.772764	-1.212411	-0.682813	6.102585	-4.077947	1.859552	-0.197699	-7.538735	1.981885	1.102698	3.260671	-1.759014	4.536735	-2.149561	-1.381807	-4.418376	0.707272	3.892218	0.520578	-2.397631	-4.303082	-1.225488	2.842078	-3.117218
1.052378	1.246846	-0.193299	-0.999420	1.791964	0.509250	-1.172339	0.342066	0.946459	-1.135903	2.918272	0.914181	-1.171827	0.934578	0.576340	0.199197	2.304960	0.153146	-0.836378	-0.487101	6.706760	1.241760	-3.698847	-2.492110	-0.117656	0.418537	0.465158	-0.163929	-0.196578	-1.314892	0.019812	-0.898322	2.037753	2.395313	0.755130	-0.800054	1.405715	-2.713405	2.149821	1.557073	-1.431929	-1.738277	0.499024	1.025781	-0.032193	-2.706169	3.664446	-2.531350	0.209504	1.230449
-0.616728	-2.252160	-1.405966	-2.495543	-3.905702	0.036908	0.317933	-1.479827	1.346669	1.708026	0.322495	-0.855977	-1.667878	0.338381	-0.568576	-0.349511	-1.424214	-0.615685	-4.023769	2.280330	4.224294	0.727085	-1.310454	-2.647131	0.155527	2.441561	-3.214262	-2.267870	0.961163	-2.720418	-2.673455	-2.039817	-1.527872	1.088973	-0.159481	-0.111430	0.523227	-0.904305	0.564529	4.399734	1.500218	-3.192502	0.711217	-2.125591	-2.706991	2.241828	0.715287	-5.108756	1.629164	0.778775
1.655052	-0.609428	-1.478786	-0.979091	1.808581	-0.365769	1.343891	-2.076199	-1.525974	1.992551	1.410462	0.716682	-4.051705	0.208303	1.624608	0.843589	1.902289	-1.740536	-2.334326	-0.473533	-0.116297	-1.136613	-2.358161	-2.290520	-0.513831	0.985723	1.042787	-0.897445	-1.294340	-2.946167	-2.537588	3.569733	-1.593861	-0.905489	-1.519171	0.892985	2.732622	-1.103330	1.084244	2.574868	0.770246	-0.854282	-1.950586	-1.323929	-0.266648	3.300979	1.591091	-4.110893	-0.556576	-0.185984
0.846948	2.016311	1.169471	0.116186	-0.783085	-0.231939	-0.226897	-2.110950	-0.197417	-1.849770	-1.911158	-0.019824	2.279836	-1.141345	0.305319	4.403402	0.347919	-2.694833	0.578275	0.786936	1.688831	0.979067	0.597960	-0.676620	0.153225	2.220557	0.161330	-1.160339	0.911679	0.564238	-1.072446	-1.777740	0.945132	-5.396030	1.614457	-1.345149	-0.738956	-1.669034	-1.449348	1.065050	-0.048307	-0.578728	-0.331302	4.246468	-1.459567	0.997762	1.048476	-1.892563	-0.669729	-1.783615
2.764006	-2.359062	-3.418679	-0.135149	-1.914034	-1.895949	1.590401	0.431713	-2.303315	-1.363717	1.998277	-1.130768	0.055252	-0.072220	-1.007335	-2.920938	0.226737	0.028485	-5.277811	0.974526	0.115282	1.906847	-4.374809	-5.743777	-1.093947	3.242390	-6.708914	1.054557	0.510090	0.198878	-0.809757	0.698048	2.024526	-0.924107	2.884059	3.938963	0.887063	-2.817641	-2.560215	2.147003	-2.329320	-2.284741	-0.175509	0.632047	1.617534	2.509747	-0.933806	-0.980865	1.434467	-2.660061
1.107909	1.482661	-0.663706	2.545980	-0.002760	-0.454396	-2.683895	1.905606	2.988022	-0.025412	-2.502434	-0.507055	3.110083	1.640976	-0.344768	0.335016	2.157605	0.539615	1.521205	2.340922	-2.968524	0.166413	-1.834405	1.685657	-1.675314	0.367411	6.229475	-0.808182	-0.849887	5.647876	-4.271656	-1.440705	-3.294330	0.003206	1.453631	-3.366996	0.362094	-0.554418	1.422497	-1.831660	3.065734	-0.482745	-1.358071	0.097741	-0.248925	-1.884526	-0.133309	1.704582	-0.318558	-0.688492
1.559290	-0.241954	0.661249	0.373768	3.998148	0.444033	0.917646	-0.846113	0.599702	0.023843	1.788039	1.362462	-2.645336	-0.713867	-1.099285	-0.978499	0.234509	-1.490173	0.111530	-1.402965	0.656194	0.216779	0.149975	1.505311	2.015825	-0.420297	1.386980	0.497465	-0.670559	-0.786754	2.258516	-0.620581	0.477734	1.124278	1.053278	1.088461	0.156775	3.034031	-0.995427	3.062769	-0.093893	-0.218135	-1.235162	-0.547291	-3.722887	1.930611	-0.812749	-4.619513	1.438794	-1.210535
4.891181	1.818448	0.736932	0.771441	0.667208	-2.482024	1.141104	-2.401050	-0.160733	-1.792470	0.511305	-0.971408	-2.610372	1.113930	1.197986	2.230587	3.364340	-1.298808	0.595335	1.373058	-1.717292	0.828521	2.912242	-1.736820	0.990736	5.743165	1.384195	0.246764	-0.201251	-0.426923	-1.417568	0.191371	1.392495	-2.985095	-0.326774	0.977724	0.119008	1.900023	-1.832749	2.000654	0.748227	-2.143157	-3.967854	-4.344887	-0.613106	-1.086095	2.175248	-1.834667	-1.608925	0.579655
1.045660	1.386194	-0.667659	-0.988889	-0.475307	-1.117173	1.197238	-1.501121	-2.758497	0.929782	-2.020097	1.482550	-1.438578	0.491639	-0.689124	1.095080	-1.078610	1.362176	-2.316073	0.060265	-0.227256	-0.533150	-1.780375	-7.650975	1.357015	-0.593937	-0.113634	1.120412	-0.147085	2.958697	-5.858414	0.341413	-0.019410	2.515141	0.713686	0.525751	2.865951	-1.374165	0.474910	-0.894575	2.354372	-2.035283	-0.440114	1.951415	-3.000706	-1.707699	-1.020843	-4.267396	-1.126420	-1.589832
-1.115903	0.492023	0.579019	1.861369	-1.205420	1.258515	-1.158062	0.844719	1.289476	2.899137	-0.917157	-2.103616	1.349056	-1.292844	-1.195804	0.511681	0.444217	0.856489	4.094266	0.376251	-1.664461	-3.004175	0.200486	5.745776	-1.484814	-1.888146	-0.175547	2.627103	-1.108811	4.285418	4.598831	-1.481766	-1.387941	-2.164252	-1.689870	-3.064872	-0.840434	1.145597	-5.825106	-1.636494	0.868406	4.577204	-1.601726	1.553153	0.375106	-2.765913	0.008503	4.402292	-1.451886	0.753480
3.296840	0.865509	2.395404	1.781882	2.554003	-1.807387	-0.129110	-1.229922	-1.122405	1.371929	-2.040953	1.932372	-0.144061	-1.990267	0.945981	0.996668	3.181141	-3.214703	1.118132	0.520252	-2.590229	1.173862	2.829404	0.405040	2.712929	5.851260	4.681368	-0.680440	-0.010496	-1.032826	-5.629519	-0.201239	-0.246361	-3.115994	1.094266	-1.457073	4.322521	-0.188547	4.652046	0.117531	0.501869	-3.652813	2.416592	1.240034	0.827976	2.068111	2.647927	-3.326418	-0.212963	-2.106041
-0.997593	-0.016419	-1.476282	-2.077304	-0.367983	0.308816	2.171867	-0.479052	-1.687622	-1.275337	3.475012	-0.256588	-1.912413	0.807482	-0.693691	0.240416	-0.143828	0.830301	-1.287872	1.614957	2.987843	0.544347	-3.807131	-3.011354	-1.227638	5.258353	-2.045953	-2.646851	1.371574	-1.270851	-1.575578	0.226948	0.820562	-3.676524	-1.378342	-0.873138	0.633993	-1.382320	-1.559407	-0.081991	-1.306089	-1.584622	-0.787711	-4.995333	2.187267	0.530069	1.917201	-1.661547	0.380796	4.907151
4.541392	1.004564	2.972481	0.866848	-1.862302	-2.038093	0.581432	-2.051629	-1.108403	0.684443	-2.736490	-1.123298	3.466830	1.301617	-0.218582	1.109975	0.403844	0.907431	1.829725	0.765613	-4.138993	-1.436434	2.831340	3.054836	2.525974	-1.491357	3.000141	1.256533	0.178195	1.204743	-0.819991	4.931209	-0.659852	1.883820	-1.363653	-2.864466	0.851082	2.326478	1.161749	1.608622	0.894797	-2.135830	-3.026525	-2.991736	-1.689247	-1.208343	-0.246539	-3.485499	-1.062176	1.711051
-0.954180	1.227208	0.011676	-1.522150	0.662057	-2.276943	-0.062100	-2.191386	1.285635	1.287857	0.936551	-0.174207	-1.790829	0.364354	-1.787808	1.131130	2.110704	2.494630	-1.906820	-1.162193	1.343372	0.270826	-0.575913	-3.734050	2.189602	0.742001	1.193529	0.175328	-0.965384	0.599344	-2.783740	0.176565	1.697628	-2.193031	-2.667865	3.257852	0.147239	1.141622	2.107083	1.335225	-0.304616	-1.854379	2.016060	-1.816547	-2.065595	-1.865027	2.320312	-3.990885	1.283778	-0.145130
1.542830	1.506944	-3.886209	0.829896	-1.055035	-0.801628	0.590292	0.707715	-0.816188	-0.587122	1.751329	-1.631208	-0.719483	-0.053648	-2.290773	3.808027	-1.256907	3.131817	0.907863	-1.197080	3.029809	0.419275	-3.495337	-1.425685	0.755830	-0.190509	0.438086	1.323620	0.735881	-0.044801	2.102281	0.364638	-0.308659	0.749105	-4.329534	1.704573	-3.113895	-2.315845	-0.168074	3.314706	1.438083	3.293675	-1.533867	-0.538715	-3.281584	1.326133	-0.268602	-1.089806	-0.132928	1.332734
0.292911	2.197445	-0.878622	-0.784741	2.030292	-1.200145	-1.666333	-1.167787	2.687969	-3.901253	2.724792	2.179677	-4.989805	-0.448757	1.501047	1.245732	1.926128	1.264594	6.675955	-0.325324	5.260171	-2.733304	-0.893128	8.308021	0.788743	-5.081763	1.671236	-0.086019	2.393871	0.752542	5.936589	-4.679854	0.877964	6.056745	1.592357	-0.359801	-3.770233	0.312623	-2.778839	-1.359667	-3.949961	2.813905	0.546113	0.813417	3.518705	-3.447102	2.378258	4.549798	2.601717	0.012620
-0.473729	-2.400387	0.098858	-0.607274	1.477108	-1.215673	-0.335798	0.000024	0.635607	0.280859	1.783260	-0.106624	-0.609630	-1.045276	0.316652	-1.517734	1.087626	2.053171	-4.328826	0.230487	3.638845	-0.260820	0.860010	-2.005920	0.765066	-2.361026	-3.467550	-0.009155	-0.111260	-5.045143	-0.060786	-2.586383	-0.337343	1.341870	-0.389363	-1.082777	0.318993	-0.019705	-3.847563	0.773909	0.515176	0.001248	-0.468853	-2.192392	-0.456393	-0.449330	3.537138	-0.955367	-0.113870	-0.428511
-0.549439	1.180118	-0.617072	-1.743701	-2.709383	0.747492	0.972218	-0.549161	3.078048	1.897156	0.125037	-2.218245	-2.760723	0.653472	-0.391922	0.787569	1.154673	1.767468	-0.416343	0.525330	2.515086	-0.828053	0.218637	-0.982527	0.463167	-0.193839	1.874695	-1.682698	-0.963423	3.011600	-4.894625	1.140142	-1.728447	1.219162	-0.793939	1.127270	-0.782425	0.865225	-0.597384	0.334431	0.897831	-0.771361	-1.030660	0.848353	1.392438	-3.788079	-0.242040	-2.296362	0.609944	-0.777110
1.364744	0.977483	-0.240110	0.285705	-4.045878	0.649587	1.399589	0.899794	-2.399634	2.773441	1.273981	-3.375043	0.121357	1.541937	0.431675	1.674443	0.604181	0.027973	-2.205243	-0.099880	0.035514	-0.448080	2.364249	-5.327626	-1.909507	-1.329938	-6.431423	0.070272	-1.549697	0.040312	-1.228855	2.633592	-1.956903	-1.551243	-1.144641	0.731963	-0.392849	-1.746641	-5.524932	1.390274	2.311773	0.415432	-2.594718	-1.033665	-2.943882	-3.354329	2.391162	-3.981474	0.185835	1.984073
3.410909	-1.338799	-0.186309	2.558240	-2.483275	-0.741799	-0.054345	0.533402	-0.281227	2.462408	-0.430796	-0.304688	0.800356	2.835654	-0.691064	-1.125023	0.034064	-0.222172	-9.987696	1.137172	-3.339779	3.732472	-0.438822	-11.971972	-0.692824	1.630360	-1.958665	-0.448344	0.260731	-1.271134	-8.737622	2.579002	-0.354928	4.828133	-3.667250	0.801207	2.244550	0.008722	3.130467	3.148085	0.310604	-3.892747	0.018185	-1.406204	-2.841369	0.739676	-2.865417	-7.153998	-0.009238	-0.923553
0.238585	1.897690	1.425273	1.931745	-0.806453	1.016546	-2.342038	-2.114099	0.303908	-1.203799	-0.235409	-0.565498	-3.967226	0.604652	0.188579	-1.108258	2.291905	-2.400619	1.792170	1.338359	-2.801459	3.247177	2.099593	0.961771	-0.812915	6.322528	1.521677	-1.352572	0.631987	3.065590	-3.844851	-0.239696	-0.870449	-5.508571	0.522892	-2.783558	0.204615	1.197419	3.760490	1.203430	0.312325	-4.408559	0.116716	3.238575	2.860659	-2.279285	0.967919	-2.018110	0.418253	-1.678751
-2.514489	-1.120487	-0.979457	-1.659603	2.771121	1.378439	1.574418	-0.156963	-0.236887	-0.572765	-2.791779	0.823157	-0.334031	-1.606844	-0.027682	-3.019952	-3.313625	-2.252074	-0.866798	1.541902	0.519665	-2.260539	0.760666	0.259045	-0.791115	-2.248295	-0.696659	-0.226048	-1.633602	-1.130917	-2.331085	-1.772023	-1.624196	1.276710	1.916300	1.187694	2.866033	0.374879	-0.011291	0.463891	1.191568	1.385794	-0.284910	1.452844	1.194012	3.291428	-1.353888	1.093662	-3.602968	1.376312
3.061058	-0.015728	-0.749901	0.878882	-2.106926	-0.018371	1.092257	1.370045	0.357756	1.979076	0.774877	-0.921294	-1.975021	-0.329611	0.397074	-0.683548	-2.376257	0.781958	-0.043755	2.760292	2.106656	1.426418	1.556466	-1.857966	0.368035	1.590302	-2.539673	1.695321	-1.050513	1.149690	1.120431	-1.168252	-0.239116	0.005242	0.165655	-2.004721	0.674819	-0.577557	-1.704916	0.775517	-0.073036	0.143320	0.104345	1.404457	-1.907350	0.235956	-0.786408	-1.388363	0.742975	-0.004889
0.151932	-1.590350	-2.174588	1.006597	0.857149	3.181060	-1.023168	0.476738	2.423357	0.445610	0.379265	1.413907	-1.093829	-0.957882	-0.839188	-5.071377	0.916365	-0.501776	1.157121	-1.900328	0.557816	-1.260469	-2.515582	1.721820	-1.576458	2.783233	2.009286	-1.564600	1.624693	-1.831472	1.577782	-1.170710	-1.486254	-2.627046	0.367811	0.003445	-0.208774	-2.842416	2.807309	-0.780760	1.545783	-0.262754	-0.267862	6.084412	0.126492	0.594135	0.831218	1.723092	0.220620	-3.560060
-2.332936	-0.743937	1.584408	-0.387608	1.181634	-0.617701	0.896474	0.724502	-1.412842	2.600668	1.709255	-0.182174	-0.747466	-1.188701	1.997268	-1.710308	-0.928032	-4.609695	-3.331532	-1.861821	1.289329	4.315037	-0.296830	-4.052011	-1.096755	2.161379	-3.784431	-0.118228	1.595536	-0.070498	-0.483118	-0.120440	-3.802111	1.493469	1.329368	-0.880680	0.978911	2.713804	0.090911	-2.176414	0.130110	0.835873	2.892935	-0.989804	-1.091840	-1.358553	1.100436	-1.540180	0.216570	-1.326281
-0.471203	-0.376193	-0.942947	0.704203	1.158302	0.407300	-1.484240	-0.772021	0.471243	1.915107	1.021484	-0.497053	-2.009707	-0.982159	-2.235060	0.182267	-0.563134	1.501796	1.591890	1.655207	1.126901	-1.066939	-0.586211	1.133722	0.602681	0.626616	0.560675	1.224739	-0.624319	1.207549	-2.371964	-0.992672	-0.896501	-3.921275	-2.012423	-1.445014	-0.816689	-0.677262	0.869631	0.381823	0.534817	0.479372	0.855227	3.405897	2.011890	1.809214	-1.240411	0.548389	0.018443	-1.680038
-0.799774	-2.882128	-1.222027	-1.269278	-1.815360	1.652612	2.970821	-2.272372	-1.194774	0.345807	1.844258	-0.110776	-5.229362	-2.320978	-2.112164	-1.091862	-3.075981	-0.760440	-4.952601	-0.296609	2.053366	3.424192	-2.725816	-2.142615	-0.606003	-0.462829	-4.202023	1.605850	2.756327	-1.722087	-1.923239	-0.101118	0.274808	-0.583566	-0.868837	0.933984	0.461520	-0.273877	-3.133218	2.000882	0.278460	0.199561	0.214715	-2.110546	-1.865393	2.132130	-3.040742	-6.147183	0.322914	2.823949
-0.876781	-0.049317	2.034092	-0.705992	0.214028	-1.675934	-0.839997	-2.546962	-0.253926	-0.893320	-1.810684	1.158018	1.282708	-1.123119	-0.669185	0.469394	-2.956372	1.281065	-4.030592	-0.842741	-0.881626	-1.522488	1.394614	-2.869234	0.085400	2.733345	1.013538	1.784455	0.396712	0.622583	-4.223427	0.819672	0.684727	-3.177329	-0.271271	-1.231274	0.885295	2.735459	1.537304	-3.556988	1.401234	-3.076361	0.142356	-1.595525	-0.725953	-0.240321	-2.195963	-1.729517	0.017346	-0.628110
-2.648455	-0.774047	0.654793	-0.273530	2.381828	1.663139	-1.763072	1.350249	0.726527	-2.974398	0.211847	-0.556571	0.916455	-0.049642	1.187711	-2.305248	-0.815418	-1.678134	1.748456	-0.474311	-0.923845	-3.289895	-1.108465	3.310480	-2.501313	-3.880729	-0.430117	0.902346	1.783082	-0.255977	4.260710	1.199477	1.463206	0.109997	0.033525	-1.708600	-3.636225	0.362420	-4.404701	-2.195463	-0.719058	3.052317	-1.928939	-1.241247	-1.229926	2.440919	0.402874	4.535316	-2.848782	3.827888
3.701368	0.437534	0.054549	0.511285	0.624379	1.936210	-0.392847	-0.413943	-0.146353	0.247798	0.072998	-0.012360	-1.317392	0.836914	0.337414	0.692333	0.837600	0.398807	-0.628673	-0.279503	-0.384314	-3.632669	-0.648154	0.099484	-1.109281	3.685952	3.318393	-0.117823	-1.839484	0.933619	-3.167748	2.067925	-1.166154	0.820814	-0.298610	1.554560	1.648525	0.459954	-1.667622	-0.656082	1.620646	-1.326477	-1.391751	3.770213	0.733313	-2.070358	-1.007346	-1.485274	1.317867	-2.336438
-2.948065	-1.636893	-0.830261	-2.030304	0.576233	0.692747	-1.372251	-0.807028	3.073342	2.579582	0.987272	0.825779	-0.830472	-0.532696	1.627171	-1.802345	2.352091	2.452603	-4.042889	-2.822236	0.547936	4.122928	-1.935263	-1.938276	-1.670589	-1.312943	-1.657170	0.131490	-0.684703	-2.992654	-1.727038	0.378015	-0.246604	2.683101	-2.187685	1.072069	-0.489365	-0.063386	1.376827	0.036550	-1.222923	-1.738201	1.517512	-0.309535	-0.183343	3.206216	3.571982	-4.667466	-1.284613	-0.113606
5.216930	-2.418366	1.286947	1.500342	-0.757371	2.603106	-2.614986	-1.950834	2.978330	-0.733447	-0.504683	-2.021719	0.292792	1.416344	1.625106	-3.308211	0.269975	2.575789	-0.856066	1.419379	-1.013952	-1.939879	-1.540076	0.743925	1.074440	0.002936	-0.702092	1.321382	1.043260	-0.863127	0.011658	-0.067646	0.188592	-1.414331	-1.296910	-1.967049	-3.120144	0.070844	-1.789456	-0.291630	-0.224350	-0.160780	-1.985586	3.018768	0.008740	2.602875	-0.635001	-0.816029	1.175810	-0.791710
1.399205	-1.603044	0.080856	0.289030	1.285982	-0.984400	0.468009	1.320381	-0.387295	-1.948133	-0.919415	2.239428	1.453327	1.406748	1.505969	-1.747840	1.172324	1.062236	2.886492	-2.372394	-4.982824	-4.788953	-0.185059	0.896513	2.968515	0.618077	2.431999	-1.108574	-1.216468	-1.952077	1.137274	4.012430	2.892355	-4.228265	0.191534	0.982773	-0.268579	0.256532	-1.240464	-2.786711	0.915469	0.827896	-2.676204	-1.095837	2.073581	-1.068475	0.395282	4.712469	-0.964156	-1.418461
2.517701	1.472018	0.071319	1.290005	0.542894	-0.826968	-1.832069	1.165654	3.016753	1.584212	-0.659303	-0.659298	2.048314	0.055209	0.476033	4.473998	2.588544	-1.566775	0.154486	-4.352349	-2.500579	-1.077688	-1.060351	0.659929	-0.075501	-0.590556	0.526583	-0.047038	0.781676	3.117909	0.436253	-0.411456	-1.469525	-1.087173	-0.640755	2.090237	-4.045593	0.037331	-0.325191	-0.858897	-1.908314	2.905542	0.089155	-0.851268	0.370228	-3.401963	1.329457	2.447748	0.611703	1.754227
-0.373510	0.631373	0.565094	-1.268249	0.138932	0.955830	0.620859	-0.358216	-1.866143	0.246781	-1.555509	0.406678	2.044206	-0.289713	0.310379	0.210893	-3.116221	1.280213	0.738966	0.572308	-1.634334	0.209859	-0.353390	-1.687883	0.019362	-0.165997	-0.344744	-0.479044	0.430416	2.468996	0.688984	3.127338	-0.230882	-0.441463	0.224351	-2.359626	2.289720	-0.903390	-3.198534	-1.849029	-0.483290	0.410733	-1.628664	-2.795058	0.078354	0.052580	-0.918017	1.118340	-2.693095	2.908894
-1.014796	0.920278	0.249666	0.569243	-1.333930	-0.125422	-0.246631	-0.742929	-0.227589	-0.985699	-0.720112	-0.721933	-1.224872	-0.016320	3.449962	-1.740083	-3.001665	2.290056	3.731565	-0.902527	-1.548633	1.031228	-0.268849	3.916433	0.908095	-5.144127	2.268398	0.047988	0.302561	0.980212	1.469237	2.248336	0.241407	4.653398	-4.097522	-1.459516	-2.283107	-0.223491	-1.182806	-3.058855	0.684567	3.053093	0.009001	2.635002	-2.922041	1.275028	-0.599866	-0.203476	-1.237061	-0.080078
2.043426	1.048974	0.511182	1.658653	0.329755	-1.827177	-0.371368	-1.662375	0.093463	1.450984	-0.935897	0.169834	-1.076592	1.359317	-1.797265	3.027158	5.648405	1.770913	-1.857754	-0.469874	-3.838544	3.037091	1.275592	-3.903258	3.929142	-0.496037	1.979052	0.294934	1.116052	-2.062715	-2.150106	4.011981	0.394969	-1.236543	-1.173259	-2.552455	-0.004252	-0.227873	0.762818	1.738164	1.554100	-0.258148	1.574936	-2.012943	0.081972	-1.734094	2.495145	-1.818072	-0.751202	1.095353
0.541096	1.832442	-2.619056	0.647999	1.355027	-2.284951	-1.140121	-1.164328	1.190485	-0.271352	1.868889	1.285626	-4.449870	-0.042917	-1.352072	0.668225	-1.510881	0.052447	4.070901	0.356751	-0.037255	0.947818	-3.629101	1.138345	2.944154	1.186924	4.160559	0.847554	-1.022351	2.056316	0.153640	2.072057	1.673302	-0.236812	-2.467531	-0.788164	-0.717826	-3.609218	5.852682	2.868389	-0.245021	0.302913	1.630047	-1.193868	-1.181685	-2.716548	-2.781307	-1.770372	3.909971	-0.859501
1.162709	0.026812	1.612931	-1.894684	1.474058	-2.027211	-0.919920	-2.384995	-1.240646	-0.090725	-3.048037	-0.932237	2.522326	3.086940	1.226975	-1.101080	-3.150598	3.872236	-1.320103	0.541320	-4.712388	4.556975	2.904090	1.695259	3.619092	1.615616	5.699339	-1.552958	-0.605523	-1.005616	-1.840706	5.564025	0.274574	0.194049	-2.797663	-1.242052	0.196626	3.140767	6.134165	-0.917764	-1.461166	-3.241575	1.229568	-0.365704	1.250803	0.693762	-0.753930	-2.753688	1.995909	-0.296884
-1.446504	0.157721	0.168327	-0.692081	0.428121	0.326992	-1.325599	1.617490	1.038610	0.770622	0.397181	-0.220066	4.310136	-0.493023	-4.113609	-0.955443	-3.185352	1.437056	1.601527	0.431697	3.654809	4.066599	-0.664910	3.274676	-2.820000	2.122496	-1.040133	0.828532	1.057343	0.274430	1.547942	-3.779092	-0.245350	-3.582620	0.478865	-0.427751	0.371998	0.411432	-0.339008	0.169877	-0.757472	1.391596	-0.528297	0.082096	-1.864123	1.675995	-1.045592	0.233967	0.745362	-0.171537
-0.400270	-2.042891	-2.047383	-2.844312	0.629692	-0.330955	0.224634	0.131608	0.310600	3.087612	-1.055101	0.021657	2.124477	-0.687423	-0.733432	-2.497145	-6.001045	-1.782659	-4.642411	-1.983228	0.528448	-2.507188	0.308307	-1.481250	-0.503800	-0.725271	0.071493	-2.043946	-0.696551	1.350692	-1.788903	1.141755	-0.054177	-0.030141	0.703765	3.914385	-0.149659	-2.800533	0.252505	-1.863243	-0.609763	-0.381134	-0.524932	-1.064348	0.106834	1.074969	-2.517708	-0.971912	1.083066	-0.492487
2.545938	-2.452940	-1.079227	0.200972	2.056696	-0.882750	1.107093	1.060532	-0.949837	1.536333	-1.738243	0.324158	1.027181	-1.602106	0.469294	-2.104749	-2.034619	1.975259	0.627537	1.550286	-4.607458	1.238507	0.400540	5.497064	-0.611630	1.988982	3.825952	1.443662	-0.670872	-3.228699	-3.213975	2.876294	-2.157500	-1.268714	-0.915535	-0.435735	3.867613	-0.360251	1.675825	-0.387018	1.492709	-0.882967	-2.499444	-2.746510	1.375816	1.655569	-0.191669	1.342716	-1.239116	1.552547
-0.824557	-0.433511	-0.163739	0.562862	-1.735460	0.815597	-0.567480	-0.802178	-0.155753	-2.100653	0.289610	-0.056453	-1.115725	1.012222	-1.328911	-0.901852	-1.763516	0.472994	-7.372282	-0.719770	0.509037	3.765774	-1.200390	-8.771149	0.393815	0.652497	-0.062265	-2.507420	0.766035	1.035347	-3.838047	0.803688	0.825073	-1.868944	-0.480486	0.319732	-1.831954	1.306104	0.443871	-2.851099	0.065013	-1.766635	1.656376	-0.527772	-0.901149	2.379130	-1.471243	-0.066979	0.213018	1.176054
-0.574848	-1.956313	1.182479	1.601192	-0.569793	0.791348	-0.025982	1.748109	-0.734793	-1.880322	-0.978237	-1.255667	1.420087	-1.688123	3.560634	0.078822	5.868011	-1.128441	3.875534	0.323034	-2.659656	-5.875412	-2.576443	6.015452	-1.684022	-5.115630	-1.876193	0.182963	1.076161	-2.065969	8.952295	0.737660	-0.331501	6.445783	-2.085612	-2.259747	-2.777153	-0.084225	-1.730301	-1.476710	-3.091344	5.499730	1.575301	0.692368	-0.297984	4.236931	2.608991	8.239160	-0.026887	-0.154132
1.866469	-2.283348	0.419242	1.487811	0.479992	0.331782	0.436545	0.407147	-2.924934	0.792253	1.349290	1.761903	-0.486356	2.853701	0.234148	-3.732206	2.381265	-0.483408	-4.210397	2.942234	0.784235	1.315150	2.017855	-2.384636	-1.220503	6.584425	-1.655174	1.139177	-0.224497	-1.445071	-2.933822	0.388738	-0.628697	-1.968716	3.917900	1.053164	3.462931	0.410106	2.255608	3.994775	-0.715018	-3.536117	0.217149	-2.115859	-0.000781	4.388576	1.877667	-1.384746	-1.008922	2.605071
0.217728	-1.353601	1.046318	-1.135613	-0.166061	1.642858	0.290309	1.883992	-1.655882	-0.824089	-0.374319	-0.670510	1.913978	-3.062742	-1.456881	-1.270171	-2.508690	-0.106871	-3.322812	-1.061908	2.488500	-0.876979	-0.413869	0.116349	-3.118329	-6.886729	-5.889565	-0.600339	0.062460	0.512560	2.574017	-0.895813	0.097710	1.416517	0.279636	-1.434339	-0.990964	3.740390	-6.970537	-3.400058	0.845060	4.041139	-0.664088	3.239075	-0.314505	1.718721	-1.236848	4.322699	-0.253651	-2.325521
