X11	X30	X18	X32	X22	X39	X3	X9	X17	X15	X2	X38	X50	X28	X34	X1	X8	X40	X26	X20	X29	X41	X12	X36	X45	X35	X33	X24	X43	X6	X31	X48	X42	X10	X4	X7	X14	X23	X13	X47	X21	X49	X37	X44	X16	X25	X27	X46	X5	X19
-1.109569	-1.472932	2.218930	-2.678797	-2.280522	-0.722290	0.406021	0.173504	1.925022	-2.030279	1.646351	-1.756893	0.171766	-4.071652	-0.644413	-1.348939	-0.623535	-1.963327	0.164235	-1.859758	-0.444325	-1.929408	-1.344957	2.638664	1.406378	1.920235	2.407448	-5.460746	0.024992	1.425812	-2.107153	1.346565	-1.234195	4.616241	-2.628900	1.048029	-0.185690	-0.736715	-0.554686	4.960520	-0.650176	0.890092	-1.977844	0.799139	-2.607082	-4.293477	-1.597174	0.471595	1.386668	0.126362
-0.704946	-1.950094	-0.162707	-2.621549	1.135516	-2.660221	0.467663	-1.670293	-0.544270	-0.451744	0.458010	0.970498	-3.349836	-1.258792	-2.375708	-1.901384	-0.232385	0.046288	1.014625	-0.542527	-1.186612	-5.837934	-1.773388	-2.245396	1.403891	3.256929	0.612397	4.147094	2.287305	1.791609	-0.286052	1.281475	-2.945703	0.848479	-0.993488	-0.875017	-1.797628	-0.626737	0.070377	1.917149	-0.461177	2.341424	1.169734	0.197002	0.784785	3.522671	-0.627796	-1.360932	-0.261245	-2.125979
1.026149	-1.611979	-2.277490	0.323753	2.095815	-0.625170	0.240553	-0.432457	1.722105	-0.239195	-0.561362	0.688508	-0.185334	3.262364	2.024879	0.407824	1.710427	-1.362953	1.033902	1.507785	1.891886	2.974060	0.744910	0.691468	-0.229798	1.228906	1.135451	0.639864	0.784806	1.011161	0.120169	0.090339	1.208305	1.211806	0.786930	1.412633	0.529481	-2.306402	-0.528322	-2.020573	0.040838	1.374878	0.399279	-0.311758	-0.476684	2.159322	0.709418	1.657954	-0.951265	0.052381
-2.281593	1.868889	-0.714817	2.598550	-0.764890	0.818541	-0.041571	1.148795	3.624194	-1.161735	0.237967	-0.392952	2.165761	-0.655841	-0.927309	0.705266	-0.534373	2.612105	-2.537782	-1.477675	-4.806872	0.325558	-2.635730	0.516589	-0.366683	-2.752417	-4.684178	0.339726	0.970927	-3.068229	0.463788	-2.110040	5.146804	0.370129	-1.324368	-2.483616	-1.268257	3.650606	-1.612794	1.994620	-2.474395	-4.088450	0.390590	6.718644	-1.259948	-2.564742	2.917359	1.699464	1.273483	0.133245
-0.370458	0.172058	-2.467808	-3.244545	0.726166	-0.764481	0.308061	-0.469264	-0.619300	-2.254424	1.813712	1.929972	-0.586842	2.110483	-1.738701	0.770766	1.407726	-1.506863	1.260280	-0.984596	0.889686	0.368304	-0.198694	-3.363365	1.292374	0.635831	-1.345577	3.208024	3.893241	1.919647	3.325146	1.130747	-0.374969	0.532563	2.745807	-0.815528	2.254167	-1.947108	-0.646770	-1.855089	3.263896	-0.049494	2.425863	-2.078621	0.843178	0.357821	-0.434965	0.486309	-1.687956	-0.534994
0.053848	0.762860	1.577244	-1.938333	-1.647737	0.406806	-2.285757	0.714648	-3.580100	0.151970	-0.227786	-1.458966	-0.068122	1.546668	-0.083258	-1.358791	0.569473	-0.366026	-2.924301	-2.346683	-1.917308	0.876736	0.280723	-2.056294	-1.126204	-5.244118	2.144430	-0.060745	2.237252	0.981278	-0.318842	-0.380684	0.939153	-0.185897	-1.193577	-3.925177	0.419863	-1.428670	0.617506	-1.603110	-0.165761	-1.970932	0.974216	-1.573943	0.620225	-1.374287	-0.370585	-1.743887	0.029101	1.157571
0.531091	-0.721515	-1.254110	-0.718035	0.830937	-1.298490	1.279070	0.407545	-3.092515	0.528790	0.367812	-1.592912	-1.423928	-1.917631	0.761032	-0.665900	-0.037150	-1.702373	2.150042	0.942498	3.583263	-0.680315	0.824312	-3.230128	1.508093	-1.026913	2.169020	-0.332757	0.417438	-0.648842	0.573839	1.715218	-1.443321	-1.622328	-1.935038	1.358784	0.673253	-2.143286	1.211598	-2.570513	0.101418	2.846694	0.490972	-2.755494	2.610502	-1.299323	-0.470216	-2.992446	-1.679481	1.047310
-2.174700	0.840625	1.755188	-2.176245	-0.790596	-0.559568	1.260404	-2.195634	-0.271143	-0.223808	-1.255010	0.966620	1.992214	3.475233	0.427115	0.995627	0.770988	-2.301797	0.329230	0.824940	-2.285693	5.632315	-1.601231	3.420841	0.231963	3.291712	2.082857	-1.979039	-2.381343	0.574836	-2.289010	1.617518	0.454251	0.267918	2.153723	-1.642534	2.949546	-0.860416	-0.190175	-1.718072	-1.173514	3.125251	0.891621	-3.230719	-1.896999	0.986472	1.301109	4.280485	0.085513	3.770124
-1.896558	2.997056	-2.796265	4.092850	-0.601113	-2.032269	0.620795	0.094541	0.157872	0.167881	-1.146805	0.241071	0.432266	0.928481	-0.573424	-0.355238	-1.876988	2.955557	-0.840168	-1.406604	-0.001399	4.332650	-0.664103	1.292853	-1.137880	-2.922621	0.908815	-4.504633	0.024291	-1.248354	0.516288	-2.086526	-0.454690	1.133548	-2.384696	-0.812116	2.462586	-1.342529	-0.198839	-1.541715	0.142823	0.397322	-3.501102	-1.033143	-1.968189	-1.357266	-0.150865	0.408168	-0.848820	-0.176293
0.204130	-1.542644	2.734349	0.840281	2.502014	-1.225600	1.674678	0.893895	2.927082	-1.662643	0.334784	-0.663077	-0.776693	-5.007084	-3.680022	1.349194	-1.385221	0.846001	0.855019	-3.297139	-4.062293	-4.731005	-2.209607	-1.165573	-0.651641	-3.167314	3.025821	-0.755364	3.248506	-0.103230	-0.618336	-0.826153	0.389538	1.811955	-0.201802	-0.394563	0.873222	2.498151	-0.495377	3.417173	-0.889373	-4.128849	-0.487292	-1.168321	-1.350481	1.081272	-0.436801	-0.575813	1.874856	-2.035097
1.665549	2.616252	0.843362	0.821469	1.566005	-0.528226	0.137201	-0.860878	1.069891	0.882761	2.086475	-3.911461	-2.183109	-0.868856	-2.553434	-1.018969	1.331217	0.397178	-0.971272	-3.440261	-2.597307	-0.562276	-1.052928	2.951103	0.328642	-4.820690	-1.489053	-0.066459	2.811487	-0.675533	-1.708158	-0.541080	-0.428730	-0.084425	-4.070494	-1.925578	-1.428781	2.169414	-2.073243	0.980038	-1.403071	-2.357892	-2.404204	1.499710	-0.259153	0.280449	0.253211	0.204886	-1.734096	-1.323681
-1.377422	-0.552758	0.229424	2.482181	2.463914	-0.601607	1.459316	-0.110887	2.235564	0.268705	-0.124995	3.070214	-2.767002	0.408048	0.369627	0.558371	0.881577	3.572580	1.195888	2.006515	2.989619	1.762444	1.021957	-1.681828	0.825004	4.348619	1.308901	-2.996910	1.007474	-1.629851	1.489022	-0.607284	2.858919	2.573533	0.728698	3.865834	0.945757	1.664835	-0.066722	0.914200	0.397435	0.048962	-1.547329	3.199947	-0.495174	0.705675	1.254076	-0.621220	2.513683	-0.432323
-0.983803	-1.986381	-1.778166	-3.698407	-1.946883	-3.718989	-0.199587	0.658926	-1.459482	1.733966	-1.755909	1.038851	1.940051	2.552421	-0.964726	-0.187535	1.198569	1.164433	0.891390	-1.349194	1.996109	-0.709402	-0.995931	-0.116224	1.118408	-0.455076	-0.597386	2.180809	-3.220633	-0.279456	-0.460675	-1.799328	-2.120978	-0.429246	2.395784	1.840546	-1.295781	-0.373093	-0.055969	0.932610	-1.096883	-0.222454	2.437242	-0.911342	0.937808	-1.811513	1.960163	-1.906570	-2.996330	2.666293
1.814795	1.246062	-1.323258	2.174322	0.907389	-1.860673	0.190716	-3.725820	0.492857	0.259610	0.392050	1.310170	0.183070	1.966808	-1.384756	0.354852	2.473785	-0.717382	-2.509878	-0.265759	-2.713480	0.217679	-0.719255	0.215644	0.452879	0.606489	-3.783459	-3.442537	0.076220	-1.411964	-0.934296	0.626242	-0.101893	-1.876801	-0.406355	-0.738423	-0.060228	2.493638	-0.941903	0.925146	1.256515	-1.988938	-3.174350	1.587933	-0.587103	4.252271	-1.311439	0.287405	-0.119170	0.685163
0.366447	-1.007386	-1.161810	0.205538	0.707854	-1.030584	2.221333	0.774072	-2.668641	0.448620	0.336417	-2.013402	-1.561263	-2.022336	-2.466756	-1.097382	0.617401	-1.157569	1.368355	-0.812514	3.464410	1.145096	0.922108	-0.216080	0.243056	2.822826	3.440169	-1.155155	1.969109	-1.564043	-0.383203	1.046837	-0.169057	-0.285171	0.519237	0.999962	0.617893	-0.456738	-0.404081	3.409457	0.346149	-0.538205	-0.953684	-7.755803	-2.117992	-1.148932	-2.431813	-1.003459	2.567591	-0.457223
-0.552266	0.412332	0.586185	-0.184918	0.005713	1.818868	1.315493	-1.543095	2.912099	-1.327928	0.781928	1.024003	0.514486	0.308420	-0.182056	0.578154	2.734006	-0.922205	2.847266	-0.634258	-0.615532	1.059494	0.305832	0.670656	-1.159044	4.624365	-3.780413	-0.029841	-2.616545	0.405820	-1.601541	1.842486	1.168599	2.914236	0.674953	1.656176	-0.822742	3.164712	-0.968064	2.634121	1.600401	2.353811	-0.569188	8.270451	-1.340993	0.800672	-2.662019	-0.259189	2.619545	1.894040
-0.070529	1.634575	-0.102711	0.961952	0.968904	-2.431179	-0.556171	-1.721489	-3.157494	0.112077	-1.019277	0.134352	-0.660124	-0.289620	-2.277139	-0.632264	-0.859104	-2.288326	1.305843	-2.024108	-1.648077	-3.695496	-0.699487	1.121368	-0.395941	-3.479736	-2.497449	2.234334	2.334989	0.491273	0.211434	0.457448	-1.202610	-1.810799	1.315851	-1.389320	-0.395056	0.451949	-1.344577	-0.225573	-0.208079	-3.783366	3.666275	-0.288535	3.047373	4.085963	0.088762	-1.550830	-1.655125	1.009472
-0.692793	0.932322	-0.538984	-1.378559	3.036184	2.277649	-1.098389	-2.066009	-0.511313	0.847937	-1.105209	-1.338531	-3.344742	2.036260	0.874476	0.641193	0.315825	0.176422	-1.312209	2.127392	-4.593403	4.644290	-0.297261	-1.926382	-0.371031	1.133255	1.158338	-0.880492	-1.352726	3.034009	-0.224070	-1.845165	-0.859399	-0.472208	-0.113669	-1.412907	1.242976	0.610963	-0.103618	-0.387522	-0.009174	0.936427	-1.146269	-2.643175	0.324519	7.402961	-0.835644	0.698605	-0.242403	0.485937
-1.240016	1.304419	-0.499270	0.130204	-3.478580	1.613081	1.380154	0.261444	2.167160	-0.725514	-0.020722	-2.681733	1.845250	-0.651558	0.654141	-0.153186	2.066618	2.441802	0.524841	-1.523584	5.731241	-0.186344	1.319876	1.062476	-0.828664	3.123501	0.347994	0.041112	-3.765153	-1.569577	-0.181832	-2.176086	1.838463	-0.169114	-3.062829	1.479595	0.827989	-0.359412	1.268938	1.227850	1.578232	2.326079	-2.280573	1.916249	3.247598	-4.360515	-1.309150	-0.796962	-1.048366	1.719711
2.255890	-1.678529	-1.909268	2.260817	1.767898	-3.358381	-0.686728	-0.615917	-3.928400	0.170303	0.253061	-1.909478	-0.170115	-0.875384	-4.264694	-0.564226	1.574934	0.780203	0.441318	-2.951487	-2.940268	-0.172806	-1.619956	3.063762	0.673193	-2.261212	-0.221854	-4.761710	2.008414	-3.088691	0.785169	-2.857851	1.229019	-2.774949	-2.676071	-0.776068	0.277161	1.610230	0.048920	-1.652210	-1.099143	1.321402	-4.651023	-0.711841	1.751862	-1.622186	0.985077	-3.178500	-1.985463	1.078600
1.625687	-3.325710	2.532123	0.844254	-0.101666	1.540142	0.019653	-2.415367	3.197120	0.245246	1.312070	0.975639	0.048948	-4.276035	3.571293	-0.616100	3.470306	5.263000	-0.561574	2.204728	-3.598290	0.947403	-2.433513	2.343287	1.343785	-1.725148	0.625170	1.302662	-6.629797	-1.752702	-3.114369	1.073156	2.600636	2.481715	1.732663	-3.229393	-0.036106	2.123808	0.426486	5.007418	0.072569	-4.361098	0.485142	2.413368	0.181314	-1.016297	-0.499979	-5.895281	2.212499	0.346082
1.750522	0.040273	-0.829479	1.107228	1.197324	1.363415	1.059387	-1.309666	2.867230	-2.009348	-1.537755	-0.729252	1.991421	1.970011	-0.183128	1.366156	0.708233	2.605029	1.840149	1.033656	-1.533575	1.465898	-0.938858	1.104221	1.896362	4.001371	-4.955475	0.168687	1.091207	0.077303	-0.087032	-2.209813	0.420726	2.923342	0.534937	1.305087	0.604460	1.263472	-0.066986	2.166172	1.212255	1.215646	2.852119	3.115913	-2.048207	1.400738	-0.988685	-1.441087	3.187666	1.020579
-1.760711	3.504555	1.059038	1.141202	0.744776	-1.037241	-0.697982	-1.384865	-3.360662	1.537163	-1.338907	-2.295172	-0.000028	0.525539	1.655285	-1.263023	-1.780479	2.821007	2.772492	1.431187	3.927643	-0.501911	1.980090	2.805149	0.553961	0.157671	1.412621	2.767538	1.162835	-2.473884	-1.318798	0.668067	1.169778	-0.905072	0.119700	1.261790	-0.060538	-0.678112	-0.597747	-1.185113	0.183014	3.993630	2.712842	-4.530157	-0.246985	0.392699	-0.210957	-0.974191	0.915687	1.997063
-0.521119	1.190010	2.141405	-4.082290	0.151057	3.564423	-0.671822	-1.169613	-0.647795	1.368082	0.416048	-2.293245	-3.946058	1.221699	0.340668	-1.471864	0.933958	-0.568901	3.049045	1.856433	-1.319997	-0.848909	1.396643	-0.420337	0.530668	0.363094	6.430336	2.733592	-3.894564	3.175993	0.670457	0.619289	-3.077610	0.516489	-1.503020	-1.470925	-0.819240	-4.520266	-1.851772	-2.573232	-0.218044	4.541887	-0.603189	-1.894964	3.971476	5.303805	-2.052889	-1.168634	0.843812	-1.194335
-0.282060	0.566604	-2.756180	1.678521	-0.734304	-3.289170	-1.350491	-1.964087	-0.435134	1.683706	-1.193098	0.018512	1.274998	-0.098131	-0.573378	0.975818	4.229462	-2.329892	-0.585949	-2.108148	-3.879398	1.779107	-1.243649	-5.066220	-2.120593	-1.297316	-4.734729	0.299112	-0.715872	-0.537018	0.619315	1.688761	-3.817487	-0.417161	-0.872259	-4.451117	3.003200	1.153476	0.727156	-1.444615	-0.464847	1.108256	-0.642004	4.413790	5.096762	1.604009	2.081996	5.182133	0.560639	-2.416450
0.698306	-0.488195	-1.112657	1.793071	-1.035883	2.506470	-0.601348	-0.448719	-2.172598	-1.030107	-0.192507	-1.048882	1.405247	0.612098	0.758794	-1.171622	1.471055	-1.052111	-0.491091	0.538106	-1.563354	1.604347	-0.536626	1.132674	0.149539	-0.082517	-0.866852	-0.450625	-4.057560	-0.031308	0.907489	-2.092631	-0.711533	-0.805068	-0.091383	-2.386211	-1.014653	-0.214475	0.107180	-1.315926	1.175126	2.184440	-2.858111	0.096649	-0.925304	-0.520317	1.171876	-0.867498	1.215022	0.125160
0.497780	3.360248	1.867978	1.909998	-2.002964	2.642504	-2.246166	-0.014749	-1.647480	0.897190	0.005299	-0.117338	0.731847	-0.441595	2.279248	-1.494371	2.002898	6.099183	-0.654720	1.068882	0.649873	2.924089	0.121657	0.935619	1.357450	-4.708453	-1.615015	1.130361	-2.533662	-2.157039	-2.642440	0.042962	1.206735	1.911664	0.065914	-2.497540	0.960583	0.268840	1.777010	-0.340380	-0.940593	-4.830833	3.002967	0.527283	3.205155	-1.371168	3.304677	-3.052859	-0.777072	2.357822
1.760168	0.817964	0.101492	-3.275303	0.505075	-1.497291	-1.191038	-3.207747	-0.639531	0.253804	1.947266	-0.439413	0.321592	-0.434454	-1.802541	-0.504343	1.859655	-4.271414	-0.789195	-4.851828	-2.823750	-2.888437	-0.100731	-1.605341	0.375871	-3.327357	-2.807098	1.576689	2.264861	1.850912	-1.830773	2.162691	0.658352	-0.588543	-0.587035	-4.622365	-1.173028	1.311810	-0.534303	1.087104	1.395906	-2.340461	2.024862	0.715390	0.118812	1.904527	-0.403092	-1.164233	0.690368	0.370892
-1.211195	-1.679721	-0.440433	0.988755	-0.638076	2.915639	0.344174	0.476075	3.122073	0.814348	-0.670386	-1.279106	0.709377	0.298336	2.798006	1.115748	-2.487541	-3.961442	-0.595237	3.167702	-0.658877	0.170361	-1.177952	2.173719	-0.926832	-4.064247	-0.035430	1.957435	-1.540451	2.175914	-0.580315	-1.393116	-0.250712	1.564720	2.977531	-0.073425	-0.063058	1.657087	-0.244337	-0.991169	-3.089815	-3.186668	0.945757	-0.321902	-0.629984	0.545951	-2.478229	4.358806	0.860077	1.600620
-0.086191	1.552366	-0.968386	-1.835631	-0.719374	1.639344	1.534138	0.774456	2.544922	-0.946134	-0.576317	1.535687	1.279551	-3.030394	-1.043725	-0.515896	-2.519542	-0.780135	-2.535518	-2.688621	1.612609	-1.373158	-1.078668	1.984622	-0.709182	2.090863	1.088385	-1.671152	2.428875	0.651528	1.179177	0.443853	-0.692019	2.240183	1.324760	3.240844	-1.489893	-0.861958	-0.748602	1.111538	1.058830	-0.820783	-2.029776	1.508536	-2.041969	-1.043454	-2.393206	1.795068	0.468832	-0.714808
0.012327	-1.383807	-1.805809	-1.734448	-1.212950	-2.133707	-0.424998	0.671572	-0.126842	-0.031089	-1.884894	-1.543161	-1.377526	0.946820	2.973792	-1.041036	1.608896	-0.788090	-0.483758	0.374329	-1.325899	4.576951	-0.565528	-1.229043	-0.798486	-0.618627	2.559821	-0.882269	-1.289262	1.268618	0.450758	1.094864	-1.672618	-0.874644	-1.711767	-0.526556	2.210753	-3.558012	0.552778	-1.563434	0.076484	1.751890	0.824921	-2.944269	1.866343	-0.776797	-2.392494	2.459930	-3.515561	-1.516083
0.053924	-2.279475	2.115565	1.742348	-1.408479	4.241472	1.279962	1.069268	2.670641	-2.406480	-0.274491	1.747141	-1.383879	-6.331037	-0.304538	-0.611228	0.796179	1.394338	1.214892	0.238644	-3.563117	-6.907883	-0.375477	1.015980	3.205005	-3.145235	1.930605	5.757298	-2.369580	-0.682026	0.127488	0.069486	1.602560	1.778036	3.353555	-2.849415	-2.487482	2.130661	0.037782	3.213517	0.525976	-3.825775	4.328853	-1.890872	1.384516	-4.212273	0.944560	-1.484020	-0.077937	-0.053364
-0.292980	1.504618	1.171886	1.321472	-0.019452	1.228713	1.454043	-1.218016	3.041799	0.395499	0.556550	-2.441140	0.364788	-2.004261	0.110409	0.399158	-1.167233	-0.603714	-2.140401	-0.836982	4.880150	-1.974639	0.309769	-2.762071	-1.922581	-1.613152	-2.056280	-1.031704	-1.088804	-0.847356	-0.887191	1.521086	-0.590903	1.021106	-0.714466	-0.120420	-0.729411	1.020201	0.410532	2.949007	-0.860000	-2.173842	-2.046453	0.449348	-0.149882	-2.078464	-2.374073	3.811618	-0.622627	-0.954713
0.833609	2.923482	-0.814838	2.399441	1.922168	-2.731460	-1.121456	1.169381	1.567347	1.593454	0.829593	1.054230	-2.111909	-0.770305	0.643301	1.253317	0.684959	-1.832629	0.271728	1.321498	-0.350839	-1.622698	0.005419	0.515809	-1.646598	-5.234746	-2.977866	2.245947	-2.055651	-0.249804	0.119795	-1.792626	-0.057014	-1.529885	0.748740	-1.866856	-1.065472	2.692041	0.322187	-1.381557	-0.899685	-1.784500	2.380915	-1.608769	-0.387282	-0.040075	2.577787	2.281266	-0.752124	-1.049785
1.423393	0.153981	-0.695321	-0.157912	2.506961	-0.440877	-0.453206	0.226152	3.138599	0.174012	1.547520	0.282824	-0.155201	6.099422	-0.629833	1.483426	-1.207967	3.051503	-1.796865	1.099934	1.183210	1.855476	0.269292	0.633154	-0.302632	3.568818	-0.052495	-2.307722	2.129474	0.498379	0.934710	2.249983	1.816599	2.447494	-0.558321	-0.440696	-0.043129	-1.607989	-1.708890	-2.993183	-1.750552	6.128690	-2.387144	5.038743	-1.020651	4.037824	0.221722	-1.655330	2.063921	1.846517
0.757558	0.546024	0.537124	-3.641694	1.531005	1.608215	2.443511	-0.540016	-0.394284	-0.259645	0.787398	3.756109	-3.468837	-2.621416	-1.125802	-0.813342	1.141769	-4.332179	1.611679	0.429561	2.464870	-3.120879	-0.052607	-2.236406	-0.577746	4.034273	5.355477	3.988127	1.266203	1.933038	0.226674	-2.835441	0.587634	-0.797864	0.568227	3.627082	-1.161060	-3.818374	0.792118	3.116952	0.439051	-1.180733	1.795785	-5.996017	1.364540	2.224736	-3.826278	1.958996	-1.093031	-0.752508
-1.181757	-3.517399	-0.534151	2.121537	-2.055240	1.898361	-0.191004	0.343219	-0.666075	-2.124634	-1.733712	-0.074747	-0.101787	-4.277497	3.679823	1.059356	-0.657788	-0.898779	-3.723412	0.056664	0.161654	0.069705	-0.776323	-1.573955	-1.285884	-3.053201	0.927577	0.525356	-5.904604	0.774694	0.774379	3.030525	-2.764227	-0.839951	1.085893	0.570911	0.534603	-0.191953	0.482128	0.257044	0.023207	-2.708219	2.581226	-3.534580	1.273707	-2.345494	1.249119	-0.439144	-1.260219	0.830148
0.774436	1.299869	-0.097782	-1.531991	2.065077	0.932390	-0.287639	0.117692	0.734499	0.885473	-0.274767	-2.850427	-2.995024	2.306316	0.423968	-1.348067	-2.413775	1.296775	1.406050	1.958394	-0.644810	0.802619	0.242542	4.130295	-0.743818	2.414402	1.168672	-1.545022	4.436733	0.943388	2.658142	0.254881	-0.654111	0.998639	-1.221159	-0.991896	-0.204577	-3.710198	0.489207	-2.767631	-1.922310	5.129034	-0.121360	-0.517245	-1.527014	2.007208	-1.998592	1.060974	-1.032250	1.578461
0.299080	0.509616	1.317268	0.551316	0.263814	2.120646	-0.535397	0.461676	3.217416	0.665262	0.768354	0.746561	-0.585127	-4.561417	0.251504	0.076000	0.559357	-0.890244	-0.336873	1.282924	-1.381191	0.594273	1.792002	-1.546816	1.240812	-0.062227	-1.892223	0.996119	0.876681	0.380732	-0.572244	2.941901	-0.278821	0.880475	0.501792	-0.845797	0.825741	0.178279	1.164786	2.842221	1.266444	-1.732556	0.819434	4.704344	2.632101	1.973919	1.614292	4.037784	0.280635	0.222552
-1.522022	0.646741	3.826355	-2.302416	-4.264554	0.647352	0.296350	-0.162781	2.035470	0.034060	-0.586768	-0.574200	3.036091	-5.247964	2.086098	0.654149	-0.386764	-0.263414	-2.567284	-1.040797	3.380284	-1.915669	0.986610	0.681573	0.660279	-2.060437	1.957503	-1.078955	-1.625768	0.373004	-2.261049	-0.573085	-1.364961	-0.143586	1.923519	0.238380	-1.628847	-0.231187	-0.713024	5.053855	1.237049	-8.792782	-0.857843	-3.088595	-3.876946	-2.058901	-1.561877	-0.047111	0.450584	-1.632658
-0.762058	-0.726630	3.749398	0.256056	-1.980236	-0.705640	0.373139	-0.689702	1.097996	2.365456	-0.456106	1.265313	0.947296	-2.926595	1.766966	0.170647	0.335128	-1.005810	2.580643	1.427932	-1.260953	-0.494470	-0.397820	-2.207589	-1.443065	1.866871	2.418886	-1.328065	-2.212510	1.490450	-0.762129	-4.134998	-0.554251	-0.252102	0.873811	-0.523688	0.332286	0.796468	1.089487	1.834004	-2.091881	2.390420	1.815864	2.143181	0.457354	0.675206	-1.488357	0.334941	0.205336	-1.893099
-0.268180	-4.147514	-1.344780	1.076114	0.285855	-1.837307	0.243406	-0.767086	-0.185157	1.446084	0.250783	-1.806605	1.635697	2.002175	-1.195242	0.143887	2.133273	-1.198933	-1.197296	-2.132318	-1.704869	0.292451	-0.583750	-2.386812	1.262630	0.570856	-3.771123	-2.923606	-0.299533	-0.346086	2.384098	-1.758165	-1.514708	-0.952316	-1.793067	2.940773	1.897738	2.625345	0.057628	0.007362	-0.978083	1.571002	-3.900550	4.704796	1.570431	-0.181425	-0.997425	-2.277054	-0.649344	0.259039
-0.414913	1.512490	0.445108	0.949954	0.801215	-1.635077	0.803896	0.101588	-2.235756	0.280482	-0.127876	1.776342	-1.991281	0.051367	1.648430	-1.145421	1.492615	0.078745	-0.409293	0.226441	1.040493	2.754960	0.023564	2.347283	0.141239	5.054367	3.507511	3.284000	-0.720760	0.025033	-1.334879	-2.972229	3.445718	2.062973	1.207732	1.237917	0.162119	-1.275287	0.863632	0.899326	-0.608874	2.341503	1.706625	-9.402050	1.086864	-1.938064	0.774383	-0.943815	1.178548	1.251989
-0.301759	-0.883349	-2.920427	1.559507	0.552121	-0.903852	-0.667092	1.545292	0.240814	0.551917	-0.110456	1.583683	1.958908	3.180718	1.531943	-0.490276	-0.830143	3.004226	0.839461	1.831220	2.802603	-0.492458	0.942929	0.191490	1.006960	-4.821266	-4.555657	5.693881	0.567997	-1.399538	2.889160	-1.852667	3.402881	-0.466254	2.681464	-0.381990	-1.480822	0.334742	1.029160	-8.154288	0.185240	1.027327	3.365710	2.101804	1.998216	-0.474487	-0.204798	-0.982366	-2.250871	1.410095
1.296318	1.394065	1.251594	-2.332396	-0.969742	-1.915473	-1.785571	-1.011935	-2.620752	-0.153792	-0.158319	-0.015219	-0.290703	1.225271	-0.989745	-0.889704	-0.660391	-3.783068	1.457775	-0.680341	1.549765	-1.422193	0.783035	0.842544	0.940355	-1.417864	0.857935	1.482476	2.240378	0.980991	-1.202864	2.220882	-3.284033	0.037644	0.141056	0.535824	-0.312429	-3.746329	-0.789255	-0.444662	0.662494	-0.799075	3.020462	-1.071730	-1.103699	1.355997	0.288063	2.731821	-0.421450	-0.899904
0.755969	1.552189	1.406474	-0.922038	1.786794	4.359918	-0.797649	0.031269	-1.140476	-2.123306	-0.385991	-0.664909	-0.851960	-1.204754	0.586534	0.924660	-1.698555	-2.782427	-0.012061	0.085642	-1.962635	-2.006387	0.363647	-0.743381	-0.718342	-0.248494	1.161001	-0.728801	1.889290	1.126224	-0.077004	-1.990314	0.021098	1.426561	0.879894	-1.898282	-0.684961	-1.538351	-0.173148	-0.987486	2.293809	0.121073	-1.040878	0.059735	-0.751321	0.599814	-1.329172	4.313416	0.787676	0.216550
-0.004530	2.206027	0.756183	-2.478859	1.654312	-0.631038	-0.133600	0.237539	0.141904	0.355313	-1.848398	-0.615732	-1.054358	3.962147	-1.304494	0.040536	1.576182	-1.564656	-1.794926	-0.741073	-2.467272	1.227215	0.128271	0.578847	1.502119	0.010463	-1.817287	-0.287609	-0.192042	2.112695	-1.943988	0.134380	-0.088761	-0.551862	-1.788014	0.392928	0.970136	1.083223	1.309613	-2.065908	0.437846	0.107567	-0.074596	2.543655	1.720448	0.603674	-0.254334	5.986721	-1.594673	3.734588
0.963517	-3.192980	-2.074970	-0.105160	-0.543367	0.871439	-1.469291	0.005402	2.891132	1.971379	2.192717	2.924170	2.815403	4.804635	4.749717	0.374570	-0.853438	-1.268891	-0.847295	3.927824	0.962205	1.911628	-0.364077	2.315277	-1.544937	0.310345	-2.983042	-0.996962	-3.776458	0.106035	1.617436	3.890646	2.852351	-2.061572	3.002422	-0.845116	-0.238947	1.135806	-1.266403	-1.805342	0.048487	-0.131699	1.967178	3.717612	-2.467696	3.271931	0.472982	-0.243425	-1.955020	2.331196
1.571986	3.270358	-1.692386	-2.508252	-1.740495	-0.723716	0.075409	2.089892	3.451538	0.656985	-0.209350	-0.399606	1.976818	3.144281	-0.085674	0.089821	-0.306612	-0.742932	3.943621	-1.241724	-3.001923	4.463153	-0.215196	2.132100	-0.980481	-5.519746	-3.527996	-4.074019	-3.934992	3.493279	7.020962	-1.218996	-3.613317	1.793150	0.976807	-1.053550	3.639309	1.479529	-0.529480	-5.906155	-2.125602	0.627683	-3.770049	8.085246	-1.706406	0.162313	-1.515698	4.151805	1.844942	0.631102
0.242109	-0.281860	-1.285997	-0.569327	0.117548	-1.219772	0.269801	-1.601919	1.386995	-0.831198	1.571506	-0.726332	0.752437	0.112501	0.172444	1.773340	-0.091009	-1.246926	-4.132161	-0.417394	3.186632	1.928835	-0.150396	-0.030749	-1.514671	-3.793969	1.939840	-4.254907	1.369389	0.198681	3.294599	-1.581135	-1.512925	1.021209	-0.730383	-1.518533	2.103241	-1.751439	-0.372139	-1.899582	0.901629	-3.870295	-0.871599	-1.142780	-1.204684	-1.027283	2.597092	-1.986616	-0.402098	-0.308590
-2.604004	2.855345	-1.415664	2.684317	0.607914	-0.062419	-0.221774	0.691220	-1.374283	1.340992	-4.285442	-0.350145	2.421550	2.542996	-1.413802	-1.198722	2.881089	0.980539	3.165757	0.748340	1.664885	1.358978	0.509054	2.267877	0.198737	-0.238877	-3.753835	-2.534906	1.110830	0.797630	2.045892	-1.790180	0.712237	3.014698	1.504162	0.576896	0.436386	1.033334	-0.752982	-1.403424	-2.140443	3.463855	-1.493736	3.214181	-0.817605	0.805908	-1.752596	3.206063	1.686981	-1.476887
-1.418402	-1.057487	-2.552696	-2.388254	-1.578550	-5.348393	-1.157913	1.687267	-2.710190	0.539745	0.680548	0.042938	-1.305858	2.832930	-2.737604	-0.658977	-1.488657	-3.451715	0.721852	-2.617527	-3.989292	1.564136	-2.292369	1.432950	0.712459	-6.037967	2.499614	-4.266202	0.713100	0.435274	4.367802	-0.329766	1.302988	-3.295987	-1.792052	-0.530028	1.151523	-0.679195	1.113520	-5.103798	-2.845049	-1.221392	-3.954176	-3.489919	-1.662900	-0.381239	-0.088782	1.598787	-3.359919	1.393893
-1.174472	0.284615	-1.905693	0.670367	1.674124	0.738423	-0.633505	-0.556132	-0.141017	0.109242	-3.277239	-1.083929	1.724245	2.939013	0.648075	-0.001722	0.493953	0.409596	0.639544	1.569955	1.396432	2.697533	0.618013	0.010671	1.976824	-3.794092	-2.141980	0.845528	-4.666312	0.051856	0.991521	-0.635626	-0.007419	-1.776599	1.743958	-0.989693	2.613696	1.246767	-0.471038	-2.200834	1.181024	-0.642658	1.490116	5.357583	-0.926294	-0.389326	1.169666	2.768331	-0.726847	0.990697
-0.100321	-2.711822	-0.894501	0.568435	2.119604	-3.151780	1.457058	1.704050	-3.693201	1.434447	-0.179647	-0.643888	-2.767145	2.058269	0.326528	-1.364557	-3.029219	-1.554565	-0.236395	0.107651	0.488650	1.142606	0.111609	1.176253	1.405798	-1.632070	2.749140	-1.506848	1.123348	-0.105872	0.330897	0.111224	-2.744702	-1.773244	-1.460885	-0.055705	-0.892335	-1.313277	-0.100316	-1.956169	-1.976650	2.985847	1.223631	-9.028245	-0.914203	-0.234921	-1.888309	-3.105323	-0.630301	0.450976
0.505727	2.935881	-0.083672	1.239866	0.530268	-1.270188	0.025786	-1.034343	2.641646	-1.258611	1.974935	0.870815	2.757492	-2.682312	-0.443347	0.654199	0.220623	-0.151035	-2.436485	2.093963	-3.311345	-1.839614	-2.411236	-1.568073	0.241271	-0.913171	-1.598903	0.374730	-1.509456	-0.460153	-1.085565	0.504569	-0.102095	0.596343	1.789274	-1.489143	-1.322691	2.426010	-0.613702	3.099158	-0.206897	-1.681356	-0.654989	-2.863800	-3.919431	-0.845239	0.653766	2.318927	0.589740	-0.870747
0.971657	-2.092193	-0.535302	-1.524910	0.790014	-1.922096	-0.262103	0.394505	-1.906409	-0.373554	-0.913808	-0.721837	-0.371623	1.602999	-1.468052	-1.917789	1.907567	-3.551756	1.277931	0.214512	-0.741547	0.780610	1.456455	-0.382737	-0.589424	1.722216	1.480847	2.896574	1.130212	1.776752	-0.346107	0.340246	-2.909618	-0.430780	-0.595410	-1.260970	-1.270262	-2.905677	-0.240448	0.453190	1.582435	0.081903	1.659742	-4.667163	4.258489	1.356120	-1.207714	1.938899	-0.166570	2.199075
0.141992	0.375636	3.104176	-0.894952	-0.306330	3.226592	-0.924199	-1.833243	2.574385	0.871775	2.100226	1.915727	0.385317	-0.989241	3.334319	-0.887328	5.601764	0.461348	-0.614725	4.606708	-2.874216	0.446726	-2.117701	1.483280	-3.370226	9.455662	3.663923	0.935450	-7.188103	0.372172	-3.845137	-0.571786	1.754757	0.558299	-0.183557	1.662224	-1.205862	-1.679348	-0.603829	5.145663	-0.492052	4.530768	-0.198915	-1.479227	1.292815	1.561519	-0.794756	-1.138070	1.567846	0.281939
-0.589083	-1.829451	2.423805	0.878942	-0.660030	1.393602	1.402511	0.033553	-2.796397	-0.718848	-1.158122	0.537436	0.450374	-3.855239	-2.917102	-1.800212	-0.612428	-1.930766	4.163058	-2.147609	-1.054330	-2.598114	0.105887	1.672411	0.105655	-3.157411	0.947945	2.622480	4.668946	1.224813	0.304624	0.531220	-1.327441	-1.101317	1.685716	2.191154	1.680522	1.537173	-0.028978	-0.699617	1.729914	-2.353610	-0.275957	-0.254871	1.244908	-1.407539	-1.625115	-0.206121	-1.192579	-2.152254
-1.324652	1.173834	-1.471805	-2.128288	0.757913	-6.094767	-3.921156	-2.740019	-3.278604	3.413923	-0.725139	0.748842	0.332575	1.406052	-2.833692	1.162659	1.977322	-3.496963	3.885992	-1.917054	0.143733	0.646293	-0.485911	-4.127591	-2.022649	1.655392	-4.210557	0.118821	3.693158	1.253822	-1.053552	-0.162406	-0.473534	-2.604863	-1.036242	-1.824383	1.607185	-1.870524	-0.667205	2.323354	-2.613894	1.299570	-0.893762	5.449450	1.536879	4.498275	1.599864	2.576271	-2.215184	-3.935314
-0.274776	-0.803755	-0.271150	-0.346477	-2.157692	-0.933672	0.175666	0.333473	2.092647	-0.007738	0.834252	0.166471	3.907792	3.309785	1.040533	1.648994	-4.681696	-3.534456	-0.676773	0.416552	2.364834	1.374820	0.799625	0.365826	0.002412	-4.356060	0.251122	-1.450174	2.197373	1.506106	1.865447	1.003883	1.081964	-1.030874	1.541779	-0.339417	0.253584	-0.734540	1.215330	-4.916291	2.099583	-0.331722	1.020632	0.318338	-2.735497	1.360656	-1.107784	1.492337	-1.463100	-1.205021
2.343303	-0.284988	-1.210287	-0.706499	0.361814	0.484544	0.826549	0.902084	-2.864717	-1.810340	2.001928	-2.489481	0.231833	5.987688	-2.596832	-0.087821	-0.404807	-3.285817	-1.339539	-2.197387	0.645680	0.365195	1.122387	-3.153140	1.139515	-0.848974	-2.439123	-0.214549	4.591722	0.052228	3.383535	3.421382	-1.396750	-1.598937	-0.934154	-0.933710	-0.457383	-2.206247	2.876289	-7.053116	1.496897	5.980245	-0.397157	-2.667076	1.701598	0.164278	-1.408159	0.256609	-1.723135	0.401110
0.195772	1.237919	0.272173	0.361905	1.972016	-3.274324	-0.482038	0.323089	-4.835835	2.305032	-3.476866	-1.947314	2.292090	2.354588	-0.529605	-1.493949	-1.424688	0.987790	-1.303589	-2.294099	-2.405472	-1.738783	0.703460	2.784636	1.573156	-2.713397	-2.898582	-0.370851	3.054932	0.643420	-1.118902	2.228948	1.130429	-0.712185	-0.307036	1.732645	-0.429441	1.304146	-1.290917	-1.822801	-1.515624	0.717837	-1.024014	-2.914660	-0.641107	4.463405	0.976932	-0.564845	0.043732	1.730012
-0.283781	-2.785830	1.181835	0.150908	0.476516	-0.589106	1.713272	-1.687099	-0.509126	-1.246179	1.775066	0.602080	-0.836759	1.884579	-0.747063	-1.024862	-0.041395	0.638374	0.124801	-1.021729	-1.603485	1.096605	0.298029	2.633743	0.071156	1.531160	2.961236	1.760982	3.281237	-0.098301	-3.914136	2.419881	-1.020826	0.543021	1.595615	1.095049	-0.129591	1.220223	0.505651	1.535317	0.931252	-2.245005	3.667340	-8.294625	0.598585	0.515503	-1.503822	-3.266552	1.511862	0.496411
2.020127	-1.430228	-3.064938	2.134473	-2.374617	-1.607288	-0.232078	0.454233	-2.138335	0.234517	1.513571	-3.749960	2.396403	1.226436	-1.981853	-0.175950	-2.557793	1.293902	2.647286	-1.570329	1.825010	0.898681	0.768544	0.637057	0.557075	-3.287294	-1.691504	-3.607554	1.344070	-1.905719	1.831106	-0.095309	1.585172	-0.712887	-2.336007	-0.555627	1.047695	0.698878	-0.357546	-3.599455	-0.651318	-0.227538	-2.336815	3.147153	-1.254535	-1.974490	2.232897	-4.272081	-0.666291	-0.396477
1.068131	3.059632	1.195717	0.920992	1.184909	1.468291	-0.287719	1.072582	-0.397372	0.103567	2.890908	1.021742	-1.867394	-2.400282	-0.919506	-0.303204	-1.518273	-2.080250	-0.217649	-0.060964	-3.274945	-1.085321	-2.587073	1.648565	0.272883	-2.205885	-0.357454	-1.087504	3.519002	-0.553505	1.456932	-2.816778	1.190879	-1.663741	0.265683	-0.961235	-0.448794	0.043382	-0.835985	-0.468061	-3.416556	-1.370615	-1.179270	2.174511	-2.189361	1.327612	1.131520	0.550171	-0.739619	0.171337
-0.260518	-1.261634	-0.420958	-0.512256	-1.261940	0.639775	0.167712	-0.245208	-0.167288	-0.189084	-0.383578	-1.514981	-0.282943	2.702234	-0.568411	-0.266207	0.355838	0.184020	1.300433	1.831011	-0.841583	0.612215	-0.282875	-1.628301	2.268759	-2.312232	1.199244	0.950663	3.909709	0.462308	1.362143	-0.514440	0.741528	0.421938	-1.420530	-1.012292	-0.203780	-1.114732	0.187597	-2.836007	0.839331	2.937860	0.197785	-2.858530	1.909832	-0.346784	-1.154758	-2.221007	-0.552270	0.477963
0.422111	0.629189	-2.822115	1.742818	0.037726	-3.164523	-0.259039	1.119420	1.565573	1.004182	0.324457	1.855785	3.284656	1.450386	-0.427079	0.555459	1.080477	0.550615	-4.251801	-0.585611	-2.652058	0.465971	-0.458848	2.934995	2.343033	-0.269611	-4.759133	2.419346	-1.477855	0.005997	2.005080	0.219050	0.002911	0.609053	0.623108	-0.730503	-0.152186	2.017980	-0.495217	0.713063	-2.618674	-0.689273	0.079535	2.455439	1.376737	0.177565	1.476913	-1.733186	1.128629	-0.005428
0.928318	-2.037207	-0.780054	3.655047	-0.658185	-2.931888	-0.827381	-1.446966	0.264500	0.150118	-0.705544	1.922944	0.317228	2.979579	0.982712	1.227497	-0.971243	4.959620	-2.756631	-1.712317	-0.232076	-2.614281	0.674619	-0.499723	-1.185737	-2.807235	2.227859	-2.909474	-1.252207	-1.952494	1.143356	-1.666494	3.963677	0.208382	0.196587	-2.353993	-0.537986	0.681007	-0.917149	-4.471169	0.982415	-0.859168	-2.532843	-0.688273	-0.650859	-0.340355	0.878138	-2.698643	-0.475559	0.548985
-1.820036	-0.834880	-3.599922	-3.313611	0.541356	-1.273790	-0.304535	-1.234659	-3.917296	1.094341	-0.454601	-2.165802	-0.462437	1.970774	-0.855924	-1.036875	-0.001560	-2.088876	0.164376	-0.495829	0.164295	0.417324	-0.285893	2.126427	-2.362639	1.073579	-0.237830	-6.952000	0.293132	0.133929	2.183875	2.014251	0.378649	-1.941663	0.222181	1.648876	2.464216	-2.129367	1.234182	-1.592936	-0.664412	1.025991	-4.241632	3.056704	0.104631	2.986098	-1.183111	0.314865	-1.406567	-1.124274
-2.469007	1.606282	-3.156870	0.402279	-1.311694	-4.060001	-1.957954	0.854191	-1.539199	0.346095	-1.335025	-0.485129	2.948495	-1.820034	0.431824	1.218476	0.460393	-0.446454	-0.434093	-0.776178	-0.197902	-2.021896	0.763838	-0.395437	0.491345	-4.035187	-4.057450	-1.977112	-3.653667	-1.352361	1.160449	1.091612	0.113064	-0.125694	-0.914142	-2.378568	3.031726	0.434628	-1.739523	1.462746	-1.057170	-4.408958	-1.174258	4.206269	-1.421206	-4.827417	1.974528	2.022164	0.396051	-1.116976
2.185149	0.078737	1.883433	0.301707	0.922078	2.386616	1.888796	1.134478	-0.331888	-1.754584	2.150729	-0.560050	0.621519	-2.734750	-2.796458	-1.671541	0.996868	0.209253	1.658648	-1.070313	-0.469964	-4.506366	-0.872779	1.369747	-0.579942	-0.729376	-0.555739	-0.096272	0.406165	-0.499566	-1.256403	-0.799731	-0.845915	0.206741	-1.546887	-0.932142	0.796785	-1.074374	-0.212512	0.479429	1.886013	-1.686748	0.167525	1.004661	-0.011241	-2.520128	-1.814472	-3.814327	0.403067	-0.935895
-0.415315	2.532938	-0.187212	1.522310	-0.824145	0.330492	-0.839993	-0.564791	-1.970738	0.184624	-0.785269	-1.460934	-0.559837	1.603806	-0.262061	1.127333	4.319133	-2.903210	-0.353560	-1.406260	-0.014096	1.257073	-1.648085	-1.873772	0.519368	3.781034	-0.678983	3.547283	-3.117806	-2.713021	-0.165449	2.175200	1.585682	-2.625330	-0.742067	-0.478126	-0.670354	1.537551	0.758205	-0.842497	-1.442151	4.875202	2.829965	-1.859139	1.933313	-2.369054	3.327721	1.477707	-0.043514	-1.178936
3.048664	-1.191528	-1.038084	-0.433136	1.546277	2.816031	3.052481	0.109903	-2.694082	-2.080648	1.451451	-1.201161	-3.817577	-2.244893	0.184259	-0.167721	2.225591	-2.201488	-0.710659	0.940226	1.179941	1.208110	-1.339084	-2.793310	2.158513	5.125116	2.757548	-1.808562	-4.287200	1.035480	1.463595	-0.063015	-3.124568	-1.968847	-2.596566	4.724063	1.962088	-0.024486	-0.844685	2.043714	2.065128	1.541798	-1.327592	-4.992913	1.101463	-2.790541	-4.201601	0.825300	-2.208965	-0.339749
-0.040835	0.198295	-4.395213	-0.727261	-1.281106	2.191357	2.692457	1.505209	-1.928438	-1.559161	1.712317	-1.486421	4.986273	0.085806	0.256230	-1.088060	-1.904410	-2.126534	1.093205	1.523954	3.191583	1.925709	0.266534	1.858843	0.901790	0.287076	-4.017419	-0.713363	1.060697	-0.580815	2.779507	-0.118321	-0.927103	-2.377129	2.209135	1.929464	1.422777	1.344714	-1.589126	-1.200633	1.465889	2.810168	0.033143	2.374546	-1.863032	-2.266934	-1.677964	-0.650552	0.238172	-2.087039
1.356571	1.348560	0.344598	3.176186	0.705269	0.080642	-1.753760	-1.186856	-0.363196	1.008089	1.590180	1.412494	0.800553	1.135657	-1.071240	-1.826219	-0.360440	1.868293	2.529527	0.107208	-1.742405	-1.173675	-1.957913	5.917240	-0.643310	-2.489277	-2.398156	2.910447	0.083705	-2.364419	-1.478731	0.534998	0.543310	1.060763	1.236733	-0.572067	-0.518496	2.528949	-0.383748	-0.517053	-1.743260	-0.592203	-0.939923	2.608009	-1.665349	1.534370	2.122329	-0.255641	0.506389	1.386947
0.312900	-2.162976	-1.365928	-2.663116	0.305596	2.949976	0.759216	0.664714	-0.836437	-1.435410	2.395813	-2.119169	-0.900001	2.355545	0.268808	0.393145	0.204186	-0.315878	2.306886	1.172616	5.379140	2.024129	0.164818	-0.331947	1.750074	1.038166	-0.506286	0.282390	-0.575865	0.343653	2.467819	-0.065599	-0.566028	-0.941412	0.884614	4.044317	-0.687547	-1.611593	-1.427008	-1.450995	-0.227705	4.492250	2.258367	-2.737511	-2.252756	-1.948002	-1.675114	-2.738721	-0.905899	1.035445
2.340980	0.225513	-2.697758	0.708998	-0.156929	-0.777626	-1.418423	-1.120308	1.614236	0.037466	2.846983	-2.274383	3.799132	4.153789	3.133197	0.479831	1.505669	-1.263045	-0.204108	1.680031	-0.790697	0.211968	0.279913	-0.676689	1.213364	0.739560	-5.371666	0.448946	-4.218491	-0.285082	-1.221859	-1.441661	1.391252	-0.614236	-2.640615	-0.055239	-1.976652	0.694060	0.613713	-1.658133	0.444405	2.268626	-1.660134	8.181147	-1.290851	0.034327	2.080724	-0.727985	1.618036	1.427124
0.898971	1.396835	-2.223302	-4.019186	0.026797	-0.344616	0.054293	1.653629	-3.456688	-0.811604	-1.327117	0.585241	-2.433604	-0.627849	1.448387	-0.133268	-1.849070	-2.061976	-2.630440	0.517888	1.265962	1.456585	0.452378	-0.845634	2.064611	-0.389308	0.859902	-0.084915	2.345254	1.933436	3.031424	1.150761	-2.421042	-0.906751	0.590594	-0.029221	0.260276	-2.845671	0.027477	-1.892526	1.373768	-0.006765	0.360131	-6.162124	0.785061	-0.859257	-2.694665	3.595677	-2.411632	0.038045
0.357765	-1.349820	-1.430098	0.324054	1.070631	-2.065288	-0.184489	0.745717	4.536693	0.805285	0.977963	0.539388	-1.149044	0.965290	-0.836872	1.191298	-1.334024	1.575534	-0.647943	-1.930801	4.877260	-0.328918	-0.399072	-0.675107	0.639163	3.382049	-0.845588	-1.730547	3.729338	-0.916654	2.579618	-0.470313	-0.282033	0.753244	-0.131722	2.134772	-0.821346	-0.653370	0.671384	-0.895970	-1.137233	3.669859	-3.136637	4.235099	-2.632910	-2.343652	0.293419	1.386289	0.230503	1.073280
-1.524799	0.182637	-4.310244	-3.018821	0.125526	-1.650116	-0.232239	3.190567	-1.253940	-1.304409	-1.434651	-2.294070	-0.868030	3.666126	0.808551	-0.323528	-1.844327	-2.186157	-1.348019	-2.000813	-1.494420	1.866360	1.936177	-0.266806	0.172447	4.302742	-0.664510	-3.018812	-0.394615	4.372638	3.379237	-3.202909	-2.091723	2.413617	-4.855404	-1.978192	1.310263	-3.100070	-0.790946	-4.784179	3.101554	8.085649	-2.032596	-1.399060	-0.804590	0.046106	-5.917602	5.015776	4.097511	0.868075
0.829959	0.016325	1.409895	0.550004	-0.829483	-0.439870	-1.132944	-0.236267	0.437257	1.596612	1.700615	-0.852275	-0.211883	-2.341993	0.786652	-0.498478	0.571198	0.099516	0.845018	-0.169811	-2.387043	-1.258872	-0.613442	2.839705	0.069387	5.443693	4.131879	-0.704481	-2.585312	-0.138174	-0.839299	1.387233	0.109063	3.605015	-0.497833	0.803374	-0.873625	-2.059522	0.044441	3.662228	-1.979781	3.651984	0.549392	0.003561	-0.800217	0.650335	1.680893	0.583943	1.417966	-0.106113
-3.067034	0.862184	-1.119378	-3.244142	-2.900577	2.049355	-0.210852	0.446865	-2.262098	0.112897	-0.957045	2.465159	1.149397	-6.462688	0.998498	-0.180058	-0.098050	0.366754	0.780365	2.124460	-1.403662	-2.003907	0.065840	-4.331496	0.065516	0.305207	-0.758042	1.360512	-1.257339	2.510365	-1.080228	0.749150	-4.268185	-1.397026	0.038362	2.124263	1.318359	-0.052743	-0.299836	3.276116	0.438470	-1.969357	0.047719	-0.200029	3.519789	-3.005209	-1.130287	-1.667802	-0.123196	-2.311204
-1.899379	-2.206470	-1.741784	0.520176	-3.243668	-0.711523	-3.149434	1.473034	2.489843	0.931534	-2.960578	2.816064	2.621510	-0.622181	4.199956	-0.230462	-2.724424	0.271561	-2.289395	1.522595	-0.116134	5.029554	-1.704619	1.864723	1.462012	-3.776444	-3.872514	-5.899700	-3.747699	-2.701062	1.892807	0.029718	5.192470	-0.624101	-2.067106	-3.135435	1.464732	-0.108495	0.173039	0.051092	-1.115922	-4.872406	-3.948977	5.609878	-3.072879	-4.430109	5.298007	3.120210	0.147412	0.487782
1.255289	-0.062631	-0.104599	1.412105	-2.700539	1.361647	-0.474149	0.274214	2.609063	0.555552	-0.623994	-1.125441	2.018042	2.988220	2.598740	0.112515	0.179145	0.196916	-1.020199	0.985745	-1.274024	1.041032	-0.268582	-1.972717	1.554249	-0.609560	-2.024477	0.699434	-1.299474	1.820261	-0.879955	1.106685	1.166728	1.143156	0.518038	-1.353553	-2.281685	0.936432	0.806846	-1.571201	-0.427045	0.827190	1.156610	2.790642	1.625197	-0.198354	-1.372122	4.781919	-0.204800	0.838125
1.311581	-0.163108	0.566295	1.234439	1.831032	-0.668077	1.627284	-1.564501	-1.447121	0.181555	1.749780	-1.043946	-2.032230	-3.692437	0.268318	0.989671	2.848327	-0.509425	-3.869340	-0.278126	1.058511	-2.629474	0.190471	-1.170279	-0.986484	-0.589460	1.311674	1.983610	-1.869572	-0.109851	-0.322037	1.042747	0.886623	-0.596443	0.997078	-0.189769	0.736160	-0.011137	0.016843	1.634488	-0.701646	-5.478748	-0.346912	-4.220166	2.709949	0.371182	-1.011677	-2.557202	-0.427216	0.081032
0.673934	-1.066513	-1.822068	-2.540596	-0.639350	-1.792559	-1.102525	-0.440002	-2.567929	0.703437	-0.556228	-1.762568	2.575086	4.542261	-0.654471	1.869941	2.191081	-3.594819	1.248758	-0.408643	-3.656708	1.046410	-1.571704	-1.484492	-0.738929	0.391381	-3.644392	3.432219	-0.715095	1.650585	1.461079	-0.391899	-1.637289	-4.798547	1.462731	-1.703582	-0.836013	-1.803991	-0.972118	-1.732426	-1.814634	3.481472	2.694350	-0.741667	0.316989	2.959188	0.531543	0.862303	-3.475181	2.573091
-1.890553	-3.798359	-0.920905	1.796487	3.002170	0.285426	3.077662	0.764547	-3.149941	-1.873015	-0.649508	0.426980	-3.350102	1.422602	-4.788324	-0.507227	-0.724821	1.239800	0.152967	-2.234987	3.353866	-0.200185	0.995988	0.331114	-3.396178	1.402324	-0.690795	-2.999602	6.510640	-1.370897	3.718838	0.455010	0.442373	-1.574242	-3.284910	4.184050	2.129415	0.592279	-0.150718	-5.849383	0.449530	4.800060	-2.451733	-0.814516	1.624252	-0.055100	-3.157578	-4.754821	-0.111276	-0.916217
0.476116	-0.152860	0.195148	-0.991030	0.440867	-2.296699	0.328314	-2.114530	1.303214	0.287394	1.786631	1.138240	1.387716	1.379467	-4.278553	-0.058159	1.658215	2.097144	4.938785	-0.240299	-4.036496	0.163256	0.514646	-2.136417	-1.068975	-3.088805	-1.587621	0.408907	0.946369	1.241418	0.008669	0.214373	3.822691	2.012832	0.265085	-2.381341	-0.088554	-0.626272	-1.834385	-0.889832	1.086655	-0.535371	-0.637176	4.730202	1.966254	1.959751	-0.822090	-4.893303	-0.082177	1.158679
-0.608154	-1.110075	-0.093569	-1.857837	-1.339034	1.173238	-0.411746	-0.094533	1.366671	-0.483154	-0.275280	-0.553330	0.246234	-0.691999	-0.175908	-0.128627	-1.100979	-1.546799	-0.691919	0.203454	-2.433446	3.162580	-0.661146	0.025785	0.659540	1.425467	-0.325816	-0.871114	0.283555	2.399557	-1.366392	-0.095399	-0.230711	1.191139	0.078752	1.446212	1.978027	1.326930	-0.442161	-0.349777	0.190338	0.251037	-2.635839	3.684343	-0.001882	0.366979	-3.173005	0.888826	-0.590321	-2.291012
0.609832	2.530865	-3.791865	-1.160327	0.675449	-0.644539	-0.301514	-0.219114	-3.706660	-0.994136	-2.556719	1.197890	0.128438	3.971779	-1.156391	0.040896	1.439113	-2.854038	-1.665049	-0.812936	0.937601	5.055038	-0.735419	1.367288	-1.794338	-0.979756	0.687328	-4.217682	0.902813	0.353482	3.641682	-1.593213	-1.034551	-1.869537	-0.399945	-0.287881	3.689420	-1.626934	1.305031	-4.838753	0.301581	1.620960	-2.027845	-2.825496	0.541260	-1.997089	0.850286	2.312585	-0.977667	2.234959
0.762824	-0.903931	-3.502004	-1.878638	0.732840	-1.634712	-2.046038	0.082548	0.172990	1.988500	-2.784677	-2.354706	-1.304820	3.690548	1.208717	0.694243	-1.083199	-3.602619	-3.595521	0.435090	0.049811	3.603111	1.500831	0.693419	-1.408177	-4.254848	-0.652750	-2.609262	1.443442	2.916679	3.535198	2.489401	-2.690458	-0.108186	-1.480353	-2.677922	1.655150	-2.374093	-0.919677	-7.655471	-1.938187	1.106777	-1.194539	-1.141202	1.643215	4.210058	0.445526	2.875881	-0.283338	0.649930
1.092150	-1.484720	-4.160736	0.130694	-1.425733	-2.459355	-2.056505	2.588156	0.746312	0.179227	-1.433808	0.694482	2.296686	1.730475	0.875037	-0.031563	-1.820969	1.910473	1.347099	0.547843	1.338488	5.281365	0.150809	2.904931	-2.538666	-2.766823	-8.689163	-1.048561	3.235042	-0.855491	2.553659	-2.460346	2.205981	0.051485	-0.147413	-2.849072	-0.080968	-0.761816	-0.333899	-4.076805	0.017465	-0.336639	-1.287749	12.829045	-2.607772	-3.454922	3.621892	-3.395480	-0.027544	-0.292349
-0.242655	-0.096463	-1.530003	-1.324967	-3.886409	0.118772	-0.277782	0.509824	2.472356	0.117007	0.461250	-0.984407	2.999366	-0.092764	1.820838	-0.235461	-1.167765	0.426946	0.869394	0.869871	2.140639	0.261446	1.595584	-0.804765	0.091759	2.347915	1.545272	0.032474	-2.151508	1.268887	1.240438	-2.063001	-2.712519	3.351823	-0.440088	-0.983151	0.895634	-1.130313	-1.787099	-2.034022	0.465303	5.489546	-1.098335	2.497736	-0.870037	-2.102457	-1.957737	-0.124193	2.786147	-1.594468
0.091497	0.752104	-0.082308	1.115225	1.573516	3.281819	0.996865	-1.359807	2.920411	-1.043406	1.067207	0.925462	0.770730	0.258473	1.329154	0.413694	1.929540	-0.751817	-1.763965	3.642181	-1.612865	2.587202	-0.012413	-0.369048	-0.792118	1.493884	-2.170732	2.933878	-1.705449	1.310805	-1.009815	3.126064	2.629846	1.532642	3.087226	2.989946	-0.562224	1.994816	0.273285	0.507780	-0.295047	-0.673153	1.773793	-1.178586	1.099978	2.176397	-1.356248	1.356061	0.651763	-0.432629
-1.431038	-0.845840	0.478195	-0.166614	2.441327	-3.190812	-0.061614	1.282263	-1.219222	1.324287	-2.157954	2.975141	0.103203	-0.939639	0.811529	-1.402115	1.049122	-2.808234	1.292507	-0.114379	0.167727	-1.385888	1.171855	-1.513692	-1.854513	-2.555297	-2.272253	1.349650	-1.613552	0.748280	0.487604	-2.303888	-4.840719	0.235225	-0.516514	-0.242581	-0.394673	1.039220	0.001148	-1.151225	-0.150784	-2.323570	-1.045023	2.330387	2.718876	0.979014	-1.804969	4.988270	-1.496174	-1.178857
-2.616912	-1.193886	0.731902	-1.733513	-0.279971	-3.334139	-0.169998	-1.106666	3.195252	0.329172	0.795686	0.384026	-0.218597	-2.409116	-2.219973	2.039739	-0.774970	2.365099	-0.584081	-3.444873	-1.418103	-3.331693	-1.584571	-3.155596	0.535456	0.125356	-0.008797	-1.660275	2.555075	1.381736	-5.403514	0.028758	1.435822	0.430008	1.609919	0.008035	0.382966	-0.389437	1.576146	5.878998	-0.995361	-2.261466	0.154084	0.383367	-3.553280	-0.462403	-0.011713	0.577022	0.387346	-1.350404
-0.330364	-1.437545	1.070880	-0.630456	1.221949	2.839696	0.083014	1.653834	1.739931	0.618826	0.055079	0.730824	-1.695686	-1.361253	0.456960	-0.702168	-2.285043	-2.418987	2.124310	0.817453	1.124557	-0.839564	-0.430290	2.731116	-0.004965	3.492159	1.346669	0.161276	1.226471	1.934616	1.458918	0.071219	-0.784031	1.293555	-0.746383	3.935324	-1.554735	-1.770092	-0.675000	3.098096	-1.432105	0.831422	-0.070645	3.144998	-2.179718	2.223979	-4.359445	2.501524	-0.090721	-2.519637
0.696136	1.893495	0.353370	-1.990819	1.293674	-0.085884	1.190711	-1.475713	0.417378	-0.847772	0.466057	-0.138883	-0.941117	1.671002	-2.702983	0.131123	2.911528	-0.912846	-1.828022	-0.596972	-4.465545	-0.245217	-1.430272	-1.224371	0.358424	2.437269	1.141400	-0.510407	-2.304583	2.409312	-0.564798	-1.499532	-4.421331	-0.089169	1.519336	-0.228602	0.061733	-0.185664	-0.301645	1.729019	-2.403282	-0.595085	3.637122	-5.265743	2.145780	4.756532	-1.862861	-0.980307	1.271269	0.193532
-1.050909	-3.404692	1.272881	1.815637	-1.967494	2.367747	-1.140073	-0.399915	0.848417	0.069248	-0.794985	-1.640502	3.160719	-2.955301	1.234316	0.445718	0.893534	1.209151	0.488685	1.079308	4.153841	-0.903498	1.980832	0.131499	0.574500	-1.987917	-1.124375	-0.175070	-3.125604	0.373322	-2.856073	-1.992394	1.772754	1.148585	0.825497	-3.449588	-1.385487	-1.447723	0.781703	2.634334	0.898087	-3.432749	2.298594	0.528144	1.603797	-1.012120	1.830620	-0.308813	-0.011934	-0.223130
0.763474	1.002079	0.254167	0.802547	0.090747	-2.264208	-0.364961	2.816834	0.194476	0.495362	-0.288453	0.552477	1.339674	0.839386	-0.110825	-0.246824	0.615426	0.441511	0.962949	-0.218152	-4.794198	2.678657	-2.477663	0.376282	0.590204	3.764958	-1.544451	-2.852342	0.435456	1.267956	3.737314	2.894513	-1.247889	0.445874	0.240538	2.523296	1.220913	0.368161	-0.890409	-2.266762	-4.303397	4.821941	-1.865297	1.024732	-0.616458	1.007084	0.449958	1.117651	1.060356	-1.617884
