X13	X33	X25	X14	X15	X9	X7	X47	X34	X6	X11	X39	X29	X27	X45	X16	X24	X4	X5	X36	X28	X48	X40	X30	X46	X1	X19	X12	X43	X22	X10	X50	X23	X49	X37	X41	X38	X20	X26	X31	X21	X8	X42	X3	X2	X32	X18	X17	X35	X44
1.903892	0.729642	0.239109	-0.099208	0.290006	0.005464	0.983683	-0.313055	-0.744313	0.324544	0.358485	-1.054431	0.434060	0.203626	-1.644509	1.129369	-1.402564	-0.593098	-0.873909	-0.111897	-1.027859	0.915236	0.051444	-0.110502	-0.456841	-0.289129	2.085508	1.356400	1.032424	-1.051789	-1.952874	-0.006703	-0.545345	0.217943	0.449293	0.340392	-0.277543	-0.189404	-0.813878	-2.166615	-0.734786	-0.087900	0.952060	-0.753311	-0.396470	0.233450	-0.729901	0.868863	0.338054	-1.012549
0.585166	0.266463	0.479275	-1.170075	-1.960285	-1.229879	1.196745	-0.771821	-2.348334	2.080493	-0.403936	0.623072	1.573060	-0.516628	-2.654781	-2.094889	-0.399517	0.326526	0.878365	-0.546021	1.367197	0.262596	-0.384164	-3.549976	0.252561	0.543563	-2.703549	-0.031996	0.639022	0.723952	0.591501	-0.843891	0.130283	0.310929	0.712537	0.154522	-0.081921	1.962775	1.083501	-0.196061	-0.479432	-1.760848	1.158166	-1.311888	-0.497901	-1.374552	0.175765	-2.166658	-0.929590	-0.181865
0.443037	-1.230219	-0.517241	0.102478	0.161951	-1.307767	-2.308344	-1.767999	-1.618355	2.455662	-0.238662	-0.032660	-0.026242	-0.672289	-1.762667	1.361541	0.151601	-0.050934	1.011382	0.235969	-0.058905	1.182955	1.004333	0.292065	-0.725549	1.364810	3.651436	0.109488	1.705003	-1.841987	-1.237774	0.507798	-1.901065	-0.049270	0.138225	2.788696	2.611058	0.158568	-1.223938	-0.515620	-0.310678	-0.703629	-2.904493	0.627033	0.498159	1.323253	0.378728	1.650379	-0.306822	-1.583129
0.965550	-0.669043	1.214857	0.452206	-1.045078	0.753694	-0.562594	0.225347	-1.433471	2.634498	1.596377	0.363943	1.269999	-0.556838	-1.161868	2.717022	1.493668	-1.337985	0.245146	0.745117	1.330537	1.833451	-0.340372	0.047216	-0.707620	-0.226557	1.098347	-1.629703	1.707442	0.088916	1.263090	0.625486	-1.404935	-0.368877	1.251567	1.412154	1.425314	-0.570052	-0.432647	0.430382	0.769465	0.631199	-0.551098	-0.094945	-0.036215	0.558679	-0.079194	-0.090598	0.887695	-0.589388
-2.448020	1.758861	1.442844	-0.538952	-2.865827	-1.157419	1.336996	-0.768783	1.839149	-0.269548	0.432635	-0.571604	-1.603606	-0.746515	-0.613397	1.390495	-1.271194	2.303211	-0.824896	1.577250	-2.243642	0.623801	-1.344734	0.197287	0.806103	-1.957265	1.724142	2.124466	-1.031812	-1.251193	-0.230512	-0.266996	-1.841872	-0.120451	-0.548837	-0.973421	-0.028804	-4.318032	-1.034384	0.785148	0.133002	0.020502	0.579112	-2.009371	1.077863	-0.974550	-0.697952	1.288115	-0.529171	-1.721962
0.623113	-2.553760	-0.260886	0.226927	1.030475	-0.163170	-0.556733	-0.579205	0.620871	-0.099290	-0.383512	2.168917	1.065645	-0.502840	-0.183285	0.088376	2.869878	0.000527	-0.015397	1.673972	1.330430	0.751984	0.060307	-1.157399	-3.144074	-0.969770	0.117010	-1.220224	-0.935469	-0.666372	0.065642	-0.786533	-0.166000	-0.145414	0.758072	-0.547712	0.023672	-1.911735	-0.688488	-1.148696	0.007050	-0.403859	-0.533956	0.132393	0.656153	0.517871	0.487792	-0.462285	0.400494	0.016486
-0.534211	-0.743532	-1.406444	-0.046424	1.199478	0.289765	2.597956	-0.607644	0.932391	-1.413360	-1.234779	0.289277	2.164103	-0.587223	1.622626	1.697508	-0.321238	0.628565	0.862874	0.086036	-0.216003	-0.574268	0.207140	0.118593	0.486985	0.015315	-0.291907	-0.485450	-0.725157	-0.253374	-0.474997	-0.718800	1.464699	0.927961	1.094180	-1.316874	0.863793	0.439778	0.062714	-1.391768	0.885006	0.340717	1.711236	0.026139	1.098439	-0.028904	-0.307264	1.382345	0.474992	-0.681635
-1.793160	-0.959011	-1.101428	-0.487341	-1.058824	-0.997347	-0.495269	-0.873559	2.221115	-0.746503	0.404891	0.378758	0.100838	-0.433691	0.413569	0.023385	1.517007	2.442871	0.432042	-0.814655	2.336181	-0.917632	-1.316540	-0.124773	1.303348	0.276168	-2.446414	1.793052	-1.492220	-0.636724	1.207218	-1.486323	0.714139	0.395726	-0.676003	-1.621861	0.188131	1.939782	0.981173	0.257746	1.456264	0.750608	-1.219429	-0.093619	1.688414	-0.439768	0.075170	0.953472	-0.750035	0.871125
1.213266	1.800193	0.583605	0.195355	-2.611820	0.566409	0.694433	0.371232	-0.250120	-0.258400	0.549206	-0.299700	0.044169	1.733853	0.439417	-2.444414	-1.611564	-0.252624	-1.065123	-1.391435	-1.211269	2.015858	-1.644481	-0.033512	-0.157104	0.083439	-0.129817	-0.688079	-1.540014	-1.429587	1.325617	0.278949	0.800328	-0.728693	-0.075734	0.286175	-0.349747	1.544593	-0.407809	-0.358995	0.165069	0.485843	1.860022	-0.977276	-1.065477	-0.865495	-0.322207	-0.548117	1.451343	0.652280
0.230308	-0.954275	-0.137143	-0.461025	-0.730795	2.317685	3.357166	2.035411	2.464665	-0.824414	0.178923	0.626606	-0.329221	-2.443865	2.995617	0.654332	1.170535	-0.326874	-0.445411	-0.700716	1.570667	-0.029816	-0.489286	0.560130	-0.289750	0.131303	0.928490	-1.431388	-0.155718	0.296337	-1.212580	0.916213	2.362693	-0.140648	0.316172	-0.854423	-1.157227	0.849024	1.598473	0.348802	-0.041564	2.228843	2.394827	0.928816	0.093851	-0.250816	-0.004420	-0.795091	-0.691712	2.460486
-0.288525	-1.068940	-1.709658	-0.691913	-0.352922	-1.905968	2.844750	-1.937979	-3.426249	1.992139	-0.682807	0.288118	0.650645	1.569986	-1.953209	-0.820927	1.417514	-0.428137	-0.697928	0.540364	0.119170	2.100228	-0.880711	-0.522631	-1.865065	-1.492712	-1.325833	-3.804599	1.162607	-0.887860	-1.061380	-0.671279	-0.412818	-0.160454	0.260459	0.927095	3.841271	-0.279641	1.790400	-1.956141	1.474146	-2.361698	4.701560	-0.138259	-1.625860	-2.647246	1.124522	1.740664	0.507768	-1.704060
0.749138	-1.722089	1.041332	-0.046075	1.217404	-1.026514	-2.506327	-1.648518	-0.887505	-1.332089	-0.812357	2.336533	-1.863444	-0.409499	-0.245997	1.404952	2.922781	0.712499	-0.926062	0.924045	1.100624	1.607583	0.161851	-1.048748	-2.347485	-1.350794	-0.408820	-2.263915	-1.651712	-1.002054	1.310312	-0.785938	0.262659	-0.823508	1.944245	0.722690	0.396412	-0.768784	-0.859809	-1.206219	-0.191965	-1.808729	-1.570259	1.254074	-0.925720	1.105090	0.051739	0.659085	1.696624	-1.531288
1.127296	0.419163	-0.024336	0.436011	1.125421	-0.693507	-0.760342	-0.361070	-2.442727	2.033237	-0.144306	-0.154062	-0.216910	-1.244686	-3.664072	0.838725	-0.098705	0.318224	-1.885779	0.626802	-0.240390	-0.088924	1.472653	0.800322	-0.932173	0.245287	0.297005	2.481647	1.525316	-0.866476	1.208307	-0.402774	-1.086470	0.303332	0.120427	1.128450	1.386761	-1.321416	-0.295565	-0.990056	0.848637	-1.383382	-0.971392	0.956310	0.277267	0.392327	0.736596	1.597266	-1.654538	-1.940152
-0.483350	-1.702882	-1.580730	-1.937588	0.653897	0.146983	-0.375940	-0.994140	0.301732	0.367871	2.453458	-0.544732	-2.942469	0.362181	0.490664	0.745264	0.654111	1.426586	1.014117	-0.763486	1.382085	-0.735455	1.668558	1.285566	-1.662538	-0.860065	0.041737	1.264340	-0.118313	0.024243	-0.902191	-0.504696	-0.119515	1.488619	0.048627	0.567253	0.778168	0.065630	-0.225539	-0.755880	-0.343433	1.474046	-0.864804	-0.374062	0.100272	0.858191	0.436523	1.328540	0.327533	0.728769
-0.226027	-0.838516	1.449374	1.232395	-0.825463	0.854248	-2.437138	0.370162	0.123677	1.423850	-1.225293	1.171510	1.203677	-0.389019	-0.399851	-0.898669	2.184571	-0.288997	0.244594	1.172263	0.687310	-0.507009	0.148429	-0.374452	0.036726	0.501755	1.187174	0.783548	1.167124	0.266378	0.492522	2.041550	0.237802	-1.243156	-0.190128	0.588856	-0.700254	1.311517	0.637431	-0.755349	-1.272777	1.069955	-2.579332	-0.687338	0.490824	1.939015	-1.175080	-1.693445	-0.400471	1.330427
0.161249	-1.234073	1.112604	0.332649	-2.102598	-0.520139	-0.503394	1.672996	-0.725061	-1.040653	-0.997515	2.038368	-0.235964	-0.651019	-0.040076	0.147130	3.362935	-0.463652	-1.196179	0.452319	2.179350	1.514709	-1.612061	-1.079179	-0.211481	2.092636	-1.163185	-1.140354	-0.418741	-0.517428	0.257390	0.406339	0.590104	-1.291097	0.416288	1.106865	1.530613	2.317068	0.182944	1.426121	0.563468	-0.305775	-0.976514	0.145062	1.093548	-0.643198	0.691157	0.686966	-0.131706	-0.244748
0.496959	0.236993	3.369036	0.790270	1.430303	2.118560	1.513605	0.630689	3.252280	-2.647137	0.075557	1.055717	0.547840	-2.213663	2.219827	4.407494	1.949864	0.846255	0.986920	0.360695	1.138068	-1.809952	0.313196	0.306419	-1.015473	-1.750273	0.541571	1.525312	-1.314844	1.785189	2.251703	0.105821	2.333073	0.428514	0.566528	-1.746211	-1.624563	-0.496738	1.048606	3.324183	0.234529	1.468497	-0.189287	0.576877	0.880111	0.489329	-0.628610	-0.076243	0.058479	-0.050157
-0.677484	1.374096	1.907667	1.261324	-1.421541	-2.173002	-2.105595	-0.466721	1.513448	-3.651943	0.664050	-1.138027	-1.367711	0.989306	0.922235	-0.624746	-0.307997	-0.029509	-0.870598	0.760110	-0.817032	-0.081958	-1.120528	-0.485791	1.285393	-0.507403	-0.908072	-0.017912	-2.625282	-0.892391	1.281098	-1.635142	0.387233	-1.217270	0.057537	-1.517113	-0.189486	-0.036628	-0.189612	0.975874	0.985729	-1.752925	-0.878101	0.320991	0.591431	-1.077296	-0.184751	0.059671	0.096092	-2.169370
-0.465199	-2.424858	-2.369471	0.323623	-2.042801	1.003458	1.476715	2.526792	-0.266109	1.455105	-1.059091	-0.328419	0.795541	0.557730	0.875509	-1.039388	0.822320	-0.474441	-0.678806	-0.554597	0.399227	-0.107912	-0.628313	1.543430	0.076641	1.695130	0.071178	-0.399148	0.439658	-0.162169	0.233678	0.554565	-0.405572	0.277082	-0.711009	0.245130	0.446438	1.643304	1.007899	0.377423	0.377263	1.790335	1.339300	-1.019356	-0.152898	-0.818622	0.309394	0.192066	-0.084431	2.537780
-1.020308	-0.995367	-0.242433	-0.696985	2.398229	-2.434555	-2.069134	-0.926804	-0.849245	-1.477613	-1.316138	1.141920	-0.127141	0.173621	-1.376318	1.002073	1.461359	1.791601	-1.674375	-0.241067	0.628312	-0.427549	1.143634	-1.236715	-0.186401	0.119594	0.480199	1.803971	-1.248058	0.012568	1.165473	-2.133119	-0.499881	1.334995	0.696452	0.469251	-0.350912	-0.313939	-1.488259	0.286387	0.551017	-2.526485	-1.525995	-0.807974	-0.246313	-0.272148	1.365207	0.555992	-0.338315	-2.280794
-1.675295	0.747796	-0.498709	0.231352	2.122717	-0.429203	-0.839241	0.167595	0.756905	1.035341	-0.510543	-1.233770	1.763663	-1.332427	-0.767368	3.258614	-1.430681	-0.059032	-0.991026	0.228002	-0.522540	1.159950	1.290886	1.410570	0.761838	0.957308	0.813756	-2.242328	1.045592	-2.240443	-1.778212	0.159932	-1.201329	1.257324	1.385263	0.276315	1.287453	-0.231594	-2.059478	-0.574711	-1.235049	0.879514	-2.087342	-0.147744	1.686547	1.801943	-0.389506	0.315032	1.360138	-1.496304
0.542811	1.220348	0.312772	-0.305013	-0.572593	1.944734	-2.540249	0.248244	0.161899	-0.162614	-0.069367	-0.418937	0.703926	-0.722746	0.990745	0.592889	-1.005177	-0.154250	0.305069	-0.210309	0.443693	-1.251590	1.559666	1.884862	1.106118	-0.230915	-0.371745	-0.339687	0.904411	0.427558	-0.659193	1.426548	-1.321909	-0.682492	-1.131289	0.065624	1.082571	0.128818	-1.143594	1.129534	0.966105	0.730792	-3.451895	-0.432638	0.626067	1.927966	0.677141	1.319634	-1.009877	-0.632183
-1.063973	0.711931	0.658672	0.283479	3.082742	0.286434	-0.272726	0.053507	1.478359	-0.709955	-1.178077	-0.356151	1.265501	1.158771	1.216923	-0.892286	-0.327480	0.114404	-1.036841	0.493147	-0.878352	2.083744	-0.881121	1.632536	1.160329	-0.790931	0.486534	0.556849	-1.229400	-0.033420	0.016290	-0.478603	0.373678	0.861926	1.240082	-0.235076	0.369921	-1.195835	-0.416142	0.833382	-0.584201	0.612205	0.044622	0.871261	0.467292	-0.219796	-0.600097	0.601772	1.121287	0.512217
4.057563	0.645174	1.236364	0.045202	0.683529	2.137359	0.331358	1.762650	0.277080	1.140027	1.263497	0.422293	-0.617562	1.130511	-1.528910	-3.227343	0.714152	-0.799243	-2.363391	-2.222222	1.025782	1.949063	-1.116647	-0.234336	0.014886	-0.183324	-2.847506	2.319315	0.522900	-2.125367	0.455845	-0.531968	1.778775	0.722239	0.269593	-1.103031	-3.477687	2.590525	1.285156	1.028824	-0.074234	1.868121	1.600606	-0.092232	-2.470192	0.080920	-0.212952	-2.332917	0.347506	3.035912
0.301635	1.690296	-0.062606	1.070236	1.192076	-0.220168	2.067476	0.935347	-2.263577	0.753091	2.200171	-1.994689	-0.633147	-0.331040	-0.341688	-0.234520	-2.429321	-0.608421	-0.611643	-2.021694	-1.711400	0.319310	-1.392704	1.381411	1.036890	1.485240	-1.278702	2.108917	0.104994	0.475796	0.642027	0.939615	1.868396	-0.045240	-0.345300	1.661344	-0.058160	1.919313	-0.127578	-0.105060	-0.260293	1.443698	1.315982	1.444838	-0.220428	-1.176802	2.342447	-0.500225	-0.476481	1.947237
2.423587	2.358259	3.027543	0.034813	1.889239	0.658063	-0.722367	-0.494787	0.786637	0.163089	1.802714	-1.400858	-1.271475	0.071684	0.600769	-0.286364	-1.359955	0.252036	0.259825	-1.226635	0.253110	0.435801	-0.476817	-0.180729	0.628789	-0.212127	-2.474744	-1.304426	0.191352	-1.451994	0.289455	-0.784167	0.666002	0.705127	-0.164974	-0.902976	-0.761072	1.646589	1.383863	-0.180917	0.379675	0.883611	-0.617482	1.394589	-0.692606	0.853264	-0.620206	-0.980091	-0.328357	0.716953
-0.202961	-0.562460	-0.383873	-0.817707	1.380828	-0.670167	-0.785247	-0.872825	-0.278608	0.940384	-1.563995	0.711862	0.807023	1.136205	-0.363467	1.198166	0.395230	-0.380789	-1.361797	-0.167133	-0.414526	1.877064	-0.345800	-0.388208	-0.568829	-0.494212	-0.352741	-0.934067	0.196866	0.029756	-0.230589	-1.208184	-0.194749	1.249045	0.706661	0.415005	1.363501	-0.881850	-0.782404	-0.550760	0.677064	-0.998096	0.150757	0.551936	-0.470247	0.121725	-0.683253	1.019120	2.110117	-1.637269
0.996106	1.153928	-0.580311	0.460033	-0.820786	2.503990	-0.930170	1.396339	0.305972	-0.517081	2.240600	-0.598656	-0.453805	-1.432194	4.143324	1.176103	-1.979945	-0.218414	2.386259	-1.565877	-0.167127	-0.981504	0.617659	1.565083	0.656202	0.873992	-0.881375	-1.670721	-1.615828	1.908533	-0.543820	1.916125	-0.169020	-1.153422	0.110946	-0.495356	-0.036672	0.884278	0.041219	-0.561495	-0.286004	3.122295	-2.254548	0.186163	0.572911	2.083370	1.204261	-0.927165	-0.145849	2.014068
-1.080854	0.663332	1.079179	1.591385	1.822624	0.483867	-0.705581	0.295966	-0.173132	0.428136	1.626201	0.808926	-2.723065	-0.560174	-1.564797	-0.075107	0.290793	-0.349048	-2.114565	0.394848	0.102013	-0.707622	2.465182	-1.427154	2.018986	0.372461	-0.358015	0.304741	1.028182	-2.055580	0.722709	-0.276717	-0.082095	-0.012408	0.874991	-0.165477	0.320042	0.284659	0.440176	-0.967255	0.430673	-0.236743	-1.909861	-0.353744	2.010763	0.696972	-0.431522	-0.517999	-0.308425	0.412094
0.370472	0.427484	0.813027	-0.347835	0.837289	1.235884	-1.432445	0.333398	-0.023038	-1.232257	0.760702	0.100350	1.303274	-0.621312	1.967766	-0.477443	1.054608	0.854266	2.211232	-0.035830	1.357555	-0.478873	0.439683	0.770598	1.125541	0.597319	-1.902710	-0.585163	0.733809	0.517809	0.230599	0.972487	0.048740	-0.904132	-0.208355	-1.085347	0.934497	1.683273	0.725813	1.596952	0.409252	0.881314	-1.875662	-1.168677	0.061285	1.322434	-0.160281	0.413549	-0.716192	0.694476
0.204554	-1.236091	-0.968805	-1.539607	0.688666	-1.853486	-1.361491	-3.042151	-2.482016	1.545098	0.161545	-0.053440	-1.400841	0.022871	-1.988406	2.299584	0.325732	0.248585	2.454128	0.893542	0.509984	-0.400181	-0.082197	-0.417333	-2.322756	-1.465174	0.121007	0.075569	1.641119	0.856425	-0.836930	0.238394	-1.835454	-0.403101	0.585251	0.773535	2.868457	-1.455206	-0.930024	-0.820662	-1.326377	-1.467520	-1.069441	0.220727	0.057451	0.727216	0.311718	1.695388	-0.334837	-2.780993
-0.503747	-0.710105	2.208445	0.350103	-2.215169	0.169551	-0.712902	-0.657087	-0.995043	0.525129	-1.522605	1.924207	2.371839	0.278208	-0.447066	0.143805	2.209879	-0.772213	0.435895	0.539271	0.709642	0.659381	-0.678014	-0.501788	0.940464	-0.209044	-1.582351	0.110359	0.690858	1.138919	0.188215	0.980367	0.006412	-1.071888	-0.899276	-0.533493	0.462166	0.969891	-0.465190	-0.074758	0.630635	-0.925390	-0.151264	-0.723075	-0.939578	0.197960	-0.142952	0.037193	0.706630	-0.376396
1.089349	-0.810632	-0.791333	-1.337052	-1.765525	1.468454	-0.623435	1.645275	2.209305	-1.195282	-0.108624	-0.513146	-1.055591	-0.641850	2.401548	-0.347999	0.346418	0.095824	-0.771090	-1.849815	1.276621	-0.750012	0.504016	1.401236	0.527483	0.607080	-1.305557	-1.536751	0.188626	-0.491676	-1.429619	0.917401	-0.254452	-0.276988	-1.127745	-1.328887	-0.983211	1.464360	1.476958	0.725693	-1.180402	2.286753	-1.510823	-0.611423	0.021141	1.381002	-0.940206	-1.369161	-0.396013	1.912494
-0.492803	1.004406	0.336689	1.030372	-0.210920	0.236289	-0.756053	-0.416414	0.064122	0.796289	-0.417005	-0.910477	-1.171726	1.132752	-0.856713	-0.399296	-0.709851	0.298405	0.381974	-1.151101	-0.750875	1.937790	-1.690879	0.496753	1.142806	-0.091223	-1.689010	0.915565	-0.690901	0.343354	0.740675	0.473696	0.476598	-0.520126	-1.193130	-0.721651	0.217557	1.694053	0.314661	-0.035442	1.203603	0.282849	-0.908926	0.341848	0.644490	-0.016441	0.415393	0.089274	0.528606	0.227472
2.103709	-0.910802	-0.146099	-1.030779	0.705355	3.345603	-3.281950	0.895078	0.155366	0.402866	1.124280	1.146064	-0.314123	-0.040494	2.367568	-0.231702	0.777143	-0.133919	-0.472967	1.425811	-0.263574	1.156967	1.497662	1.891346	-1.762439	-1.074806	1.413208	-0.777278	0.877436	-1.031504	-2.155567	1.940139	-2.778219	0.097229	-1.550562	-0.089070	-1.999633	-2.115009	-3.116733	-1.237056	-1.986221	4.003378	-1.746836	-0.276119	-2.053421	3.750541	-0.136741	-1.336698	0.329466	3.196399
1.186000	-3.055926	-1.268488	-1.276264	-0.958468	1.814363	0.728213	0.988193	0.183660	0.888177	-0.328970	1.452232	0.559520	-1.447113	0.299460	2.105118	2.118345	0.247631	-1.166385	1.461618	2.909165	-0.297935	0.947992	-0.108191	-2.054052	1.230186	1.931577	0.931794	0.833304	-0.034478	-1.568748	1.372839	1.449074	-0.210460	0.538609	1.781307	-1.563351	1.405386	0.756787	0.006456	-1.606226	1.711832	0.103436	1.128110	-0.136831	1.770449	0.961380	-2.074862	-0.409377	2.344099
0.799203	-0.286476	-1.031731	0.919266	1.797961	0.199147	-3.199265	1.327287	0.343472	-3.863001	0.554759	0.589844	-0.042365	1.413121	1.997355	-0.735725	-0.399785	-1.466646	0.075971	0.080553	-0.291272	-1.031802	-0.710290	-0.963779	0.288590	1.122728	-0.946439	-1.092612	-2.309607	-0.392213	1.363203	-0.884291	0.907724	-1.438865	0.430776	-0.274895	-1.727842	0.804367	-0.138279	1.199107	-0.838542	-1.002526	-1.863431	-0.017593	-1.420138	0.330166	-0.294980	-1.225277	1.928315	-0.035142
-3.446638	-0.264843	-2.079032	-1.010187	-2.749601	-1.036788	-2.237413	-1.071824	2.453753	-2.255999	-0.775408	-1.028580	0.502976	1.715084	-0.484888	-0.015788	-0.339373	1.695182	1.347798	-0.521088	1.108858	-2.504781	0.853172	0.964462	1.938148	0.346607	-1.092280	3.324269	-1.591884	0.397288	-0.032416	-0.340759	-1.211506	-0.907345	-2.214506	-1.066695	-0.649373	1.702456	0.308422	0.917302	0.247690	-0.847232	-2.449686	-2.577538	1.444507	0.561444	-0.852804	1.424648	-0.871827	-1.101035
-1.026322	1.055681	0.893764	0.621842	-0.236816	-1.231109	-0.938386	-0.373551	-1.677673	2.177437	-1.349068	-0.901026	0.343784	0.615209	-2.275050	1.163882	-1.410968	-0.923651	-0.244090	-0.983532	-1.024874	1.273214	-0.025857	0.702637	1.642569	2.163951	0.839247	-0.764421	1.394407	-1.205872	0.835261	0.484973	-1.546806	0.131273	-0.670138	1.816876	1.412091	2.264865	-0.591235	-0.643159	1.081379	-0.590923	-0.002087	-1.644314	-0.819226	-0.640954	-0.504081	1.361793	0.570353	-1.225730
-2.315132	-0.174562	2.095804	1.291489	-0.712553	-1.075327	-1.955242	0.162176	4.011665	-1.881242	0.589637	0.273995	-2.169682	1.081061	0.969223	1.601424	2.095027	1.047328	1.426317	1.604430	-0.656892	-0.846888	-0.085014	0.202874	2.638414	0.371623	0.290522	-0.103879	-1.112673	0.863508	0.339848	-0.814115	-0.529768	-0.044681	-1.226106	-2.310942	0.772368	-0.247775	-0.272040	1.537346	0.604416	-0.688695	-2.582258	-0.036677	2.490662	0.358061	-2.018973	1.591111	1.491371	-1.857746
-1.959750	1.903154	1.865497	-0.482540	1.232039	-1.520726	3.585398	-0.205490	-1.033935	-0.078802	-0.253260	-0.730490	0.699832	0.269749	-1.386748	-1.235878	-1.479183	0.453183	0.099317	-0.689551	-1.290402	1.009310	-2.445547	-1.486133	1.249596	-0.722580	1.995342	-0.679712	0.356513	0.782283	-0.604074	-2.417417	0.242544	1.812719	1.067022	0.534407	1.950970	-1.357437	0.775501	-0.113610	-1.294418	-2.857471	3.042434	-0.650767	1.272316	-2.407809	-0.835987	-1.037572	0.669607	-2.187334
-0.060541	0.919897	1.086321	-1.371425	3.392867	-0.143121	0.365069	-0.729810	0.856016	-1.404609	-0.024331	-0.480194	2.233778	0.793720	2.244631	0.419874	-0.863916	-0.661971	0.798486	0.785903	-0.338286	1.174437	-1.202973	1.500636	-0.986850	-0.666405	2.269130	-0.696305	-0.313991	-0.151402	-0.902524	0.020449	0.553905	0.866021	1.497422	1.332813	-0.127833	-2.180291	-1.546223	-0.644782	-0.569487	0.806539	1.102997	1.419336	-0.239240	0.210459	0.573512	0.538292	1.362072	0.042099
0.683902	0.594381	0.949557	-0.434969	-2.713628	2.365187	-1.487659	2.011431	0.694522	1.484527	2.289681	-1.495064	0.092021	-0.113903	1.315218	-1.263825	-2.146242	0.188474	-0.611410	-2.049655	-0.588529	0.133531	0.315883	1.262956	1.025908	0.779517	0.142331	-0.787053	0.797594	-0.522581	-0.638842	2.321473	0.327110	-1.348055	-1.276683	-0.009723	-2.229134	1.303298	0.254597	1.922792	-2.224855	3.303386	-2.105773	-0.669572	-0.828442	2.402048	-1.140067	-3.012420	0.412290	3.821832
-0.743427	-0.991962	-0.772950	-0.571713	-0.092381	-1.005802	-1.597670	-1.304966	0.156169	-0.428328	0.413213	-0.406610	-0.586520	-0.723168	0.702758	-0.152256	1.648443	1.182994	0.612856	0.974923	0.940810	-0.612770	1.208443	1.765430	0.916558	-0.463586	-1.962441	-0.314077	-0.547618	0.432259	-0.816309	-1.082416	-1.172199	0.560177	-1.213582	-1.218617	0.297259	0.470812	-0.335927	-0.785829	0.791849	0.055296	-2.037793	-0.602773	0.135502	0.408897	1.342807	0.515841	-1.748565	0.185087
1.524576	-0.336668	-0.578274	-1.117303	-0.880408	1.235928	-1.255333	-1.093810	1.351211	-1.658276	1.389810	-0.181885	-0.546802	-1.035085	1.905971	1.920493	0.027592	-0.225090	0.182548	-0.031504	0.023309	-1.166445	2.406073	1.166644	-3.302404	-0.977341	2.196851	-1.252446	-0.562770	-0.556370	-1.573705	0.915202	0.498764	-0.854748	-0.501718	-0.035208	-1.555645	-0.623484	0.276679	-1.998467	-1.807788	1.418888	-2.569203	0.248820	-0.229835	2.849805	-0.181483	-1.244339	0.729228	0.848869
-0.147288	-0.874822	0.303771	-0.498297	-2.972603	-1.261031	0.418424	-1.751866	-0.973741	2.776116	0.040271	-1.185382	0.457227	-0.301981	-2.277657	0.444674	0.584197	0.834051	1.169731	0.397725	0.258240	0.082116	0.251894	0.951582	-0.444759	-0.714158	-0.262078	0.300460	1.892928	1.842461	-0.411362	1.228938	-0.849417	-0.240092	-0.623056	-0.469324	1.237747	-0.737450	0.377183	-0.745953	-0.259675	-0.219252	0.137865	-0.612182	-0.549303	-0.368447	-1.167402	1.019148	-0.357372	-0.626270
-0.197847	0.412687	-0.173999	0.418891	-0.135444	-0.626103	-0.873452	0.140555	-0.114666	1.690489	-0.760066	0.159897	0.189899	1.101937	-3.391979	0.725000	-0.560717	1.572941	0.644061	-0.148948	-0.600998	0.306676	-0.074287	-0.227356	-0.862451	-0.072176	2.562640	3.164729	0.029545	-0.160675	1.698984	-0.413185	-0.729741	1.112948	0.872704	1.383406	0.435363	-1.605394	-0.808777	1.952708	1.184437	-0.393637	-0.627446	1.473270	0.812645	-0.703768	-0.070761	1.628336	-0.099519	-0.734149
-0.099213	-0.628710	-1.798739	-0.885734	0.090034	-3.262538	-1.659557	-2.341662	-1.758496	0.415818	0.157842	-1.054599	-1.008333	-0.668543	-2.041664	2.297739	0.290353	0.995695	1.227824	-0.877385	1.550413	-0.797161	0.763474	-0.177334	-0.751054	-0.494539	1.499613	1.677206	-0.839696	0.340954	0.748082	-1.154185	-1.146791	0.410757	0.066626	1.470907	0.834248	-1.231759	-0.599567	1.719072	1.221462	-2.335673	-1.677216	0.680765	-0.236940	-0.765318	-0.575295	2.393727	-0.127523	-3.318253
-1.168869	-0.204593	0.147676	0.621441	0.237562	-0.434835	-0.120404	-0.587427	-0.397692	2.176073	-0.733533	0.104356	2.541426	1.091299	-1.229958	0.164386	0.358920	0.170783	3.728516	-0.462282	-0.446787	0.499490	-0.862836	-0.674592	0.318853	-0.342896	-1.148559	-0.260551	1.552128	1.136818	-0.212652	0.449823	-0.221862	0.476357	0.338852	-0.381681	1.068316	0.241368	0.958808	1.067913	0.284284	0.302047	0.030451	0.690952	0.092099	-0.542843	-0.403593	0.079774	0.927317	0.075013
-1.269754	0.794944	-0.420419	-0.340933	-2.595567	0.223485	-2.792898	-1.963486	-2.323089	5.161040	1.385393	-1.138172	0.080288	1.218591	-0.716178	-0.573207	-0.575028	1.822944	0.846621	0.815492	-1.705418	0.314268	1.873651	1.519205	0.719930	-1.783049	-1.406389	-2.872459	4.045479	1.299065	-1.092744	2.363655	-4.349784	0.423112	-2.053243	-0.774468	3.587774	-1.738745	-1.089423	1.053095	-0.215320	2.373995	-3.344493	-3.025218	1.036247	1.806657	0.185577	0.201106	-0.592330	0.682933
1.732473	0.251280	-0.021071	0.624857	1.603777	0.657433	-1.097969	0.362921	-1.231206	2.943149	-0.802222	0.334662	0.759107	-0.875541	-1.115075	-0.702991	0.046043	0.637896	2.842446	0.039996	-0.863533	-0.012227	0.317225	-0.153048	0.502944	1.033331	-0.146936	0.300029	1.565745	0.840229	1.139004	-0.015834	-0.078569	1.230593	-1.019186	0.681130	0.427928	1.342971	0.374847	0.813296	0.323220	0.390675	-1.372657	2.148744	0.189705	0.150395	-0.379906	0.292635	-0.595344	0.363897
-1.251951	0.321318	-0.477720	1.416122	2.450467	-1.070853	-2.867003	-1.301005	-1.507270	0.701152	1.182364	0.677965	-2.866120	-0.193313	-1.600516	1.198687	0.415309	-0.075402	3.576735	-0.460394	-0.220750	-2.569560	1.669870	-1.024437	0.629694	1.066052	-0.551486	1.998575	1.844295	1.023441	1.370568	0.331094	-0.971262	0.185859	0.471044	0.492522	2.309227	1.208705	-1.196300	0.311740	0.286683	-0.307191	-4.493302	1.331776	2.827819	0.731360	0.895517	0.599602	-0.373660	-0.642682
-0.275364	-0.863695	1.890374	-0.511086	0.415293	0.896498	0.634706	0.135806	0.493385	-1.848059	0.407469	2.188280	-0.143091	-1.104019	2.496217	1.582451	1.967451	1.393274	-1.370343	2.799202	1.357824	0.331698	1.616419	-1.217551	-1.929902	-1.548687	1.417585	-1.409063	-1.948793	-1.070250	0.081143	-0.896646	-0.085766	-0.672195	-0.143813	0.409028	0.787605	-2.585733	-0.987104	-1.321278	-1.760508	0.330551	0.032629	-0.820904	0.994659	1.737734	0.895341	-0.625179	0.174429	-0.329823
-0.887603	-0.573461	-1.052245	-0.510684	0.631779	-0.269373	1.503982	0.509120	0.909875	-0.890775	0.966031	-0.102391	-0.722233	1.529363	1.318159	-0.318031	0.658374	-0.395954	-0.448677	-0.396429	0.675010	-1.073973	-0.605788	-0.092291	1.530632	0.887309	-1.574276	0.755255	-1.778970	2.020432	-0.848280	-0.708849	1.033722	0.731350	0.908428	-0.801339	-1.033807	1.377215	0.575680	-0.495677	0.195707	-0.275590	1.601039	0.029675	0.929312	-1.015380	-1.167628	0.283687	1.146596	0.032615
-0.883695	0.020349	-0.255054	-0.915369	1.401387	-1.200157	0.999195	-0.234550	0.464334	-0.318422	-0.971886	-1.098401	1.091309	0.357784	0.081839	-0.849006	0.242473	0.477946	1.592390	0.474754	0.218126	0.480938	-0.187153	1.020431	1.339534	0.317445	-1.087583	0.081679	-0.300551	-0.655807	-1.909811	-0.845293	-0.104528	1.022776	-0.711395	-0.848416	-0.160245	1.209077	1.468519	0.151283	-0.090249	0.713355	1.675125	-0.662149	-0.428775	-0.512625	-0.988133	0.976570	0.012280	0.288625
0.323625	0.677122	1.682313	1.336205	-2.608157	1.949883	-0.567273	1.386780	1.742591	-2.012676	1.540575	1.168988	0.629924	-0.550537	1.560248	0.303291	0.186706	-0.562899	-0.067737	0.683096	-0.747455	-1.122028	0.900213	-1.430792	0.276066	0.274556	2.189822	0.026103	-1.634471	-0.833825	-0.084240	0.772598	-0.570769	-1.222489	-0.198120	-0.563290	0.674306	-1.558483	-1.950933	-1.411399	-0.157679	0.847376	-1.667660	-1.217540	2.090240	1.372361	0.473793	-0.145408	-0.533498	0.204547
0.905347	-0.969308	-0.141313	-1.971317	0.390737	-0.105003	0.288389	-0.542844	-1.005421	-0.558879	-0.992455	-0.021768	3.395807	0.166912	-0.083905	-0.626658	0.847096	-0.331613	0.404568	1.784966	-0.955345	-0.376248	-0.445441	0.878824	-3.750311	-0.781561	2.251208	0.916874	-0.021868	0.367773	-0.839665	0.228984	-0.740647	-0.403614	0.118549	1.791983	-0.437935	-3.011284	-0.410468	-0.490036	-0.351983	-0.842651	0.659513	0.353427	-0.681369	-0.014832	0.114746	-0.065840	-0.742618	-0.360634
-1.521313	1.578950	0.209932	-0.274580	-0.112252	-2.026637	1.424172	0.469728	-1.751218	-0.372670	2.064603	-2.237643	-0.545717	2.028592	-1.260002	-0.164278	-1.515100	0.283756	-3.661448	-0.493581	-1.702190	2.806470	-1.424235	1.661927	-0.119950	-0.239655	0.986497	-0.525617	-1.011183	-2.356727	-0.397767	-1.498687	-1.232389	0.906362	-0.763418	1.756663	2.685952	-2.081955	-1.126526	0.196670	0.896794	-0.512027	2.826000	-1.480895	-0.176818	-2.482578	1.812553	2.718142	0.651744	-0.937590
-0.140102	-1.348696	-1.016705	-2.520555	2.743312	-0.889107	0.992887	-0.270279	0.085686	-0.715655	1.912202	-0.700308	-1.359813	0.256929	1.111461	1.651958	0.100099	0.847967	0.021054	1.082385	1.328879	-0.090799	0.755746	0.125392	-0.385613	0.735809	0.905435	-2.539990	-0.507017	1.127264	-1.394014	-0.930543	0.907046	1.484278	1.182418	0.999953	1.314583	-0.189837	0.521492	-0.095132	0.005043	0.045885	0.827039	1.723036	-0.246841	0.069493	-0.282021	-0.355322	1.840620	-0.321499
-0.560688	0.749780	0.557181	0.200566	1.838925	-0.156431	-1.098505	-1.054922	-0.853049	3.750119	2.360066	-0.857175	-1.828647	-1.390347	-3.225174	-0.506595	-0.766221	1.523015	1.758393	-0.188678	-0.521597	-0.252375	1.355010	-0.186969	0.034811	-0.607964	0.133896	1.418703	2.716649	-1.541835	-0.139260	-1.535064	-0.946144	1.350073	1.834275	-0.374150	0.660229	0.280646	0.917926	1.070986	0.040317	-0.553257	-1.867433	0.889509	0.565789	0.502558	0.028931	-0.238828	-2.537126	-0.738149
2.696079	0.448234	1.134499	-0.611339	3.470041	0.580468	2.726283	0.575450	-0.663016	0.518224	-0.251758	0.261698	1.642974	0.109100	0.258014	-0.233604	0.060838	-0.812754	-0.219878	-0.165217	-0.108075	0.113158	-0.555515	0.730860	-1.809634	-0.197248	0.385796	-0.776033	0.146162	0.024425	-0.403736	-0.763516	1.928180	1.660435	1.095793	0.294989	0.056139	-0.803026	-0.001677	0.733772	-0.167976	0.584930	3.662040	1.997620	-1.786599	-1.027127	-0.272865	0.139616	1.333415	0.668586
-0.185050	-0.867135	-1.960564	1.727865	-1.989330	1.715979	2.504597	0.705088	1.729542	-0.517060	-0.004020	0.887235	1.462714	-1.673338	-0.149271	0.771358	-0.340820	-0.670597	0.693639	-0.628415	-0.505771	-0.371903	-0.510120	-0.266948	-0.355855	0.039020	2.280659	0.186173	-0.962448	-1.576000	0.670518	0.009614	-0.069977	-0.402913	-0.899776	0.213171	-0.401764	-1.701878	-0.623387	0.235713	-0.543619	0.409804	1.377517	-1.471767	1.761379	-0.578627	0.203187	-2.019417	-1.148925	0.865525
-2.251334	-0.875444	-1.289127	0.617398	-2.276799	-2.244387	-2.407174	-1.665044	-1.399379	1.194072	-1.217861	-0.479827	0.221251	-0.024893	-1.718379	1.199034	-1.596961	0.306038	1.604213	0.294646	-1.117911	-0.137361	0.566151	-1.173051	1.847721	1.481170	1.752568	0.230220	1.547427	0.860222	1.009089	0.528840	-2.702607	-0.680429	1.341180	0.951894	0.680903	-0.365758	-1.371207	-0.768850	-0.261539	-1.950121	-3.204614	-2.017696	0.571837	0.770213	0.055708	0.245601	-0.342334	-2.923113
0.285765	1.670663	0.594362	2.275945	3.419067	-1.074618	-0.258491	-0.737080	-0.717378	0.983847	-3.406928	-0.139976	0.178766	-0.121886	-2.226851	-1.632755	-1.386560	-0.880523	0.536225	-1.415902	-1.652458	1.539638	0.554156	-1.793952	0.797052	-0.221130	-1.195824	-1.002805	0.065710	-2.705162	1.310566	-1.955146	0.976189	1.069967	1.823926	-0.225363	1.471710	0.561596	1.720292	-1.091132	1.241808	-2.105892	-0.124511	0.372550	0.533999	-1.211824	-0.806922	-0.824747	-0.291250	-1.065988
0.491998	-1.467706	-1.348888	-0.065201	-0.102142	-1.449758	1.362899	-0.094622	-0.648118	0.045035	-1.061786	0.706036	1.318231	0.899322	-2.921769	-2.650166	1.497870	-1.068269	-0.400440	0.440609	1.293328	0.051812	-2.551423	-1.953699	-0.902036	0.695293	-1.015037	0.351122	-0.113473	1.194967	-0.151154	-0.993614	1.003137	0.366728	1.477275	0.568883	-0.420163	1.944589	1.079462	1.704584	-0.803723	-2.796273	2.195473	-0.064337	-0.088673	-2.207620	-1.778042	-0.908431	0.161605	-0.897798
-2.053079	-1.805796	-1.102551	-0.953039	-0.575228	-1.102114	0.113909	-0.472778	0.653426	-2.054609	-0.006291	0.622730	-0.645517	-0.453144	2.616307	1.372231	1.278453	1.210768	1.456807	0.365380	0.427668	-0.287988	0.783496	0.931121	-1.273695	-0.846647	2.600019	-0.677309	-2.361510	0.045095	-1.266378	-0.554275	-1.122207	-0.276482	-0.736864	0.914887	1.456341	-3.003196	-1.768071	0.416547	0.961347	-0.267608	-0.484590	-0.517745	1.108347	-0.500583	1.689433	1.087639	0.396801	-1.135364
-0.563307	-1.010183	-1.635558	-0.201377	0.057719	-1.015758	-1.611410	-1.372821	-3.821117	4.408015	-0.802187	0.457409	-1.273635	-1.448282	-3.255363	1.207525	-0.196985	-0.192382	1.320799	0.186660	0.022381	0.475084	1.041906	-0.619130	-1.211629	-0.226253	0.099093	-0.641005	2.350072	0.702076	0.486877	-0.103476	-2.035297	0.777571	-0.527741	1.685276	2.587266	-0.960033	-0.880226	-0.651095	0.839502	-1.175344	-1.864666	0.852115	-0.595879	0.311998	1.414656	0.569071	-1.377153	-2.009607
0.813989	0.116353	-0.409819	-1.930073	-0.719839	0.254814	-1.290468	0.166827	-0.665033	0.278063	-1.473720	0.574799	-0.242311	0.897259	-0.610757	0.903691	0.630969	0.780730	-0.338259	-1.218715	1.098930	0.865500	0.523216	0.070152	0.691482	0.416938	-0.763947	-0.413719	0.606098	0.227967	-0.858078	1.065504	-0.345685	-0.746402	0.142376	0.569738	1.048492	1.858656	0.019652	-0.529948	1.084919	-0.545968	-1.346938	0.326058	-0.813299	1.146103	-0.189057	1.267334	0.839626	-1.416707
-0.225162	-0.440853	0.814243	-1.018759	-0.346482	1.678318	-0.211885	1.693333	0.027406	1.310485	1.045201	0.487583	-0.286431	0.450495	0.082603	-0.724139	0.232709	-0.186767	-0.435364	-0.086492	0.485932	-0.506912	1.417724	0.390728	0.778559	1.044907	0.694460	0.145422	0.986079	0.081676	-2.837952	-0.144181	-0.329543	0.865286	0.142044	0.202278	-1.367931	0.385497	0.049895	0.110642	-1.223024	1.386002	-0.620265	-0.872701	-0.488504	1.450870	-1.055939	-0.993850	0.372126	1.295772
0.443088	-0.574499	0.321134	-1.100852	-0.538083	-0.681538	2.468200	-1.381369	-0.790681	0.715298	-2.544643	0.703289	2.194127	-0.448162	-1.173211	2.054980	-0.552390	0.598121	0.571427	0.609547	-0.122450	-0.211104	0.082762	-0.520902	-1.980757	0.045853	3.024844	-2.033612	0.842992	-0.799159	0.239414	0.378605	-0.472960	0.578483	1.291282	2.366153	0.987547	-2.129963	-2.297435	-2.644551	1.088222	-1.022952	2.587711	0.114315	-0.375828	-0.837708	0.855092	1.972820	0.786785	-2.256146
1.419857	1.387126	0.493087	-0.537094	0.799635	0.297061	-0.088236	-0.657018	-0.954358	2.061139	-0.848059	-0.849417	1.751869	-0.897963	-1.075602	-1.282889	-1.856240	-0.801238	1.737202	-0.722933	-0.781237	0.043020	0.603781	0.248974	-0.537501	0.257138	0.524373	0.461287	2.523420	0.134580	-0.025296	1.342567	0.344398	0.635517	-0.482820	1.070045	-0.542807	-0.489222	-0.002470	-0.972014	-0.660068	-0.018019	0.107301	1.752198	-0.829390	0.199657	-0.713772	-1.397337	-0.147967	0.218654
-0.401047	-0.687464	0.852796	0.589594	-2.512546	0.708251	1.490708	-0.292343	1.682142	-3.316413	-2.453128	0.967879	2.222540	1.031579	0.634683	-1.233053	0.503251	-0.900381	-0.969169	0.702721	-0.726530	-0.657441	-0.303025	-1.238961	-0.197453	-0.990836	-0.024653	0.359112	-2.009972	0.112188	0.739817	1.181829	2.217761	-1.996084	-0.508032	-1.875891	-4.070366	-0.724172	0.249418	-0.018059	-1.964116	-1.001314	2.265905	0.190037	-0.800239	-0.083403	-0.143045	-3.047679	1.378214	0.858837
0.469850	0.746679	1.430186	1.671612	2.315130	-0.125420	-1.630068	-1.607245	-0.987166	1.987126	-2.260580	0.561049	0.730259	1.063686	-2.677850	-0.471583	0.085692	-1.524416	-0.266321	0.128687	-0.629239	1.231330	0.475855	0.398455	-1.377781	-2.459204	0.661244	0.469189	2.093978	0.075871	-0.468805	0.010766	-1.131671	0.571416	0.969841	-1.233237	0.761358	-2.791946	-1.306181	0.294845	0.241957	-1.124819	-1.074464	1.283764	0.313725	0.115694	-1.122889	0.616117	0.930733	-1.420392
0.802335	1.166016	2.252768	0.412955	1.094714	-0.775373	-0.963732	-0.761176	0.914700	0.203329	-0.928528	-0.260004	-0.704058	0.385783	-2.177787	0.123081	0.173699	-0.452313	-0.542326	1.666630	-0.547857	-0.689541	0.895909	-0.515765	-0.026406	-0.232401	0.818042	1.540851	-0.406784	-1.916074	0.529435	-2.417638	-1.747047	1.460775	0.603921	-0.152085	-1.886027	-1.882433	-0.252680	-0.146192	0.503575	-1.338902	0.097712	-0.487707	-0.668780	0.039551	-1.909547	0.333975	-0.392262	-2.213469
-1.412202	1.314325	0.858806	-0.519766	-2.500107	-0.292995	-1.579536	0.775918	0.635534	-1.964916	0.078461	0.166104	-1.502295	-1.378165	0.096228	0.814052	-0.266760	-0.399052	-0.209141	-0.312654	0.379624	-0.167159	0.387670	-0.104869	2.490732	1.603300	-0.227035	0.276500	-0.653747	-1.028593	0.259185	-0.954642	-0.262330	-1.048270	-1.380597	0.417337	-0.434065	0.998526	-1.256850	-0.058795	0.320557	-1.799017	-1.322391	-0.333947	-0.241251	0.582275	-1.230137	0.344958	0.497964	-2.388122
0.125417	1.520928	-0.110884	-1.027516	0.624827	-1.065714	-0.863244	0.009117	-1.530737	1.195348	0.599923	-1.529050	-0.563330	0.208937	-2.654938	0.249776	-2.638552	1.116643	-1.842019	-1.351367	-2.413254	1.703284	-1.350074	0.110129	0.161599	1.064533	-0.987140	-0.657826	0.251927	-1.519447	0.558252	-0.716164	-0.938453	0.442104	0.735168	1.399031	1.745677	0.311075	-0.723982	0.152638	0.121527	-1.382553	-0.417865	-0.302648	-0.345030	0.003169	1.396392	0.670868	-0.327843	-1.871581
-0.359998	1.090115	0.764747	0.747460	-0.552850	-0.766386	1.407656	-0.284461	-0.289664	-0.777053	0.630788	-0.149350	-0.061838	-0.168090	1.346935	-0.299970	-0.901027	-0.282742	-0.469761	-0.105487	0.064038	-0.324212	-0.633960	-0.231026	1.723455	1.260450	-0.361971	-0.066817	-0.557227	0.721786	-0.120351	0.456636	0.826699	-0.508596	-0.363267	0.108471	-1.357565	0.727743	-0.386633	-0.911163	-0.661898	0.303110	1.407716	-1.057375	-1.573986	-0.687584	1.007990	-0.739152	-0.239201	0.251906
-0.089366	0.675091	1.292373	1.192250	0.455345	-1.373411	-1.581010	-1.466406	0.073715	0.949817	0.811780	-1.124929	-2.180736	0.355083	-1.638862	0.395404	-0.613102	0.166475	-0.667341	-0.536122	-0.334057	0.719782	1.370728	0.631043	1.046896	0.769947	0.425498	0.453384	0.970532	-0.685351	0.206020	-0.236591	-0.463400	0.653777	0.282081	-0.202504	1.290656	1.046490	0.144061	-0.385790	0.941439	-0.242619	-1.765537	0.637206	1.379739	-0.062607	0.027193	0.668712	-0.362374	-0.387211
0.884030	1.705115	0.258126	-0.921716	-1.416137	0.024458	0.123776	1.603800	-0.330527	-1.964038	0.273993	-0.285737	0.210340	-0.933037	1.072586	0.562117	-0.474509	0.028681	-0.320553	-1.111531	0.269311	0.059105	-0.612322	-0.167649	0.693098	1.976320	-0.386442	0.584974	-0.809863	-1.040198	-0.020409	0.057554	1.712127	-0.334159	-0.127685	1.131423	0.272423	1.833552	-0.754693	0.211207	1.321550	-0.139567	-0.856321	1.096869	0.298296	-0.161169	0.396598	-0.256435	0.569681	-0.808152
-1.005577	2.517357	0.633007	1.223012	-3.014680	-1.591193	2.053717	-0.528360	-2.425450	0.524722	-2.256663	-1.458991	1.041224	0.231187	-2.194679	0.248324	-2.853375	0.266948	-0.644815	-2.598700	-1.249413	2.013369	-1.167865	-0.727763	1.132513	0.608450	-0.290030	-1.155228	-0.092912	-1.183971	0.311354	-0.520630	-0.600816	-0.756579	-2.821627	0.488541	1.389781	0.755073	0.304455	-0.444739	0.575456	-2.721340	1.648447	-2.446221	0.451756	-1.682377	0.163251	0.069929	-0.283684	-3.144308
-0.046976	-1.455302	0.166796	1.116378	-0.109216	-1.393242	-1.832242	-1.306890	-1.993542	-0.207656	0.500582	0.599188	0.072031	-0.831149	-0.906542	-0.287728	0.984380	-1.668573	0.273249	0.510675	-0.471428	-0.992166	0.585786	-0.780029	-1.457004	-0.276656	0.022946	1.680666	-0.218613	-0.913905	0.504160	-0.720865	-1.639904	-0.258318	-0.716645	0.403178	-0.039740	-1.057102	-1.364112	-1.890925	0.586968	-1.363586	-0.952590	-1.899943	-1.170850	-0.471692	0.608859	-0.455214	-1.533001	-0.486195
1.511554	-0.585720	1.005460	0.284713	2.075861	1.345735	1.787434	1.489091	-0.240245	-0.548774	1.536446	1.508021	-2.356189	-2.341116	2.177066	1.512104	1.911599	0.576841	0.361870	0.215435	1.325426	-1.804350	0.900791	-0.506891	-0.651355	0.488264	-0.520512	2.514226	-1.808214	1.634349	-0.247270	0.507370	1.892281	-0.127280	0.836406	-0.092309	-0.953325	0.474646	0.547865	0.232258	-0.487000	2.255494	0.602557	2.033664	0.644059	0.455431	1.409578	-1.484580	-1.170055	1.942668
0.176644	1.009581	0.210987	0.849888	2.782264	0.598282	0.016492	0.691860	-0.844187	1.403491	0.389680	0.261336	1.613751	-0.912922	-2.261671	0.446413	-0.613719	0.194211	-0.293889	0.270518	-0.630969	1.047083	1.072950	0.292188	0.065893	-0.052273	0.528343	-0.936554	0.382866	-1.989698	1.378252	-0.625812	0.302104	0.238715	-0.142829	0.419379	1.759480	0.030126	-0.177858	0.123671	0.087746	-0.458899	-0.438465	1.763510	0.776791	0.350098	0.284375	0.233271	-0.040242	-0.802249
0.784066	0.432844	0.957425	0.057425	1.107126	-1.759181	-1.085496	-1.182398	-1.238911	-1.356742	-3.787652	0.903583	2.402356	0.066072	-0.990494	0.475348	-1.121980	-0.883304	0.915901	0.235681	-1.135355	-0.220543	-0.453738	-0.312743	-1.829006	0.062704	3.252847	0.288908	-0.640048	-0.987665	0.060237	0.420392	-0.625229	-0.119452	1.669581	1.982930	-0.188092	-3.329754	-3.140396	-0.700963	-0.766137	-1.627780	-0.162933	1.703393	-0.873924	-0.557228	0.374826	0.130501	1.470809	-1.705309
-1.559550	-0.545374	-2.822763	-2.092884	0.907249	-2.689393	-0.015400	-2.727905	-2.160912	-0.217233	1.179034	-1.361309	0.673263	2.268611	-2.994419	-2.439684	-0.564519	0.600443	1.349903	-1.677525	0.230495	1.437431	-1.613334	-0.550815	-0.040239	-1.356768	-2.837023	1.063353	-0.435374	1.191049	-0.473561	-1.650528	-0.743850	0.386469	0.715677	-0.451687	1.990039	-0.330479	0.577314	0.168174	0.902634	-2.197589	0.310682	-0.247790	-0.046647	-2.039433	1.331558	1.891658	-0.507351	-1.902463
0.239195	-0.365641	-0.668272	0.403377	0.741132	3.193441	1.350841	1.016138	1.843187	1.002666	-1.314159	0.787113	1.324514	0.169502	0.964292	0.388045	-0.675322	-0.162661	-0.849233	0.209957	-0.815802	0.468584	1.385208	-0.371017	0.724120	-0.733699	-0.251508	0.601484	1.491124	0.384867	-0.172654	1.819550	1.472877	-0.108193	0.531330	-1.211823	-0.801414	0.117098	0.487627	-1.072732	-2.389109	1.106376	-1.238254	1.045291	2.487860	2.254542	-0.831791	-2.716033	0.528203	1.795591
2.071670	0.318609	0.297021	-1.446158	-1.129717	1.161103	-2.961428	-1.293439	-0.133185	2.980594	0.807349	0.057154	-0.808613	-0.444053	-2.221508	-0.690010	0.109394	-1.321948	1.376858	-2.218094	0.648505	-0.720061	-0.302324	0.171547	-2.547283	-2.056050	-1.254613	0.944038	2.015493	1.280714	-1.051438	0.448959	-2.492434	0.805450	-0.746252	-0.526680	-1.083763	-0.893210	0.055759	0.955394	0.131951	1.022307	-2.203538	-0.136991	-2.495522	1.158829	-0.327181	0.517787	-1.981193	0.336520
1.064323	1.512449	0.842109	-0.365708	-0.835974	1.877853	-0.313901	-0.935753	1.204904	-1.708602	0.531671	-0.963253	-2.297006	0.079733	1.880192	-0.431093	-1.883724	0.181779	0.664854	-0.881988	-1.203008	-0.495087	0.202613	0.718669	-1.549659	-1.769665	-0.143075	0.284368	-1.302351	1.444683	-0.120344	0.774170	0.582971	-0.973308	0.044286	-1.024380	-2.647615	-1.627824	-0.216122	-0.978424	0.110451	0.814716	-0.327222	-0.069996	-1.601322	1.372446	-0.701185	-1.034225	0.625649	0.829008
0.177830	-0.843319	-1.718553	-0.861912	-0.694669	0.020721	0.445994	0.446694	0.734828	0.470603	2.153833	1.020416	-2.505636	0.773739	-0.143190	-1.742329	0.633912	0.731393	-1.527724	-0.621566	-0.100023	0.603159	-0.888943	-0.324601	-1.113510	-0.270428	0.597864	2.043142	-0.149881	0.061086	-1.063040	0.646901	-0.240730	0.484689	-0.560625	-0.167156	-0.858642	-1.717603	-1.419960	-0.856474	-0.320430	2.072148	0.451273	-0.538548	0.018293	-0.159533	1.431770	-0.548306	-0.502953	2.842037
-0.208827	1.929060	0.123945	0.341864	1.262088	0.137623	-1.425442	0.257203	1.422917	-2.984892	0.849187	-1.040725	-2.213520	0.602662	3.306548	1.059848	-2.151279	0.525333	0.368148	-0.649004	-1.220595	-2.424369	0.920030	1.709315	1.135063	-0.583930	0.745847	0.917040	-2.586222	2.658092	0.641455	0.055942	-1.215272	0.024161	-0.842200	-0.423259	0.176568	-2.495411	-2.157494	-0.342406	1.192776	0.873651	-2.125676	1.191079	0.561728	0.691969	1.442387	2.908799	0.227089	-1.483495
-0.074580	0.085583	0.988527	0.316473	1.696537	-1.264847	-2.145541	-1.370568	-0.769616	0.404761	0.682783	-0.032383	0.425597	1.217910	-0.787053	-2.348324	0.724216	0.609294	-0.090238	0.812471	-0.034001	-0.088561	-0.461978	-0.095179	0.234210	0.466823	0.819370	0.855586	-0.093813	1.239314	1.009087	-1.416486	-1.665194	0.784674	-0.164973	0.801347	0.400034	-0.512310	-0.756656	-0.603326	-0.030060	-1.116927	-1.177545	0.723619	-0.551308	0.152267	-1.491875	0.803482	-0.272019	-0.861380
-2.662239	0.783218	0.605656	-0.445462	-0.156968	-1.689315	0.464715	-1.689986	-1.693317	1.352680	-1.058329	-0.849564	0.718121	-0.745719	-2.048575	2.110567	-0.695138	0.345375	-0.786184	0.501598	0.727769	-0.886763	0.189477	0.262982	0.978393	0.574185	2.867539	1.661686	1.851895	0.152592	-0.953415	0.248704	-2.256928	0.073406	0.955349	1.996357	2.452303	-0.893642	-0.106798	1.361715	-0.117764	-0.860525	-0.615078	-1.703903	1.214190	-0.311495	0.441223	1.907898	-1.691195	-2.639729
0.026836	-1.127337	0.066015	-0.435017	-0.416566	-1.236054	-0.028064	1.237180	-0.669394	-1.022425	0.697052	0.678319	0.287679	0.454644	-1.664558	0.044642	0.755691	0.028838	-0.434998	0.924426	0.946959	1.279847	-1.589763	-1.294225	-0.228825	1.423837	-0.760593	2.004240	-0.431664	-0.546184	0.475196	-0.935307	1.850063	0.208638	1.427770	0.861813	-0.925104	2.328448	0.566750	1.209936	0.467676	-1.505020	0.998207	0.686425	-1.222333	-1.191372	0.361686	-0.198349	0.572485	-0.771388
-0.461002	0.714577	-0.026116	0.586997	-1.321441	-0.294855	-0.741595	-0.392149	0.294874	0.492141	1.266781	0.280763	-0.756090	-0.619233	0.046875	0.669336	-0.837691	-0.024709	1.102958	-2.366261	-0.198062	-0.754277	-0.339058	-1.181100	1.981828	-0.230362	-2.800631	-1.715198	0.304247	0.781023	-0.791542	-0.154369	0.380474	-0.514976	-0.328513	-2.880543	0.022295	2.273346	0.638763	-0.283793	0.129404	-0.473323	-1.501652	-1.356104	-0.750673	0.766528	0.209912	-0.769494	-0.057567	-0.223698
1.122565	1.249366	0.931336	0.529790	0.940685	0.434058	-2.409701	-0.273312	-2.832279	1.961520	-0.183341	0.108940	0.702714	0.163696	-2.499265	0.470839	-0.014504	-0.482055	1.500926	-0.478910	0.523260	-0.641715	0.694454	-0.851389	-1.293007	-0.228471	-2.438472	1.716015	1.663701	1.742749	1.694972	0.172683	0.061348	0.464970	1.115401	0.378934	0.635009	2.353389	0.599185	1.395295	0.722894	-0.881754	-2.300897	0.712483	-0.880707	0.828610	0.196739	0.119023	-0.661564	-1.116843
0.507118	1.767592	1.284887	0.487261	1.422782	0.663811	-1.404846	0.046521	-1.538671	0.700543	1.570178	0.158660	-0.898873	0.380959	-1.399198	-1.801139	-1.564963	1.875036	-0.089190	-0.913272	-1.202997	-0.965152	0.441203	-1.618841	0.095153	-0.706449	-0.596542	0.755147	-1.207910	0.277479	-0.236716	-1.794454	0.486233	0.494469	1.978103	0.154132	-0.048808	-0.834134	-0.559621	0.201428	-0.188526	-1.336852	-1.348134	2.308347	-0.389339	0.994251	1.175918	-1.522924	-0.811074	-0.766752
0.209193	0.634068	1.515832	0.661261	0.959412	-3.135678	0.937163	-1.629645	-2.448183	0.729725	-1.154018	0.090876	0.574448	-1.430051	-3.165658	1.246232	0.354806	-0.302057	-0.299611	0.156984	0.328030	1.565024	-1.696331	-1.805024	-1.133532	-0.509448	0.912981	0.992711	0.557536	-0.651915	0.910338	-2.134017	0.459418	0.896087	1.795822	1.533214	0.457663	-0.809886	0.404540	0.194259	1.176542	-3.449263	2.257153	0.947562	-1.972165	-2.648810	-0.439162	0.691763	-0.282211	-3.351905
-1.250965	1.386656	-1.713434	0.752951	-1.274036	-2.010065	0.919705	-1.575413	-3.055672	2.243099	-0.535915	-1.284591	-0.475334	1.355420	-2.494532	1.699292	-1.545218	0.334603	0.949234	-0.645685	-1.527220	0.288084	-0.443060	0.070488	-0.079211	-1.074750	-1.484092	0.069751	1.549999	0.624429	2.044870	-0.920762	-1.683911	0.271875	-2.221241	0.367472	2.613752	-0.313698	0.345982	0.979040	2.398213	-2.248447	1.498881	-1.637151	0.011578	-2.572450	0.990212	3.217857	0.077519	-4.075393
1.405426	-1.036669	-1.372401	-0.961590	2.576173	2.076397	0.185659	1.554368	-0.580741	-0.392988	-1.891404	0.637350	2.624711	1.578199	1.884158	-0.256793	0.189485	-0.981703	0.402552	0.625695	-0.117060	1.765476	-0.883352	0.344363	-0.276608	1.045675	1.458922	-0.604399	0.571499	1.209112	-0.472059	0.163397	0.778223	0.967327	1.349927	1.183934	0.421062	0.291926	0.098705	1.235239	-1.197134	0.345336	0.346956	1.800507	-0.352761	1.252816	-0.817459	-0.956601	2.300718	0.744508
-0.691136	0.557215	0.076425	0.251774	0.997946	-1.457323	-0.619177	-0.344075	2.265125	-2.663620	0.008051	-0.375171	0.061478	-1.579068	1.208097	-0.152822	-0.856656	-0.182051	0.629207	-0.462705	-0.763104	-0.113057	-0.309888	-1.625010	1.327088	-0.030582	-2.260692	-0.597578	-1.523853	0.490424	0.145749	-1.928794	0.180831	-0.087091	-0.561775	-2.162226	-1.415235	-0.232993	0.106656	0.420110	0.581735	-2.100095	-1.160665	0.100289	0.605779	-1.001055	-2.208508	-0.404740	0.855538	-1.921724
