X21	X35	X40	X45	X9	X47	X28	X33	X26	X18	X27	X1	X11	X38	X3	X19	X14	X42	X36	X17	X48	X15	X34	X30	X10	X22	X8	X4	X25	X31	X49	X16	X23	X24	X29	X39	X6	X20	X43	X46	X7	X5	X44	X2	X32	X50	X12	X13	X41	X37
1.545670	-0.731723	-1.866084	0.445263	3.359831	0.737657	0.461633	-0.426024	-0.093892	-1.701137	0.276028	1.384383	2.068435	-0.254559	-1.631971	-1.025290	-0.848426	0.830733	-2.009246	3.599810	1.328763	0.481671	-1.672937	1.187234	-1.482966	0.975477	-0.708360	0.942938	-0.188697	3.001970	-0.623365	-0.261068	-0.045579	1.573181	0.108901	0.508604	-0.059777	-0.156476	-0.285498	-0.825984	-1.569127	2.443931	1.653242	1.107018	-0.463191	0.611016	-1.737191	-1.588880	0.769674	1.705306
0.447489	-0.505533	-0.254451	0.051042	1.350693	0.309945	-1.590782	-1.809939	0.040383	-2.148591	0.563347	0.329991	1.523067	1.638983	1.965681	-3.258035	-0.816882	3.701849	-1.465963	0.609766	0.275504	-0.170408	1.648507	-1.537322	-1.136714	-0.708815	0.144079	-0.456927	0.521262	1.573992	-2.021570	-2.112655	-1.981624	0.208161	0.708339	-0.282425	-0.423841	-2.660069	1.427654	-0.782950	1.609956	-0.484691	-0.855067	-0.506426	-0.064073	-0.690957	0.628091	-0.203473	1.119450	-1.451502
-0.737254	2.103699	-1.164629	-1.074465	0.219665	0.330165	-0.935384	0.767901	-1.604148	1.073595	1.432429	-0.344673	0.703203	-0.228872	-1.216591	-1.757998	4.260507	0.798335	-0.174533	-0.749281	1.334007	0.590748	0.089543	0.405552	3.533084	2.181181	-0.042359	0.983983	1.650646	1.991351	-0.278037	0.448880	-1.166931	-0.724745	0.801009	-0.226849	0.620947	-1.339345	-4.006387	0.520524	1.214067	-0.937858	0.061743	-0.462822	2.073651	-1.080774	-1.593642	2.526383	-0.746689	-0.370091
-1.284420	-0.711587	1.034963	0.816831	0.156205	2.056850	-1.034304	0.990750	1.540620	-0.501672	0.152574	0.647985	0.683790	1.398372	-2.118690	1.967685	-1.704044	0.311692	1.199677	1.755470	1.073890	-0.328327	-1.266405	1.629500	0.127341	0.102559	0.903023	-0.941461	0.745822	0.189044	-0.302849	-1.569415	1.430925	-0.019526	0.341974	-1.533549	0.973272	-1.208902	1.150471	-0.568512	1.477029	1.189795	-0.707794	-0.581228	0.482979	1.334477	0.803065	2.305704	0.257365	0.204115
-0.723268	-0.063475	-2.583079	0.520229	1.767234	2.925532	-1.497775	0.531224	-2.235055	-1.456096	2.552131	1.626997	0.965938	-2.397288	1.012653	-3.381902	3.338059	1.822540	0.123595	1.172418	0.017810	3.415045	0.325683	1.107442	2.826497	0.656422	0.524870	0.381557	0.777481	2.375209	-1.555860	1.161542	-1.782741	1.307509	1.309797	1.311514	1.203284	-0.442626	-2.693110	-0.605689	-2.848972	2.010018	0.249397	0.581530	0.230950	-1.094887	-0.141405	1.721436	-4.333557	1.162423
-0.468062	-2.673974	0.100657	2.538554	0.448141	-0.393898	-2.162584	0.838702	0.304932	0.578859	-1.808325	-0.270079	1.464299	-2.889788	-0.153335	0.121394	-3.671101	0.041621	0.703823	-0.571219	-2.049522	-0.389072	-1.384464	-1.046103	-2.617766	-1.619741	-0.374216	2.698796	-0.617079	-0.254324	0.665532	3.073861	1.223419	1.429523	-3.111312	3.629306	2.212648	1.713976	2.815614	1.489958	-0.694357	0.378755	-0.676675	-0.042276	-1.210005	-0.467135	0.710688	0.616089	-0.923811	-3.153544
-0.812245	0.073134	-0.278159	-2.051417	-1.241258	-0.924604	0.370873	-0.760413	1.573476	2.531956	-0.765317	-2.333265	-1.368507	0.995625	-3.245121	-1.227955	0.009028	2.994310	-0.411408	-1.097702	0.436973	-0.725387	1.643837	-0.353266	-0.810866	0.190483	0.241733	-4.078896	1.723113	-2.035469	1.262428	0.623456	-0.173388	-2.186502	-0.827828	-0.760513	-1.804727	2.988130	0.607578	-4.040053	1.650129	-2.773578	1.518622	1.258252	0.081212	-0.186873	-0.988440	-0.518222	0.451054	-2.681098
-1.035318	-1.362098	0.412156	0.146476	-0.598434	1.069826	-1.521120	-0.456524	-0.292156	0.315037	0.113839	-1.156068	-0.932371	-0.193681	0.213813	-0.086293	-0.200514	-0.349203	-0.713189	-0.391961	-0.016639	-0.200564	1.714204	-0.172726	-0.201229	-0.703531	0.388368	0.365166	-0.442335	0.515597	0.975380	0.531835	-1.131704	1.415886	-1.857318	1.311539	-0.184489	1.832469	1.915808	1.161373	-0.687123	-0.727976	-0.516404	0.765965	-0.316685	-0.741606	1.250345	1.594295	0.227719	-0.041749
-0.623089	1.997147	1.050992	-2.985319	-0.545686	0.157041	1.214792	-1.088145	1.283202	0.005549	0.457768	0.018257	-2.086050	2.600499	0.042215	1.161739	0.899537	-0.499603	-2.039653	-0.516531	1.090314	-2.274664	-0.246439	1.396587	0.699702	-0.056670	0.061052	-0.664249	-0.920553	0.371051	0.463762	1.667324	-0.707963	-0.977335	-1.763585	-1.726765	-1.349237	0.658656	-0.833351	-0.228359	3.206413	0.717708	-0.445997	1.282271	-1.309851	1.509738	0.522678	0.022207	3.591072	-0.416085
-1.247318	-1.679665	0.698261	0.320238	0.140453	0.908611	-0.404092	-1.107094	1.987708	-0.215714	-1.085618	0.329221	-1.006652	1.352672	-0.151194	2.727519	-3.345714	-0.737276	-0.391770	1.303074	-1.696132	-0.716090	0.545160	1.145770	-3.163967	-1.981005	-0.037609	-4.021926	-1.176084	-0.288956	0.413278	-0.690710	0.365089	0.694227	0.175855	-1.600818	-2.263040	-1.140873	2.929795	-4.092515	-0.611264	0.073187	2.144319	1.970983	-1.178710	1.068400	-0.559024	-0.426417	0.490780	1.007535
-0.395633	-0.310027	-0.179674	1.351856	-0.085274	-0.464596	-1.639609	0.795640	-0.245303	0.261485	-2.105071	0.099468	0.804855	-0.295468	-1.578293	-1.062121	-2.708336	0.705782	1.243882	-0.705018	-1.622651	-0.833870	-0.290934	-0.224437	-2.569305	-1.377543	-0.532177	-0.081328	-0.747420	0.034183	-0.707796	-2.021463	-0.535245	-0.907237	1.613846	-1.071421	0.240389	-3.368084	4.056356	1.124803	0.857074	-0.929599	-1.419043	-1.243792	-0.775302	0.053967	0.293257	0.590627	-0.893413	-1.381412
0.259004	0.315048	0.033186	0.441649	-0.787557	-2.215803	1.574014	0.293529	2.291246	-0.393650	1.226972	0.156527	-1.149702	2.051615	1.500031	-0.707906	1.158106	0.433766	1.498296	-0.821504	1.234681	-1.049757	0.540527	0.336421	1.308808	0.089456	-1.269232	0.716647	-0.535705	-1.381612	0.083066	0.430660	-0.287659	0.215187	0.905224	-1.500267	-0.240666	-1.489843	-1.517964	1.479736	4.143435	-0.267622	-0.863890	0.109558	-0.024231	1.468449	-0.404697	-2.211734	-0.038740	-0.472585
-1.003188	-0.390848	2.008128	1.054655	0.061278	-0.832979	1.908117	1.057430	1.898891	0.178729	-0.217870	-1.779469	1.150178	1.548852	-0.223287	1.066822	2.531410	0.579179	1.652529	-2.386915	1.818874	-0.665831	0.470691	-1.645385	2.619111	1.009394	0.985736	-0.037436	-0.735482	0.693242	0.617639	1.060534	1.232755	1.556579	0.472025	-1.342136	1.629808	0.169697	-1.206911	1.286175	3.511007	-1.686667	-1.451200	-1.897960	2.808135	0.461232	2.967213	0.124149	0.066200	-1.396143
0.291029	-2.032215	1.422590	0.861279	-1.356958	1.679290	-0.252276	-0.998972	-2.241824	1.090237	-1.265501	-1.610288	-0.486198	-1.316174	2.025320	1.147167	-1.687138	-2.890667	-0.070819	-0.905846	0.295358	0.864979	1.883307	-1.070136	-1.763748	-2.243970	0.830102	-1.964614	0.018969	0.215640	0.485585	3.036329	-0.767026	1.350230	0.756065	1.107380	-0.950431	1.662373	2.976154	-1.560928	-3.093324	-2.066045	0.552600	-1.080646	0.609211	-1.525266	2.831994	0.719177	0.115652	-1.710992
-1.056601	-0.530006	0.896325	0.110967	-0.347511	0.169617	-1.820845	0.388624	0.724730	-0.772574	0.145147	0.292408	0.023898	-0.710353	1.544433	0.084153	-1.298753	0.542130	0.071866	-1.390391	0.375731	-0.256692	1.399369	-1.657864	-1.210216	-1.311623	0.866722	-0.491927	0.514325	0.283326	0.211903	0.376344	-0.599009	-0.419370	-1.135644	1.284450	0.797210	2.278572	0.868143	0.211034	-0.938418	-1.748051	-0.697707	0.323670	-0.815429	-1.445202	-0.793168	2.137828	0.524106	0.300711
0.642962	-0.654455	1.865563	0.919202	-0.507770	0.044239	0.367677	-1.266495	-1.428543	0.676797	-0.153082	-1.025288	0.845456	-0.038273	-0.604107	0.321428	-0.981714	-0.807284	0.561260	-1.454100	-1.295910	-0.187455	-0.087418	-0.281102	0.115786	-0.642071	-0.830418	-2.843094	-0.748474	0.042478	0.022479	-0.127117	-1.316379	0.054292	1.576717	-0.788187	-0.726025	-1.303969	0.734846	-1.724084	-0.463988	0.041927	0.253303	0.117053	0.148973	0.262711	-1.721579	-0.964883	1.197955	-0.519864
0.961236	-1.185831	-2.545287	0.819606	0.254241	-0.301337	-0.770795	0.902268	-1.047720	0.345012	0.069660	0.598145	-1.412886	-2.657492	-1.110046	-1.761452	-0.090660	-0.247263	-0.114287	0.734645	-2.250523	1.347610	0.099177	0.200914	-1.276774	0.485963	-0.504409	0.861248	0.592035	1.367972	-0.186080	-1.530033	-2.747162	1.621645	1.401945	1.708767	0.819854	-3.148370	0.219310	0.726897	-3.007931	0.675141	-0.720915	0.572968	-0.894479	-1.526699	-1.026259	-0.363354	-2.651741	1.126494
-0.304648	-1.871786	-2.393725	1.711091	1.780299	2.489012	-0.060612	0.889465	0.573652	-2.604245	1.630366	2.494642	0.006186	-0.340262	0.234274	1.363958	-0.325625	0.232282	-0.307572	2.593395	1.831683	1.813488	-0.657323	2.161054	0.356474	0.286995	0.434457	1.552589	0.469866	0.879493	-1.723821	0.519439	-0.208813	3.454137	0.959100	-0.177261	-0.468960	0.447631	-1.541387	1.246648	-0.621292	0.465954	0.368819	1.276561	0.205207	0.451566	1.337310	1.559590	-3.708976	1.237682
0.233208	-1.327607	2.798781	-0.384404	-2.941672	-1.458028	-0.825271	-1.864373	2.613348	1.963573	-3.091241	-2.086509	-2.919524	1.241559	0.931652	1.573716	-4.849462	0.938462	0.663149	-1.972422	-0.571921	-4.371351	0.775339	-0.633875	-5.140305	-2.845921	-0.643714	-1.228493	0.828251	-4.559484	1.141281	3.838726	-0.384329	-1.101567	-2.243558	0.379833	-2.080950	0.567983	3.545470	-0.386307	1.868100	-0.507225	-0.026413	1.027404	-2.293279	1.469588	-0.685689	-0.565588	3.772810	-1.384729
-1.208639	0.459719	-0.602009	0.169571	1.060029	1.012066	-1.318065	-1.576273	0.380324	1.087738	-1.492499	-0.604878	1.463411	-1.229835	0.518399	0.699838	-1.129288	-0.748558	-0.775786	2.722389	0.522927	1.542610	1.483360	-0.432992	-1.923848	-0.689894	1.154742	0.390077	0.976653	0.126326	0.264698	0.078140	0.313734	0.408850	1.289363	0.592621	-1.992824	0.127751	1.178793	-0.613793	-2.598738	-1.223056	1.310430	0.690412	0.329016	-1.166328	1.743172	1.375099	-1.234190	-0.793131
0.692744	-2.220619	-1.169965	1.421426	1.365674	-1.348959	0.464144	-0.381932	2.172830	-2.290233	-0.032805	2.020773	-0.434947	0.862569	-1.646253	-0.591926	-0.785263	2.742149	0.317689	0.402190	-2.113261	-0.908695	-1.998740	0.109743	-0.918505	0.627684	-1.073233	0.878802	-2.472344	0.403021	-2.282228	-1.405133	1.208191	1.680211	0.130134	-0.721918	1.082766	-1.213733	1.221837	1.050211	1.822570	0.685479	-0.592304	-0.178487	-0.512352	0.847038	-0.826806	-1.450623	-0.037148	-0.690520
-1.806154	-0.673291	0.328070	0.291306	-0.261546	2.263824	-0.902169	-1.036494	-0.955264	-1.470546	0.062602	0.142569	-0.340535	0.181937	-1.304873	-0.038619	-1.321132	-0.846668	-0.227786	2.024480	1.890754	-0.611205	2.226663	-0.034925	-0.921587	0.057167	1.405803	-3.778315	0.616340	-0.146341	-1.395029	1.380477	-1.059183	0.928068	-0.124214	0.480894	-1.841225	1.146402	0.269906	-3.959435	-2.553737	-1.967095	0.877052	-0.287535	0.867112	-1.081104	0.641041	1.152700	0.498368	0.843670
1.650043	1.159761	-0.942179	-3.329127	1.734408	0.182577	1.813928	0.610004	-2.681363	-0.560622	2.603258	1.141212	-0.508690	-1.558485	-0.238606	0.704603	3.287859	-2.937020	-4.029606	2.723667	-0.580179	0.766174	-0.063653	0.038415	2.662974	1.240804	-0.112732	1.061319	-0.144420	2.316283	1.054431	3.293376	0.336547	-0.214901	-3.120314	3.662124	0.232252	3.074283	-2.394612	0.202323	-1.035796	-0.258431	0.507985	1.968803	-0.743460	-0.782507	0.968464	-0.617079	1.626222	-1.049724
-0.491239	2.427828	-0.006973	-1.231019	-1.811842	0.390969	0.111390	-0.473613	-4.273351	-0.593757	2.228253	-0.275274	-1.733185	-2.089077	-0.698707	0.705279	0.776603	-3.152939	0.211654	-3.581256	-0.322958	2.737810	-0.393167	-0.971479	1.299960	0.216735	-0.276088	0.662906	0.326461	-0.744981	1.703137	0.352385	-0.211057	-2.294269	-0.239719	0.799359	-0.113961	0.016991	-2.172828	1.280652	-3.135190	0.165595	-1.140958	0.730844	-0.067107	-0.373386	-0.157096	0.137635	-1.843003	0.199765
1.983634	-0.215007	-0.527430	-1.923616	-0.348842	-1.189581	0.422853	-0.535325	-0.960976	0.916546	-0.696913	-0.942873	-1.694463	-1.204617	1.407081	-0.980459	-0.332315	-0.090676	-1.474608	-1.318739	0.799109	-1.516040	1.590677	-1.561461	-0.732594	-0.528232	-0.244741	0.028333	0.294465	-0.465171	0.985672	-1.261455	-0.917332	-0.642345	-0.868475	1.979151	-0.534163	-0.416990	1.521515	-0.817369	-0.336601	-1.627740	0.629530	0.545497	0.179236	-1.547996	-0.505036	-1.781274	1.158344	-1.681023
-0.993169	-2.553613	1.102335	3.196701	-0.655913	-1.673981	-0.916939	1.707197	-0.109431	0.256725	-1.959994	-0.218541	1.307715	-0.859820	-0.148954	1.568673	-1.117280	-0.123305	4.193181	-1.646557	-2.322532	-1.517847	0.765386	-1.200388	-1.616679	-1.334083	-1.663536	0.245443	0.502291	-0.984011	-1.102737	-4.198900	-0.708084	0.755887	1.855124	-0.207457	1.592357	-4.640154	2.391930	1.751053	0.408964	-2.279241	-2.932598	-2.883597	-1.277675	-0.538659	-3.290344	1.149792	-1.728541	0.493020
1.412178	-0.930281	-0.058495	-0.100138	2.588921	-0.796300	1.270503	0.362242	1.859585	-3.329788	0.041831	1.770562	3.067532	1.719878	2.333404	1.303871	-0.946193	1.380415	-1.212392	2.959686	-1.120153	-2.615475	-1.732756	0.096056	-1.954715	-0.049188	-0.888293	1.113380	-0.466216	0.943418	-0.966919	-1.285692	0.514924	0.288940	-0.698070	-0.299146	0.816955	-0.814683	2.101543	0.292797	2.551692	0.627768	-0.274126	-0.257319	-1.601960	1.150347	-2.256669	-0.943718	0.854862	1.500553
-1.226294	1.367697	1.585559	-0.490463	-0.406118	-0.910005	-0.389611	-0.077354	0.633971	1.097076	-1.640598	-0.252878	1.197548	0.298374	2.252251	2.606120	-0.579474	-0.444740	1.042471	-0.084456	-0.944700	-0.458584	-0.523424	0.019599	-1.093776	-1.972433	-0.674897	-0.898762	1.348619	-0.271880	0.204646	0.073126	1.827876	-1.082386	0.182927	-0.717305	0.066229	-0.819893	1.286702	-0.581489	-0.891549	0.042568	-0.012295	-0.808518	-0.898220	1.163785	0.364434	1.113534	-0.422605	1.056970
0.009680	-0.399565	0.618703	-0.222663	0.075727	0.390939	1.428784	0.390112	-1.467071	0.842679	-0.547144	-0.589152	-0.587827	-1.228209	0.891373	0.982867	-0.436655	-2.535532	0.028118	-0.843350	0.002369	0.493024	2.115492	-0.558919	0.816769	-0.178605	0.467618	0.511357	-0.054378	0.773632	0.809755	1.742645	-1.300286	0.483803	-1.132269	2.382158	0.821490	2.047121	0.619531	0.516717	-0.969157	-1.617000	-0.244388	-0.548946	0.733040	-1.936796	0.860703	-0.239024	-0.103582	0.524889
0.492259	0.159256	-0.675906	-1.550152	-0.027252	-0.338808	0.790027	-0.251760	-0.635104	-1.842354	1.327117	1.041890	0.417524	-1.122245	0.300652	1.558863	0.456679	-2.620566	-1.527782	0.373736	-2.142528	1.081475	-3.841986	1.185611	-0.326923	0.630217	-1.674149	0.763627	-1.589256	0.283362	0.870999	0.814533	1.630422	-1.620191	-1.788312	-0.309858	-0.246512	0.985195	2.762454	1.026058	-1.148021	3.040536	-0.672708	0.668792	-0.693824	2.850111	-0.430914	-0.820121	0.161318	-1.112257
-0.258632	-0.148101	1.189856	-0.210785	-0.335426	0.730839	-0.734660	1.149262	0.407894	0.706021	0.115219	0.444012	0.199573	-0.808043	-0.571294	0.360401	-0.115245	0.916430	0.468463	0.054341	-0.475060	-1.046032	0.634446	0.700439	-0.773096	-0.621206	0.610273	1.831644	0.525917	0.232922	0.965066	-0.346632	-0.338221	-0.649475	1.118661	-0.018047	0.034347	0.096950	0.031819	0.343719	-0.870832	-1.728165	1.642155	2.347279	-0.775055	-0.904193	0.512432	0.448846	0.630992	0.668697
-0.271429	-0.184679	-0.377998	-0.904103	-1.159832	0.789415	0.583935	-0.524732	-0.755408	-0.272530	0.543909	0.712067	-0.488413	-0.424352	-1.887404	1.876762	-0.454740	-1.763086	-0.592991	-1.128105	1.339288	-0.130078	-2.448311	0.883915	-0.440989	-0.154545	-0.496183	-1.701806	0.116396	-1.429801	-0.065757	-0.374871	-0.318110	-0.142517	-1.449007	-0.698476	-1.187436	-0.552855	-2.656894	-1.182640	-1.767933	2.421236	0.125565	0.071542	-1.365223	1.429917	0.240619	0.111268	0.790343	0.685036
1.436217	1.055979	0.578138	-0.066904	0.210588	1.636373	-0.270383	-0.411412	-2.605587	1.174932	0.434712	-1.746642	0.628255	-1.619993	0.356472	1.000433	-0.213150	-3.196553	-0.831264	-0.754651	-0.356902	1.512716	-0.843839	-0.332102	1.470802	-0.218656	0.863748	-0.473100	0.277569	1.418084	2.347286	2.476645	0.295530	0.378202	0.416844	1.199081	0.632568	1.776213	-1.821536	-0.136788	-1.680360	1.282138	0.321773	0.067065	1.323620	-0.959839	0.393836	1.794944	1.681292	-0.992139
0.437889	-1.249108	-0.218336	0.021324	-0.465431	1.184617	2.220623	-0.460064	-2.305744	0.017998	0.426763	-0.249202	-0.592314	-0.662372	-1.167761	1.827671	0.588925	-3.099657	0.344605	-1.135323	0.430608	1.696757	-0.251198	-0.478293	0.447604	1.042017	0.315065	1.044836	1.788013	0.245022	0.379129	0.426753	-0.095765	1.520272	-0.438709	0.565950	0.947245	-0.251684	-0.558208	0.951065	-0.879868	0.450825	-0.604899	-1.096823	0.355459	-0.228120	0.078369	-0.923652	-0.587047	0.776016
0.464772	-0.050236	-0.237975	0.816382	0.222372	-1.254440	1.057341	-0.545231	0.245396	0.084528	0.813390	0.723703	-0.773077	-0.315808	-0.987445	1.277687	0.522735	-0.274299	0.627232	1.193110	-0.229603	1.961352	-1.650886	-0.203410	1.476893	0.548217	-1.319891	-0.182932	-0.918286	0.194900	-0.888051	-0.525102	2.039884	0.412997	1.238586	-1.085661	-0.683645	-0.755318	-2.601997	-0.247382	-0.769448	-0.334537	0.165038	0.024679	0.044359	1.146389	-0.349737	0.086566	-0.647520	-0.193649
-0.697640	-0.207287	0.028162	0.288882	-0.334105	0.022855	0.776074	-0.274439	-0.586652	-0.460394	-0.689661	-0.108747	-1.016077	0.114832	0.552082	1.678078	-0.438768	-1.286664	1.462486	-0.702334	0.085790	0.050039	0.132902	-0.339204	-1.530318	-0.395986	-0.012230	-0.246683	-0.019062	0.123638	1.477985	-0.802171	0.183431	-0.959958	2.138007	-0.909303	0.094634	-1.877365	3.085512	0.726129	-0.933125	0.241110	-0.645332	0.752350	-0.392616	0.456376	-0.479128	-0.454669	-1.642304	1.454465
1.702754	0.316903	-1.203588	-0.595839	-1.398854	-1.874836	1.804773	0.729064	-6.989247	0.590393	1.202228	-1.281282	-0.391988	-3.215610	-0.445931	-1.683264	2.470010	-5.925493	-1.445562	-2.855540	-1.530226	2.747842	-2.912862	-0.952583	1.479467	0.479846	-2.802568	-0.873984	-0.463896	0.733339	0.450884	-1.000285	2.058224	0.109686	-1.283287	1.444186	0.708187	0.057863	-1.617374	-0.130674	-4.050602	-1.224974	-1.249262	-2.397077	0.494495	-1.023107	-2.652504	-2.379321	0.162119	-0.634885
0.065457	-0.371097	-1.494990	0.490977	-0.455033	-0.343590	0.202965	0.362131	0.193924	-2.373197	1.794262	1.466511	-1.028815	0.302139	1.821889	-1.105603	1.882225	0.560841	0.025086	1.478346	-0.118344	1.840654	0.497569	0.442729	2.603427	0.418163	-1.023971	-0.579600	-0.157609	-0.214659	-1.552052	1.142842	-0.946690	1.221340	0.783971	0.282025	0.332177	-1.191535	-2.513869	-0.275194	0.898765	-0.300150	-0.921534	-0.159731	0.440964	0.476322	-2.028384	-0.807073	-2.506295	0.710345
1.732142	-1.263310	-1.472545	0.185965	0.613031	1.656068	-0.464344	-0.305058	-1.403409	-0.431176	-1.302111	1.338409	2.171948	-2.034858	-0.028413	0.687667	-1.213620	-0.362140	-2.156649	2.295147	-2.324900	0.834263	-0.522463	0.920153	-1.120730	-0.623565	0.246684	2.187812	-1.609066	-0.197897	-1.880775	0.359269	-0.888673	0.605375	-1.215112	2.079082	-0.792327	1.175043	0.514616	1.032067	-3.948552	1.233095	0.601636	-1.657809	2.036145	-1.288758	1.475507	-0.018392	0.428289	1.831888
0.557473	1.693119	-0.524008	-0.798930	-0.475061	1.345183	0.455804	-1.921007	-1.629085	0.608663	0.241962	0.413192	-1.514188	-0.134449	-4.162706	1.204845	-0.466282	-2.192177	-1.128605	0.578504	0.234265	2.350214	-0.339884	0.289272	0.485157	0.910653	0.830735	-2.638635	-0.216224	-0.180082	0.613537	-0.938184	0.588757	-1.040391	1.873437	-1.400447	-2.525870	-1.859727	-1.123311	-2.931523	-2.761428	1.196126	2.829465	1.686256	0.540796	0.386639	-1.112268	-0.945363	-0.384744	0.786682
0.070410	-0.515914	-1.336704	0.882617	2.804161	0.838728	0.301670	0.501417	-0.205396	-1.597948	-0.150186	2.579657	1.501499	-1.006433	-2.655555	-0.357383	-0.729039	-0.237117	-0.394280	2.221245	-0.950611	-0.261459	-1.502942	0.517257	-0.722747	0.778380	0.149605	1.419759	0.204546	2.430095	-1.529938	1.637777	0.270822	1.366967	0.159512	0.759184	1.873953	-0.143423	0.474584	0.225992	-1.158162	1.559936	0.855165	-0.956330	0.671865	-0.169634	0.532116	-0.348837	-1.017758	1.001189
-0.079623	-0.381933	-1.360236	-0.583638	0.188173	1.736771	0.994597	-1.389812	-0.190771	2.175741	-0.535289	0.443014	-0.560059	-0.247610	-0.059234	0.467718	1.009148	-0.055763	-0.796946	1.268275	0.441132	1.695945	1.548498	1.411895	-0.337496	0.731278	0.985034	-0.738168	1.538369	-0.545852	0.312543	1.658994	-0.531308	0.906642	0.876220	-0.007892	-2.136320	1.688710	-0.962634	-2.083667	-2.413172	1.438978	2.781206	2.907493	-0.129359	-0.000634	1.438702	0.175255	-0.899979	1.842296
-0.147741	0.965067	-0.983302	-1.492581	-1.069069	0.203186	-0.673191	0.113789	2.367694	1.915504	0.483311	-0.861392	-0.560742	2.486209	-1.050983	-2.825072	1.764951	2.890574	1.219607	0.406072	3.532038	-2.325984	0.503645	-0.413222	2.660534	1.277378	1.954883	-0.210794	2.575365	-1.222605	0.492458	-0.493029	0.716534	-2.263494	0.903635	-2.227241	-0.582909	-0.711559	-3.732226	-0.980601	4.425119	-0.536248	0.501707	1.485248	2.109628	-0.330008	2.184414	0.858317	0.091132	-1.649733
1.195669	0.724083	-0.892298	-1.726529	0.966277	-1.008492	-0.515158	-0.304075	-0.955874	-0.175806	-0.307038	-0.794425	0.408741	-0.759896	2.292218	-2.311966	-1.173245	-0.152635	-3.046670	0.360405	0.034258	-1.215914	0.688863	-0.782281	0.642801	-1.277056	-0.523572	1.211702	0.596441	0.935340	0.302585	0.400929	-1.430329	0.185794	-2.839403	2.425077	-0.263298	0.942443	-1.518960	0.028213	0.450570	0.446525	0.462782	-0.279279	-0.686151	-0.674708	-0.164751	-1.233569	1.202526	-1.449724
1.692634	0.284674	-0.950398	0.840943	-0.063170	-2.041290	0.821981	-0.411816	-1.558527	0.548162	-0.268913	0.929267	1.053410	-0.845771	-1.081355	-0.781673	0.118052	-0.182447	0.966668	0.832271	-2.866122	2.147536	-1.328868	-0.328044	-0.403003	0.242321	-2.108791	-0.845411	-0.204101	-1.152292	-0.469026	-1.862239	-1.022429	-1.346997	-0.037356	0.680577	0.818154	-2.225395	0.761200	-1.148682	-1.836078	-0.071699	-0.253193	-0.967088	-2.265976	-0.869869	-1.658551	-2.080993	-1.171348	0.671480
-1.207790	0.303735	0.531952	-0.462556	0.170772	0.355619	1.827000	-1.529474	-1.485412	-0.888769	1.686232	-0.552644	0.175349	0.167444	-0.973474	2.103544	1.436172	-1.420265	-0.899427	0.532917	1.646036	1.440115	-0.533785	-1.472770	0.848004	1.176162	-0.000154	-2.328410	-0.125553	0.958822	-0.250606	-0.091283	1.651277	1.278069	0.358364	-0.968295	-0.992542	0.105964	-0.446545	-2.578949	-1.971853	-0.006280	0.827881	0.158179	0.549524	0.481708	0.195689	0.015321	0.203330	-0.178854
0.399524	0.542967	0.518876	0.103254	-0.722049	-0.662147	0.143359	0.003314	-1.443356	1.128750	0.509929	-1.165093	0.234056	-1.439491	0.401843	-1.491214	1.124833	1.526044	-0.789872	0.236662	-0.974775	2.496711	0.366532	-1.035807	1.800286	-0.135178	-0.876132	0.329137	-0.422852	1.008061	-0.700270	1.886588	-1.522948	-0.461774	0.522454	0.724504	-0.671087	-0.735928	-1.308423	0.912126	-1.549340	-0.487462	0.698811	-0.268300	0.185769	-0.534460	-0.188257	0.430542	0.570477	-0.334440
0.114190	-0.366899	0.551619	1.009985	0.402250	-0.504242	0.164844	-1.090997	0.614096	1.809709	-0.265095	-0.851351	0.495642	0.397912	-0.988670	0.510388	0.658368	0.911454	0.511982	-0.702574	0.693816	1.153553	0.155954	-1.266931	0.145804	1.503610	-0.002218	-2.001529	0.689189	0.617841	0.110512	0.338999	-1.089403	0.892770	-0.282856	0.295520	1.025137	0.586427	-0.411040	-1.649832	0.516422	0.436934	0.158226	-0.641233	0.459736	-0.208375	-0.505508	0.406080	0.793897	-0.885623
-1.561407	-0.324123	0.130647	1.792638	-0.740594	-0.190394	-3.181411	0.270537	0.927553	0.050285	-2.142842	-0.086042	-1.512474	-0.931352	2.379320	-2.487247	-2.562080	2.628738	1.725250	-1.355562	-1.522121	-0.188862	1.616083	0.550641	-3.048977	-2.483596	0.419267	-2.742897	-0.005802	-1.850262	-0.254712	-0.149274	-1.255702	-1.212877	-0.077820	0.619409	-0.276950	0.283605	3.230880	-2.470300	-1.078020	0.223496	0.941326	0.948647	-0.399155	-0.294853	-1.348079	0.247199	-1.845321	-0.984335
-1.947915	-1.533303	1.267450	2.781016	1.186842	1.926662	-3.281104	-0.375790	0.669933	1.387779	-0.979108	-0.589542	1.670644	-0.511240	1.099431	-0.530990	-1.862389	1.404243	1.747141	1.305447	-0.362222	1.047449	0.706653	-0.561242	-0.899934	-0.987005	1.297458	-2.155668	-0.483460	-0.303256	-0.764905	2.482005	-1.093200	1.185513	0.185611	0.367894	-0.362255	1.670053	2.387230	-3.571720	-2.048235	0.618788	2.093285	-0.276594	-0.269736	-0.280311	0.252546	2.008137	-0.950356	0.183076
0.669502	-1.471190	0.551408	-0.006066	0.473071	-0.159584	1.955000	0.369652	0.551619	0.475933	-0.874388	-0.408768	-0.510088	-0.432256	1.115882	1.356236	1.078313	-0.371812	0.200647	-0.151728	-1.272437	0.171288	-1.472495	1.297084	-0.182217	0.128428	-0.153326	-0.295654	0.093672	-0.299940	0.857341	0.044362	0.671016	0.591901	-1.692038	0.715419	1.001290	0.083971	-0.009650	-0.081272	-0.148604	3.378874	-0.405196	0.107513	0.489155	1.253340	-0.195297	-1.652024	0.236072	0.084894
-0.440295	0.903929	0.739541	-0.290955	-0.647991	-1.355295	1.399521	0.613695	-3.219242	1.357724	0.355358	-2.125581	-1.030110	-2.296673	-4.885705	1.278497	0.868854	-2.324980	0.343837	-2.698068	-1.619165	1.909759	-2.601085	-1.287318	-0.624615	2.335372	-1.131591	-3.126141	-1.037678	-0.179431	2.762058	-0.613891	0.847753	-1.219670	-1.665319	0.891405	1.318515	0.930322	-0.706154	-2.178345	-3.447012	-0.891293	-0.792037	1.209671	-1.709034	-0.690971	0.465394	-0.142751	0.393407	-1.308639
-0.590679	-0.872978	0.553068	0.552993	-0.458582	0.679626	-0.036025	1.231936	-0.044589	-0.726498	-0.147114	1.231839	-1.153349	0.477726	3.470207	-0.183778	-1.106646	0.313086	1.133451	-1.289059	-0.780826	-0.020293	-1.252136	1.463950	-1.754660	-1.969610	-0.181708	-1.190427	-0.487729	-0.398756	-0.366654	-0.891753	0.175857	-0.373437	0.187048	-1.063596	1.085417	-1.124026	1.920540	-0.373993	-1.355120	3.412080	-1.580619	0.221454	0.149597	0.851677	-0.284634	0.827602	-0.377942	3.223308
0.573413	-1.215105	0.426473	0.997197	1.657194	3.286972	-0.648569	1.093789	-1.538609	-1.292701	0.343042	1.270846	0.648521	-2.545919	2.150809	1.203768	-2.407989	-1.226635	-0.629202	2.448959	-2.594920	0.210065	-2.864235	2.579825	-2.286180	-1.586417	0.843334	1.731593	-0.558023	1.561486	1.108624	0.334799	1.538008	0.714698	1.416445	0.198018	-0.161429	0.201156	-0.386213	0.524207	-3.538472	4.320882	2.354808	3.301076	-1.208615	0.748778	-0.258781	1.038695	0.877233	1.434278
0.793691	0.247321	1.136258	-3.203158	-2.639923	-0.019754	-1.496884	-0.760401	-0.578050	0.490783	-0.002106	-1.846197	-2.160779	1.317460	-1.325754	-0.792895	-0.762525	-0.480923	-2.605662	-1.332419	1.629108	-1.412234	0.791408	-0.003256	-0.635256	-1.032404	0.042524	-2.276192	0.857242	-1.101988	1.168375	2.019064	-0.252475	-0.893146	-1.754883	0.009897	-2.033876	2.082659	1.790531	-1.467912	0.783358	-2.803416	-0.675106	1.161123	-1.186863	-1.166880	1.417685	0.352234	2.958257	-0.303813
0.433909	0.542469	-0.410189	-0.370580	0.847875	0.678483	1.437776	0.080066	0.736726	0.803520	0.297318	1.057765	1.001971	1.436244	0.047925	1.590804	0.877221	-1.503270	-0.319939	1.218940	-0.005127	-0.443933	-0.174108	0.806505	2.003250	1.846173	0.378325	1.323345	0.014684	0.694263	0.257408	-0.720654	0.268670	0.842416	0.620154	-1.331293	-0.400635	-0.197754	0.421649	0.354020	1.856224	0.300461	1.214528	1.084839	1.160165	1.303433	-0.327625	-0.055987	0.306726	0.093270
0.399882	-0.855780	-0.324289	-1.071046	1.834201	-0.381128	2.366330	-0.201930	1.349129	0.368871	0.848596	0.378427	0.247254	1.709605	-1.069365	0.788463	2.964736	-0.246809	-1.417491	1.492908	1.499513	-0.549351	-1.804199	0.816295	2.485317	1.682135	-0.514180	-1.210591	0.680885	1.252882	-0.964713	-1.195100	0.620039	1.702226	0.241282	-2.170868	-0.378500	-1.339609	-2.090513	-1.732157	1.233212	1.691971	0.837367	-0.500534	-0.314082	1.379160	-0.932704	-0.789559	1.403655	1.116042
-0.624619	2.338772	-1.881243	-1.513476	-1.173418	1.498711	-1.966646	0.745858	-1.815225	-0.325815	1.516202	0.327300	-0.792718	-1.641689	-1.966319	-2.281449	0.933001	-0.117890	-1.548565	-1.027253	-0.856759	1.530871	0.099155	2.581611	0.341058	0.310070	0.000873	2.310585	0.910274	0.337163	0.559251	-0.158855	-1.381503	-1.387415	-1.288324	1.395502	-1.111727	0.924863	0.128557	1.851810	-0.700132	0.262994	0.123832	2.440057	-0.210726	0.059041	0.167035	1.566089	-1.202967	0.152569
-0.744877	0.600168	-0.945633	-0.159862	-0.674356	-0.552296	0.164624	-0.408746	0.226321	0.370605	0.214869	-0.931702	-0.549779	-0.191838	0.570782	-2.808501	-0.593475	2.879726	-0.966517	-1.076234	0.998783	0.718981	0.177621	-1.479214	1.923242	-0.574236	0.327883	0.293584	0.842091	-0.246938	-0.729364	-0.728016	-0.651454	0.300928	-2.554401	1.087484	0.056670	1.306341	-2.174552	0.564404	0.355932	-0.100861	0.055815	-0.795401	0.731323	-0.528954	-0.568083	0.733107	-0.951767	-1.211308
-0.069308	-0.215430	-0.430942	-0.126765	1.754151	-0.845282	-0.448728	-0.097326	1.175083	-1.072963	-0.327479	-0.285694	2.931286	1.031189	-2.391635	-1.176263	0.437728	1.621255	-1.290535	0.255540	1.425005	-1.560754	1.191990	-1.400362	0.230030	1.051966	0.255047	-0.675331	0.326973	0.204869	-0.789311	0.155418	-0.924019	0.298401	-1.923570	1.001928	-0.335558	2.129427	0.290428	-1.635998	1.757721	-3.844260	1.663671	-0.206410	1.286551	-1.434668	0.556835	-0.056257	0.060195	-0.492045
-1.076109	-0.218192	0.198733	0.498583	0.863874	0.108083	0.820116	-0.976522	1.992442	0.137710	-0.161096	0.877161	2.120310	1.650305	2.782692	-0.190013	0.189582	2.222836	-1.030875	2.863892	1.260010	-0.276622	-0.083323	0.572782	2.405932	0.045963	-0.084664	-1.860986	-0.484232	-0.283053	-1.838601	2.451880	0.332979	0.805020	-1.077715	-0.740986	-0.853548	2.122841	-2.000135	-2.880336	1.225428	0.368831	0.890064	-0.288152	0.134578	1.529976	1.499583	-0.798452	0.735944	0.489286
-0.900349	1.321588	1.092538	0.234062	-1.670556	-0.213748	0.713542	0.467834	-0.711411	1.198955	0.596764	-0.724757	0.587750	-1.421700	1.436550	-0.398639	1.737025	0.294223	3.137007	-2.093198	-0.552815	0.428157	0.773903	-0.477974	0.439089	-1.320979	0.453663	-2.779222	1.329339	-1.874066	1.418745	-1.035892	0.291445	-1.996156	1.867655	-0.138145	0.871253	-1.950830	-0.842636	-0.777700	-1.355782	0.937824	-1.155842	0.660478	0.292311	-0.889286	-0.778282	-0.368187	-0.716660	-2.060112
0.104238	-0.564302	1.251220	0.181688	0.250175	-1.533391	-0.189292	0.682583	1.401006	0.182529	-0.947139	-0.235141	0.746853	1.442045	3.226142	-0.543583	-0.015191	1.190287	0.395565	-1.052705	-1.491633	-2.923838	0.764782	-0.801552	0.401499	-0.924106	-0.759257	0.654452	0.563930	-0.750217	-1.000431	0.008347	-1.628570	0.770722	-2.318777	0.401413	1.140473	0.650849	0.684159	1.407282	3.364794	-0.176719	-1.569230	-2.085600	-0.717826	0.012621	-0.454283	0.298253	2.341512	0.575101
-0.735409	1.340600	-0.394053	-0.134613	-1.266855	-0.462283	-2.429129	0.169219	1.922496	-0.196333	0.214531	0.046516	-1.757533	0.934357	-2.376893	-2.151319	-0.054124	1.591497	0.587165	0.107677	-0.553099	-1.883768	-0.411270	-0.058756	-0.844227	-0.625487	0.177009	2.345889	-1.880546	-1.453167	1.049759	0.428706	0.735574	-1.740331	-1.882154	-0.343442	-0.202802	1.146228	1.712802	1.512321	3.091188	0.863723	-0.466499	2.056159	-0.082176	1.269518	0.236654	1.018060	-1.123650	-0.779078
0.004030	-0.057431	-2.600316	-0.251478	1.732309	2.870213	-1.302966	-1.141506	-0.546354	-1.275646	0.649913	1.765710	0.549822	-1.929399	-3.258565	-1.353994	-0.441940	1.771678	-1.792204	3.381028	0.798236	1.926906	-1.278623	1.609785	-0.546232	1.497251	1.264380	-0.302746	-0.639602	1.847449	-1.495255	1.625869	0.478477	-0.001913	-0.403251	1.544912	0.310589	2.175359	-1.806173	-1.681664	-2.970948	2.597908	0.088995	0.667538	-0.813776	-0.647723	1.173293	0.605245	-0.835165	-2.307696
-1.884335	0.727730	1.857726	-0.641550	0.208828	-0.097048	-1.157837	1.039074	2.294273	0.503437	-0.944281	-0.263610	-2.029509	-1.103068	0.601666	0.521876	0.432137	1.766343	1.934888	0.313985	0.475456	-2.132617	1.548399	0.091956	-1.107036	-1.474082	1.345725	2.087425	0.104664	1.193204	0.774338	-0.757056	-1.591661	-1.000662	1.528686	0.226701	0.954842	-0.711814	2.656456	1.882563	-0.319031	0.565297	-0.235748	0.623368	0.696322	-0.672529	2.063179	2.054384	-0.637484	0.540723
0.062295	-0.002050	-1.997565	2.377882	0.721738	1.998224	-1.078194	0.837127	0.599768	1.398115	0.517131	0.828862	0.825759	0.519174	-0.103904	-0.180892	1.186553	0.377327	1.753909	1.342499	1.361937	0.208529	0.686160	0.119598	2.339634	1.559102	1.599199	2.121408	0.194338	-0.097061	-0.673880	-2.123647	0.069519	1.656937	2.234277	-0.957782	0.712442	-2.590188	-2.126623	1.812381	1.682098	0.359565	0.235124	-0.103513	1.443576	0.006705	1.021255	2.430616	-3.471980	-0.377162
-1.919436	-0.803183	0.051092	-0.461487	-0.174973	1.115434	-0.123831	-2.100296	-0.251425	-0.921911	1.586829	-1.009292	-0.790981	1.055395	-0.836154	-2.209357	1.564533	1.131916	-0.211906	0.658994	1.382095	0.923360	0.158178	-0.112441	1.764469	0.703824	0.415826	-1.841853	-0.141946	-0.598860	0.053264	1.527055	-0.249599	0.455744	-0.599773	-1.426629	-2.049201	2.402501	-0.262064	-2.108230	0.140587	0.536524	0.463410	1.293837	0.676959	0.947474	0.904075	-0.660178	-1.413386	-0.733537
-0.233409	-0.457738	1.181098	1.755946	0.354150	0.472430	0.653508	0.846405	-1.448608	-1.328409	0.857912	-0.269717	0.318785	-1.422642	1.376160	0.485864	-0.922959	-1.109251	1.476166	-0.890487	-0.676276	1.373633	-0.642533	-0.573191	-0.384018	-0.698780	0.540749	0.058359	-1.080970	0.780717	0.649997	1.651004	0.933544	0.306846	0.229103	1.228988	2.524784	2.111197	1.974432	1.533970	-1.988812	1.177385	-2.621818	-0.695604	0.288626	-0.876583	0.588583	-0.717349	-0.250376	0.852762
-1.466001	0.770658	0.138406	0.826083	-1.110772	0.463780	1.581153	0.731456	-2.346985	-0.496595	0.759463	0.497033	-1.269394	-0.993879	0.526581	1.294068	0.752997	-1.472220	1.750170	-1.578554	1.183721	2.726715	0.027985	0.352462	2.298247	0.049973	0.124954	-2.040522	0.496156	0.356922	-0.321510	1.221338	0.344860	-0.148118	2.015478	-0.870733	-0.181970	-0.855268	-2.428553	-1.092920	-1.592704	-0.203880	-0.774469	-0.949411	0.923707	0.708953	0.216883	0.192927	-2.438680	0.192538
0.796047	1.165660	-1.689157	-0.543585	-0.314187	-0.415701	2.517255	0.580773	-2.237813	0.235849	2.552378	1.245639	0.495421	-0.285613	-1.409405	-1.128322	5.297418	-0.086406	0.752973	-0.496692	-0.223453	2.606061	-0.569327	0.805173	5.073918	3.100565	-0.917942	0.106880	1.970226	-0.009026	-1.501188	-1.486149	-1.540591	0.074760	0.666081	-0.586827	0.894996	-0.703215	-3.974564	0.612736	-0.261510	0.381860	-1.107263	-0.570259	1.335308	-0.927105	-1.810751	-1.761647	-1.894761	0.893549
-1.827323	1.719425	0.814351	-0.955665	-0.385889	0.580642	-1.974346	-0.687928	0.517291	-1.433047	0.106382	0.054662	-1.757450	2.445749	0.184617	-2.344077	-1.087477	1.823645	-1.294624	-1.080288	-0.170779	-1.432903	0.942062	0.857445	0.177281	-1.259046	0.504234	-1.425254	0.043731	1.049656	-0.633005	3.093929	-0.862118	-0.579771	-2.345557	-0.273676	0.070760	2.947313	-0.933025	-0.606989	3.046267	0.460220	-1.663601	-0.438726	0.154750	0.752273	1.918302	0.929244	0.644541	-1.762518
0.193760	0.064091	0.846270	0.056072	0.342258	-0.760546	-0.398921	1.068960	-0.025413	0.255087	-0.024047	0.306536	0.075199	-0.483836	2.829787	-1.215219	-0.796864	0.111091	0.369421	0.078120	-0.283059	0.545388	-0.351117	-0.595140	0.281803	-1.505104	-0.184708	1.165321	0.490387	0.850373	0.112365	-1.467009	-0.399606	-0.828449	-0.704762	0.858375	1.738856	-0.281856	-1.410648	1.420862	-0.108901	2.080796	-1.398913	-0.968194	0.097438	0.351673	-0.815810	0.027805	0.227647	1.486714
2.141682	-0.217371	0.917180	-0.726548	-1.478707	-0.490442	0.774324	-1.146101	0.314620	0.456739	-1.480783	-1.181181	-2.030794	1.808631	0.306908	-0.581104	-0.547584	-0.003583	-0.952158	0.695635	0.612466	0.069991	1.342607	-1.104415	-0.559284	-0.558341	0.391838	1.383068	0.432423	-1.127412	0.120777	-0.791912	0.504344	-0.524704	0.261918	0.090142	-0.990358	-0.686724	0.735382	1.534275	1.839840	-1.477500	-0.821765	-0.934165	-0.506054	0.035537	0.472373	-1.403603	3.385585	-0.605120
0.289695	0.658192	1.177301	0.095147	-0.821038	-0.655169	-1.565579	0.439969	-3.546609	2.832344	-0.074154	-2.931630	-2.065149	-3.141411	2.073270	-0.966816	2.322188	-2.097445	2.049304	-3.688707	-0.216342	0.957845	2.018039	-2.983955	0.856126	0.308532	0.725497	3.272976	1.597445	0.514770	3.212235	-0.626856	-1.188129	-0.658471	0.602244	2.369071	1.923652	0.085352	-0.710105	3.926359	-2.011840	-1.723101	-0.632962	0.366229	0.755625	-3.455036	-0.150469	0.730675	0.362492	-1.618450
-1.172731	-0.046816	0.039899	-0.021624	0.120580	0.101356	-1.657340	0.560228	0.611260	2.086804	-1.400382	-0.277047	0.205372	-1.342849	-0.787644	-0.847443	-0.056063	1.575159	0.362065	-0.162693	-1.427763	-0.214167	0.918203	-0.518828	-0.222349	-0.639419	0.618356	0.545892	2.092365	0.146758	-1.141599	0.060298	0.744233	0.417857	-0.365666	1.220944	0.524786	1.908342	1.345811	0.294717	-1.189444	-0.601802	0.162482	-0.780705	-0.126460	-1.181753	-0.481917	1.599527	-0.771805	-1.064445
0.696002	0.032957	-0.993621	-0.172971	0.040957	1.957468	1.926974	0.413614	-2.361937	0.201903	1.472153	1.911302	1.040257	-0.750449	-0.539323	0.653761	0.076898	-3.797194	-0.369125	1.379760	1.324491	3.264708	-0.209907	0.561700	1.553458	-0.277305	0.985524	0.676286	1.226400	0.162552	-0.584503	1.314060	0.663671	-0.088707	1.240273	-0.010162	-0.718321	1.583900	-2.316976	-0.004211	-1.949473	1.063117	0.784032	-0.281626	0.973470	-0.961152	0.890993	-1.077512	-1.557673	1.846966
-0.585823	1.283014	-0.750112	-0.674494	-0.074484	1.016952	1.541748	-0.058116	-0.524181	-1.987566	0.444148	1.269036	1.082154	-0.148682	-0.488774	1.219168	-0.902784	-1.491671	-0.453370	0.560677	0.323990	0.236095	1.139238	0.063380	0.124654	-0.726855	0.719821	-2.461785	0.159383	-0.204272	0.123063	0.953014	0.231514	-1.855621	-1.066653	1.390636	-0.012579	2.237834	0.065859	-1.458302	-1.065421	-1.284295	-0.679214	-0.402773	0.372823	-0.374538	1.248940	1.104540	-1.270889	-0.127736
0.950818	-0.055212	-1.617580	-1.187128	2.012142	0.053765	0.288044	0.262536	1.220588	-2.076838	0.612373	1.502588	2.545279	1.575903	-1.707653	0.253830	1.886966	2.035686	-2.103743	3.254985	0.456543	-1.175952	-0.584510	0.911853	0.107380	2.585044	-0.545955	-0.303951	0.466379	1.127520	-2.675730	-0.131623	-0.392577	1.357105	-1.032476	-0.294811	0.093506	0.716796	-0.630382	-0.723666	1.737337	0.528217	-1.032134	-1.837404	-0.389609	0.640479	-0.491555	-1.068032	0.649186	1.261159
-1.656952	0.369200	-0.101710	0.906235	1.752666	1.164965	-1.689488	-0.679596	0.533618	-0.344417	0.143846	0.917857	1.097185	-1.175458	1.029083	-0.277263	0.719136	0.514206	0.721441	2.089232	1.102322	0.995011	0.934844	-0.107083	-0.454233	0.331063	0.465204	0.431803	1.003390	1.666551	-0.101882	0.101819	-0.532574	0.480541	2.063333	-0.047707	0.108327	-0.807396	-0.374430	-0.734644	-1.951292	-0.128783	1.907177	1.610648	-0.068984	-0.372485	0.133860	1.711365	-1.450795	0.279780
-2.289388	0.108289	-0.939816	0.278380	0.820911	1.093630	0.644835	1.326384	0.323694	-1.954797	1.047700	2.355982	0.747129	0.110711	1.771436	0.706411	-0.758323	1.356529	-0.044540	2.726531	0.286234	1.659912	-0.600718	1.697561	0.904440	-1.184928	0.151046	0.108212	0.448945	0.334105	-2.287848	0.447506	-0.713821	0.194405	0.117118	-0.710575	-1.095743	0.391681	-1.940815	0.072629	0.152765	1.130426	-0.179504	0.348218	-0.360948	1.495750	-0.074526	0.909182	-2.833841	2.029799
-1.805881	2.458654	0.248472	-1.603691	-0.077209	0.569600	-1.233724	-0.127300	1.784603	-0.809190	0.816935	0.725337	-1.073963	3.717440	-3.950630	0.444528	2.712252	1.047425	1.381006	1.102045	4.256794	-0.263235	-0.707250	-0.236085	1.339695	2.103218	1.682944	-0.290332	1.095118	0.263528	0.092504	1.306491	0.739887	-2.251662	0.724312	-3.346824	0.012710	0.716961	-0.599818	0.714162	2.534710	-0.248125	-1.232540	0.527361	0.922781	0.563862	2.393470	2.243837	-1.058728	2.547458
-0.685821	-1.111409	-0.439079	0.913365	1.736569	1.716826	-0.430987	-0.804256	-1.247334	-0.132382	0.478812	-0.329803	2.717815	-2.036721	-3.068394	-0.167459	0.144666	-0.662648	-0.512354	1.686598	-1.189679	0.385486	-1.104577	-0.582014	-0.429933	1.060823	0.514525	2.737303	0.479131	2.306186	-0.912903	-0.375803	0.032200	2.385336	-0.877066	1.447814	1.177608	0.944374	0.984652	1.542347	-2.261365	0.444702	0.778996	-1.366800	1.433536	-0.902691	-0.799905	1.103956	-0.494923	0.480485
-0.436589	-1.833723	0.674551	-0.317184	-0.066592	-0.172836	0.666726	0.519375	2.292619	-1.773112	0.711504	0.582062	-0.005373	1.405485	3.284353	1.324043	0.171800	-0.321551	0.233296	1.641985	-1.072871	-2.009006	-1.660265	1.584682	-0.748823	-0.213916	-1.155214	-0.812752	0.727934	-0.805717	0.047822	0.012437	1.016221	1.134192	0.104182	-1.887722	-0.776967	0.315376	3.091545	-0.257344	2.206062	0.583941	-1.046884	0.751847	-1.198612	2.614812	-2.709304	-0.047445	0.937823	0.859028
0.451924	0.294335	1.962469	-0.583863	-1.262642	-0.756845	-0.574865	0.962388	-0.232914	-0.031899	-0.681994	-0.062315	-0.704813	0.110946	2.848056	-0.366269	-1.727509	0.134409	-0.403656	-1.745702	-0.296790	-1.770860	0.708277	-0.872521	-1.887929	-3.162908	0.448642	0.038902	-0.613102	-1.024309	1.404559	0.893601	0.446895	-1.638443	-1.766843	0.974761	0.447871	0.073335	3.028605	0.739226	0.020355	-0.371790	-1.266451	0.906793	-0.992337	-0.665321	1.322312	-0.118655	2.874136	1.047238
0.181634	-0.404412	-1.189487	-0.774628	1.565652	1.478633	-2.463183	-0.362411	-1.633465	-1.207534	0.332143	0.074750	-0.940637	-1.647840	2.750967	-3.376702	0.245169	1.223943	-2.336722	2.300979	-1.600573	1.265565	0.357115	0.015488	0.581159	-1.016469	0.737453	1.307237	1.109874	2.020997	-1.352867	0.933793	-0.897584	0.647255	-1.886017	2.190401	0.028940	3.178145	-1.029004	-0.123021	-1.339725	1.148208	0.701770	-1.020182	1.306198	-0.887175	0.470793	0.935990	-0.123927	-1.445911
-0.025848	0.014856	1.429811	1.675851	0.456703	1.747408	0.771668	-0.745999	-0.207022	0.397787	-0.186752	-1.617410	1.882679	0.401530	-0.400179	1.945720	-1.337585	-0.017283	0.391334	-0.929174	3.093114	-0.021231	-0.300936	-0.357150	1.128126	-0.036941	1.262231	-1.246237	-0.779990	0.138596	1.115970	-2.248553	0.969044	-0.044732	0.009950	-0.568281	-0.480342	-0.592978	-0.542446	-0.795565	-0.019006	0.195070	0.010867	-0.054453	1.244843	0.102406	0.361136	0.376067	1.679500	-1.251539
2.084088	3.027800	1.600326	-3.386449	-3.291724	-1.854899	0.845716	0.413530	-1.256969	1.122205	-0.006139	-0.874647	-4.765838	0.240906	1.688137	0.470709	-0.223521	0.442938	-0.306774	-2.491701	1.185700	-0.758042	1.187045	-0.714005	0.423460	-1.286384	-0.055627	1.719167	-0.498243	-0.812175	2.979092	-0.522544	0.388548	-3.743638	0.358563	0.669977	0.118347	-1.256450	-0.533969	1.964882	1.667216	-1.338085	-1.011155	2.904222	-1.184246	-0.180248	-0.534989	-0.126720	2.755695	-0.429138
0.777027	0.028663	0.776893	3.922200	-0.665235	-0.811322	1.018384	1.524772	-4.098918	1.954721	0.207709	-2.451027	1.179918	-4.476438	-0.221239	1.052358	-0.481833	-3.969918	4.048751	-4.569810	-3.441727	3.219889	-0.186195	-1.423555	0.756082	0.022720	-1.179461	1.293531	0.541989	-0.183911	1.505491	-1.276655	1.038385	0.320359	1.007551	2.710336	2.879315	-1.198489	0.659484	3.358325	-3.655011	0.144434	-1.447012	-2.913166	1.422200	-1.219575	-2.516981	-0.578732	-2.671032	-1.066321
-0.417345	1.283562	1.020055	-0.303001	-2.676890	-1.469349	0.750224	-1.222481	-1.328725	2.116583	-1.106825	-2.109626	-0.778563	-0.240557	-0.113044	-0.053891	0.177110	-0.710620	1.659989	-3.023178	-0.121375	0.491315	0.142379	-1.372410	-0.356981	-0.068523	-0.848794	-1.263192	0.399720	-1.513281	0.815432	-0.439538	-0.468784	-2.919028	1.226768	-0.982390	-0.675365	-0.035529	1.098474	0.825746	-0.387418	-0.687497	-0.753479	-1.869315	-0.379911	-0.043057	-0.866054	-1.428542	-0.454879	-1.900626
-0.744054	-0.679714	-1.312204	2.046083	0.922864	-0.617259	-0.503089	1.277945	-0.142257	-1.014065	0.471773	-0.322379	1.401548	-0.119230	-0.869751	-1.523526	0.246795	1.150168	0.640535	0.725013	-0.747527	-0.157861	1.144258	0.906373	0.060442	1.043459	-1.196227	-1.476103	-0.841599	0.719869	-0.584820	-3.086056	-1.605587	1.155321	0.667312	-0.357327	-0.219447	-0.240678	-0.097735	-1.424525	0.550448	-1.868523	0.698048	0.021354	-0.755997	-0.132366	-2.727652	-0.239966	-1.589229	0.968681
0.422637	0.651568	0.397041	-1.640481	-0.162798	0.165555	-1.253498	-1.463119	-1.414810	-0.877869	-0.186197	-0.696106	-0.135423	-0.205035	1.923585	-0.305029	-1.647575	-0.368094	-2.223804	-1.541312	-1.104228	-0.177047	-0.274982	0.327602	-2.083672	-0.148918	-0.373994	-0.754033	-0.505129	-0.030897	0.360108	0.694675	1.282706	-1.843731	-1.081729	0.093219	-1.989877	2.823027	2.505747	-0.686519	-1.759289	-0.186154	-0.116206	0.655738	-1.330369	0.333579	-0.444324	-0.750833	1.743630	-0.299916
0.161533	-0.551480	-1.923923	0.799200	0.456311	1.239653	-1.813867	-0.108332	-0.984293	1.454146	-0.927674	0.556502	1.487164	-0.960084	1.168639	-2.068480	-0.686075	0.628671	-0.565006	-0.028048	0.424848	0.361218	-0.477369	-0.064629	-1.232974	0.100811	0.517391	-1.545904	0.799575	0.599522	-1.585038	-2.136857	1.166932	1.035550	-0.232476	0.168929	-0.061624	-0.628657	0.557560	-2.014067	-2.648039	0.115837	0.672044	-0.643573	-0.537592	-1.536928	0.135303	0.147434	-1.320684	0.275465
0.373111	0.526720	-2.459875	-0.826888	1.426145	1.095091	-1.241240	0.397000	0.909321	-0.998190	1.968251	0.684489	-0.315607	-1.020680	-2.751791	-2.142008	1.510110	2.442974	-0.695386	1.235843	0.695882	0.009818	-0.584444	0.230347	1.988706	2.324608	0.784245	-0.024153	1.757161	0.235888	-0.377711	1.429678	0.160131	0.222065	-0.229235	0.990670	0.238100	0.848759	-4.168328	-1.071106	0.573554	-0.430264	0.852880	1.417394	-0.444836	-1.057458	-0.739929	-0.204157	-1.307147	-2.100204
-0.498042	-1.601924	-1.428795	1.249599	1.021654	1.484134	0.803374	-0.600104	0.804063	-1.234461	-0.324438	1.697363	2.466810	0.281770	1.108572	0.866430	-0.092105	0.966733	-0.132742	2.618325	1.424029	0.792181	0.941243	1.183709	0.444442	-0.292541	0.584353	-0.740855	0.858980	-0.481840	-2.725286	0.020550	-1.235385	1.690713	0.730796	-0.157762	-0.300491	-1.037908	-1.574405	-0.588948	-0.034637	0.611720	-0.292253	-1.426899	1.240056	0.505769	-0.696509	-0.200657	-2.011879	0.653192
-0.176946	1.133951	0.283266	-0.206400	-0.105565	0.679058	2.932273	0.093186	-1.677776	0.324690	1.285635	-0.274615	1.506680	-0.281046	-2.190098	3.439524	3.325576	-3.024063	1.391667	0.554674	-0.880908	1.556600	0.084660	0.775894	1.642999	2.498525	0.097601	-0.368779	0.234453	0.349814	0.823837	1.357899	-0.017937	-0.459221	0.942813	-0.554714	0.422301	-0.699583	-0.829669	0.119236	-0.915281	0.921868	0.005436	-0.876304	0.256854	0.470757	1.004729	-0.269990	0.410795	1.073590
0.285747	-0.380335	1.341967	1.285940	-0.979815	0.480290	0.247670	1.121600	-2.132984	0.022128	-1.083786	-0.272362	0.093681	-2.957819	1.150654	2.939506	-2.516991	-2.689213	1.714220	-2.017876	-1.632390	0.460161	-1.307875	-0.301321	-2.235494	-1.301119	0.303636	0.488045	0.454573	-0.838624	0.587244	0.320821	0.449243	-0.493399	0.523795	1.687627	1.497095	-1.748002	1.924238	2.637275	-2.974067	1.418850	-1.436303	-1.028100	-0.466740	-0.167308	-0.771289	0.355930	-0.086996	-0.413902
-1.393595	3.039239	0.258240	-1.516919	-3.599426	0.272373	0.966002	0.174207	-2.646995	-0.039745	0.929673	-0.842162	-0.449790	-0.501881	3.727964	-0.226532	3.984080	-1.824141	2.303458	-2.544822	-0.948989	2.130277	1.636136	0.181306	1.599015	-0.197907	0.682918	-4.027700	2.079769	-2.631320	0.922829	-1.618489	0.015216	-3.756388	0.972340	-0.508145	-0.736416	-0.271948	1.188306	-1.333059	-1.733869	-1.032957	-2.792729	-0.454498	1.120309	-0.889916	0.163166	-0.767337	-2.786898	-0.889760
-1.725687	-1.785759	0.093489	1.309634	1.111523	0.768517	-1.187684	0.472809	2.462088	0.988869	-0.894727	-0.607315	2.040012	0.039394	1.530305	-0.398604	0.774341	1.737484	1.717079	1.547434	1.831884	-0.927481	1.776707	-0.759684	-0.188189	-0.062001	1.534352	-0.486945	1.947150	-0.104479	-1.436037	2.121122	-0.744063	1.695206	-0.208662	0.740293	0.966704	1.231442	-0.398398	-0.856440	1.156652	-0.600661	0.099960	-2.302222	2.239548	-1.003236	0.737651	0.993694	-1.913308	-0.904114
-0.917558	-0.685922	3.167332	0.501098	-0.079151	0.051750	-0.552939	0.356781	1.735477	0.088163	-2.215132	-1.281215	0.228029	1.749684	-2.643988	2.486169	-2.939426	0.310435	1.429519	-2.377066	0.051138	-2.291611	-0.614877	-1.001956	-3.033265	-0.472892	1.305396	-0.673508	-1.591859	-0.969843	1.637551	2.415563	1.074552	-1.177908	-0.565241	-1.125103	0.949372	1.738831	2.510293	1.159548	1.135105	0.068380	-1.696913	0.013516	0.863238	-0.081171	1.466275	1.170603	2.340755	0.904231
