X34	X7	X26	X49	X42	X5	X13	X36	X16	X31	X38	X23	X40	X39	X6	X2	X48	X29	X3	X44	X46	X41	X4	X37	X21	X10	X50	X24	X8	X19	X14	X43	X18	X15	X27	X9	X45	X20	X33	X35	X28	X12	X22	X17	X30	X32	X25	X47	X11	X1
-0.017744	1.768174	2.165859	-1.342384	0.209188	0.112840	0.776676	1.326287	0.100539	-1.834639	0.119996	2.369373	-2.034983	-0.050462	1.887360	-0.794182	1.247465	-0.794273	-0.773248	-0.749758	2.959418	3.056957	-1.080035	0.994401	-2.049010	-1.449995	0.353817	-0.035629	-2.211092	3.675020	2.706420	1.677992	-2.048411	-1.563820	-0.870709	-1.047192	1.050015	-0.494423	-1.003189	-0.066019	2.157507	0.240463	-0.435099	0.837000	-0.214818	0.835445	-0.068679	1.286236	0.742406	-1.045664
-1.738552	-0.986498	-1.920318	0.125564	-0.040398	2.382159	-3.206905	-1.311506	0.184787	-1.051879	-1.461252	0.064132	-0.157394	-1.326529	-1.539901	3.064499	1.232845	-0.056583	0.977597	0.111519	-2.182523	0.405866	-0.647232	0.948190	0.047205	-2.334744	-0.190737	-1.658512	0.224782	-2.659781	-1.955803	-1.388212	2.962281	0.216679	-0.333536	1.035495	0.543260	0.930976	-1.705928	-0.910971	-3.640418	1.027680	1.208919	0.188561	0.288957	0.816775	0.695303	-3.233272	-1.998344	0.098664
-0.464381	-1.489584	-0.983153	0.295329	1.402442	-0.682995	-1.138836	-2.615759	-0.624368	-0.600352	0.212637	-0.751819	-0.441962	1.886704	0.004994	1.108273	-0.483668	-0.775603	2.028422	0.638976	0.299188	-0.861577	0.855699	0.292322	-2.601463	0.956511	1.081548	-1.200503	-0.772050	-1.815484	-0.518089	-0.897668	1.406977	0.984935	0.575114	-4.366953	-0.818004	0.618816	0.394092	0.381212	-0.603638	1.631034	-0.596553	0.593394	-2.196939	-0.967211	0.351266	-1.521875	0.328015	1.378364
-0.091944	0.638207	0.667985	1.236767	2.666923	-0.012268	-0.382769	-2.072699	2.551863	-0.055849	0.928861	-1.352388	-1.436504	1.470768	-0.534106	-0.507000	-2.131053	-1.146122	-1.248658	-1.642234	-0.770976	-0.396265	-0.414653	-0.838726	-1.798166	0.569953	2.227832	0.472105	0.106727	-1.895615	-0.178711	-2.261079	2.318636	-0.760397	-1.134702	-1.903654	0.204767	0.560849	1.070487	-0.626325	-1.708915	-0.302439	-0.357315	-1.024773	0.798802	1.311219	0.031455	-0.853133	-0.053844	0.328557
0.106650	0.785474	0.240939	0.457934	1.752131	0.244404	3.316536	1.365418	-1.298290	0.337663	1.969147	0.175808	0.171983	2.310313	0.201694	-0.463347	-1.697413	0.019739	0.688829	-2.138155	-1.227796	-1.515435	0.892947	-1.173179	-0.910875	-2.214025	-0.501039	1.262147	-0.140791	-2.272627	-1.702080	-0.177472	-1.416654	-2.581173	-0.309207	-0.569975	0.697414	3.075601	1.062416	-0.546851	0.620747	1.326259	0.073983	-0.627787	-3.553754	-1.176235	-1.031224	2.294673	0.450279	-0.343174
-1.647887	0.250004	2.709546	-1.227666	1.181507	-0.951322	3.163023	2.772359	2.069916	1.534774	0.687635	1.452958	-0.935991	1.564021	1.292959	-0.581887	2.738963	-0.989873	1.946075	0.171739	1.205130	0.556579	-0.854358	1.146593	-0.297598	0.310320	-0.170895	0.538071	1.132675	3.660490	2.374662	0.500108	0.025433	-1.938156	-0.786982	0.178467	1.049461	2.511983	-0.679193	-1.492299	-0.517051	0.064712	0.956388	2.546315	-3.326007	0.608618	-0.818759	1.344796	1.673181	0.645168
-1.295990	-2.224859	-2.323245	0.233730	3.414044	-0.734718	2.505989	0.455294	-1.297429	1.027714	-0.369828	-0.519107	-0.570570	2.294768	1.526115	0.582189	0.634117	-0.180675	0.228063	-0.301604	1.499987	0.741996	0.346256	0.904928	-1.162150	-1.357128	3.278930	-1.064249	0.822792	-3.614997	-1.269380	-3.159704	0.962199	-2.088088	-2.525775	-1.709436	0.581171	2.204099	0.850068	-1.655350	-0.974546	0.992047	0.619353	0.119764	-2.278581	0.662894	0.662294	-2.269337	1.300750	1.619924
2.087898	-0.268255	1.641429	-1.541079	0.035569	-0.232422	2.730462	1.005222	-2.871704	0.810365	0.970278	2.131225	-1.556480	1.003924	1.637256	-0.042324	-3.429926	-2.686531	-0.048719	0.455675	2.869348	0.796694	2.449107	-2.915942	-1.559169	2.182576	0.858978	-2.122999	-0.520027	1.760039	1.935647	0.599763	-0.681469	-0.608994	0.533271	-0.879715	-2.146082	0.516143	1.038939	-1.024546	1.354079	-1.568315	-1.244578	0.475872	-1.077501	-1.860577	-0.816940	1.790054	2.614407	-0.268905
-1.660954	2.227583	-1.020011	0.981561	-0.926411	2.149818	-1.300219	-0.104944	-1.168909	-0.286950	-0.682410	1.259495	2.573029	-4.290439	-0.167516	1.259678	-0.787832	0.769640	0.991824	-2.074799	-2.194915	-0.752397	-3.701522	-1.393786	-0.731435	0.471350	-2.101242	1.635889	0.556093	-2.372368	-0.903480	0.543878	-0.343476	0.233576	-0.823543	0.422469	-0.469463	-1.230635	-2.669235	-1.124803	1.763772	0.694413	2.906387	-0.852015	-1.178187	-0.819611	-1.637740	0.551136	-0.770647	-2.323122
0.357424	0.319205	0.108884	-0.082104	-0.954212	0.795215	1.265024	-0.079043	0.086903	-0.297618	0.601258	-0.188470	-0.009985	-0.722730	-0.061706	0.766833	0.151204	-0.511112	-0.848651	0.187674	0.947760	0.388683	0.331381	0.575281	-0.609595	0.110864	0.676201	-3.097516	0.668850	-0.517626	0.041674	-0.308013	1.275715	-0.402848	-0.813623	0.183314	0.466997	-1.241290	-0.615213	-0.944333	-0.799406	-1.300241	0.068624	0.254194	-0.610759	0.399105	1.034985	-0.392802	-0.505242	-1.151042
0.346589	1.613026	0.363946	1.482497	-1.485828	0.320973	-1.385209	-1.144852	-1.486634	-0.974012	0.249456	-1.444117	-0.605969	-0.635695	-0.878358	1.283724	-1.432648	-0.017432	-0.020136	-0.056689	-1.415310	-2.131048	-0.602794	-0.775794	1.319049	-0.717113	-1.675405	0.812288	0.312959	-0.446197	-0.410225	1.636303	0.782363	0.663339	0.136774	0.868165	0.015403	-0.152688	0.782324	1.855180	-0.089183	-0.213241	0.608021	-1.036366	0.019898	0.766075	1.482234	-0.223876	-2.070844	0.018178
-3.472821	-0.226393	-0.058078	1.251278	-0.590046	1.054340	-1.134593	-1.116498	0.438511	-0.498806	-0.747650	-0.958886	0.706468	-0.372933	-0.463927	1.973217	1.464274	-0.116245	0.308107	1.553663	-0.757348	0.201663	-3.649823	0.561879	-0.151377	1.896752	-2.463503	-1.690814	0.301034	1.229213	0.908332	0.312487	1.173000	0.880596	-0.599348	-0.005183	-0.577289	0.099170	-2.946684	0.211065	-0.535402	1.073457	2.368027	-0.237324	-0.459753	-0.380980	0.994990	-1.959208	-0.997392	0.327790
-0.425514	0.336921	2.422780	-0.437354	-0.314057	-0.183349	1.297682	0.699400	2.282373	0.306981	1.022072	-0.194909	0.880007	-0.262679	-0.160587	-1.245202	-1.560109	0.237501	1.220516	-0.643222	-0.669145	-0.046755	-0.073804	-1.409962	-0.369363	1.605846	-0.319631	1.897481	-0.951253	0.754900	0.726391	0.280150	-1.395837	-0.922295	2.009459	0.198822	0.786170	2.663788	0.301548	0.233985	1.091278	-0.786150	1.014168	-0.624743	-1.553632	0.901354	-0.817119	0.665928	0.311356	0.099036
-0.878752	1.986192	-0.844524	1.235299	-2.072032	0.207611	-2.378252	-0.652857	-0.663448	-1.223915	-0.999181	-0.794648	1.420132	-0.281780	-0.512347	0.109682	0.832435	1.289830	-1.009852	1.135669	-1.070231	-0.703276	0.650344	-0.196338	0.943681	-0.998304	-1.797983	-0.601557	-1.718540	-0.589559	-0.079523	1.464082	-0.000194	0.071242	-2.436957	1.338064	-0.807884	0.495101	0.169782	0.452659	-0.018675	-0.639027	-0.605132	-0.396512	0.159445	-0.868571	0.059996	-0.061510	-1.062798	0.155847
0.937794	2.430535	0.493899	-2.018587	-2.150622	-0.169108	0.260996	-0.731068	0.418678	-1.147406	-0.177620	2.360110	-1.501961	-3.255940	1.238050	-1.900112	-2.600685	-0.996192	-0.899923	0.303070	2.310815	1.153648	-0.033973	-0.806873	-2.483076	-1.310984	0.973915	-2.237131	1.010431	1.537530	-0.439609	2.181436	0.627738	-0.604330	1.300398	-1.259330	-1.055133	0.159484	-0.085469	-1.042404	-0.641176	-3.058921	0.113600	-1.442458	-2.239800	-0.647919	1.947973	0.260243	1.278241	-1.771733
0.501045	-0.716078	1.643056	0.860192	-2.766531	0.489714	-0.258830	0.072582	-1.733731	0.139951	0.881438	-0.489724	2.031769	-2.834222	-0.827851	-1.081871	-1.268573	1.833069	-2.452878	1.220409	-0.177726	0.584824	-1.782851	-2.076776	1.438017	0.884618	-1.312302	-2.688406	0.943486	1.666270	0.273022	0.249984	-0.312545	0.514428	0.699375	1.076598	-0.847800	-1.622307	-1.548742	-1.046472	1.205646	-2.519498	0.549781	-0.040734	2.045671	-1.270964	-0.538404	-0.156912	-0.750808	-1.603288
0.689789	-0.354985	-1.043075	1.884879	-0.416266	1.126864	2.567719	0.000441	-0.807352	0.573204	1.227256	0.207532	-0.310655	0.095175	1.263591	0.324037	0.134964	0.596292	-0.961253	0.695463	1.272675	0.706903	-0.446414	1.119510	0.048067	1.162764	1.245472	0.495635	1.244816	0.161377	0.372377	-0.481838	1.267436	-0.670972	-3.024283	0.736414	1.226286	-1.500798	-0.439833	-0.620440	0.059374	1.543874	0.228799	-0.835940	2.289003	0.569946	0.401195	-0.350191	1.031152	0.291137
-0.754666	0.217375	1.579367	1.381139	0.357164	0.023952	0.572733	-0.396356	-0.757462	-1.045028	0.594953	-0.935818	-0.027031	-0.024103	0.228620	0.117186	-1.726488	1.886583	-0.168759	-1.260265	0.281795	-0.084429	-2.580055	-1.314914	0.033091	-0.005193	-0.395122	-0.661590	-1.116270	1.338114	1.414713	-0.301977	-0.162965	0.486109	0.936507	0.126541	-0.742133	0.395434	-0.387447	-1.323352	0.308644	0.742506	1.482566	-1.555884	-0.073307	-1.663985	0.391944	0.733912	1.666685	-1.020831
-0.689468	-1.723161	-2.131136	-0.077344	0.933219	-0.037409	-0.658635	0.518054	1.081182	-0.300317	-1.353737	-2.117320	1.310984	1.805042	0.884877	0.573617	1.209040	-0.145595	1.174286	0.421265	1.361059	1.955486	0.781566	0.394149	0.621576	1.090713	1.934846	-2.435113	-0.588274	-2.592148	-1.285072	-1.753271	-0.856874	0.576141	-1.139689	-0.007940	1.162165	1.773153	-1.093165	0.252114	0.482283	0.645191	-0.254274	1.095246	-0.364128	1.017996	-1.194095	-0.780752	-0.912440	0.595545
-1.120694	-1.267433	-0.681738	2.535000	2.892849	0.497223	0.504150	-1.096365	0.144998	1.727698	0.144252	-1.912380	2.584775	3.381964	-0.646733	1.278008	0.154718	1.208313	1.319536	1.435355	0.022482	1.165126	1.408946	-0.154287	-0.406974	-0.425800	-0.115934	-4.351385	0.823292	0.737345	0.819000	-1.218752	2.080032	-1.971307	-1.491994	-1.162786	1.413779	1.945458	-0.940655	0.030833	-1.015906	0.050150	-0.606876	0.466227	-2.228622	-0.354036	0.023824	-1.836772	-1.544570	2.483797
0.580003	1.958781	0.512816	1.450329	-1.025177	0.804069	-1.400956	-0.433902	-4.400883	0.225343	-0.342575	-0.610755	1.188899	-1.844246	-1.645111	1.028569	-0.478421	0.748543	-1.933144	-1.238903	-1.536728	-1.433680	-1.114835	-1.531853	3.567187	2.811060	-3.865183	-0.466165	-0.697763	0.937179	0.707096	1.805179	-0.266774	2.259240	-0.186812	3.251868	-1.806489	-1.332115	-0.913179	2.054541	2.105545	-0.270672	-0.301895	-0.413366	3.732309	-2.333200	-2.527335	-0.635915	-1.831193	-2.077438
-0.123984	-0.797163	-0.924235	-0.093305	0.212340	1.030296	0.172362	-0.025659	0.820263	1.565135	-0.839769	-0.324947	1.116125	1.049698	-2.269565	0.691194	-0.552468	0.029337	-0.743083	-1.306183	-2.581929	-0.795995	0.353988	-0.608384	-2.687575	0.550257	-2.853409	-0.735775	1.704838	-0.546756	-0.634575	0.706321	-0.059943	-0.895382	0.580710	-2.058669	0.692422	0.050009	-0.833072	2.696692	0.131781	-0.562645	-0.289115	0.941921	-1.375548	0.324102	-1.025699	-0.775498	-0.909122	-0.602249
-0.346811	-0.064727	-1.294507	0.894067	2.544194	-0.432768	-1.565457	-1.689015	1.052821	-1.319918	-0.805202	0.421902	-0.839786	1.966491	0.904301	-0.178689	-1.813779	-0.541581	2.419510	1.105795	1.182079	-0.456673	0.797497	-1.147806	0.101883	0.865889	2.810122	-1.345675	-1.501653	-0.243459	0.019770	-1.948511	0.681202	0.556535	0.082413	-0.821955	-0.878285	1.331905	1.425932	-1.564518	-0.526995	0.403094	-0.025690	-0.578272	0.393350	0.028972	2.253698	0.809541	-0.975539	2.011988
-2.908755	-1.119570	1.099266	0.480936	0.286259	0.904998	-0.561510	-0.425939	-1.123024	0.645681	-0.147402	-1.271382	-0.653703	0.696768	-0.918289	-0.287861	1.846549	0.855229	1.045157	0.537054	-1.139200	-0.667038	-3.428751	-0.371407	0.879774	0.314843	-1.831010	-1.362356	1.873732	0.777484	0.719106	-0.409249	2.164072	1.712256	1.188884	0.503581	-0.821323	-0.590908	-3.396389	0.590537	-0.454073	1.023130	1.737732	1.403988	1.303631	-0.917004	0.616866	-0.372725	-1.341236	0.141949
-0.601012	-0.740825	0.496197	-1.019344	0.738941	1.246330	-1.345251	-0.252168	-2.969586	-0.186457	-0.698281	-0.327151	-2.700218	1.750077	0.643431	1.971034	-0.973746	-2.041595	0.858005	-0.502679	1.074583	0.850987	0.963128	-2.094656	-0.424696	-1.519657	1.358611	0.557115	0.197767	-2.015858	-1.383362	-1.440121	0.841383	1.024168	0.295931	-1.975470	-0.888714	-0.736728	-0.809741	-1.159078	-0.155397	-0.702406	0.073279	1.463496	0.511064	0.007851	0.951657	0.499985	-1.059115	1.136251
0.875040	-1.342602	0.889781	1.139430	0.275448	0.309263	0.201058	-0.749132	-0.452741	0.087489	1.409750	-0.300858	-0.859051	0.346153	-0.101060	0.731673	-1.137473	-0.274550	0.349363	-1.645180	-0.955266	-0.602587	0.601575	0.308002	1.749773	-0.867809	0.379212	2.513657	-0.247364	0.324583	0.411040	-0.290460	1.408922	-0.700524	-0.816640	2.663006	-0.973771	0.781752	1.837821	1.115041	-1.263852	-0.171651	0.177833	-2.534131	2.335282	-0.295696	0.221487	-0.796556	-0.251551	-0.274078
1.338245	0.471848	-0.600856	-0.702797	-0.777888	1.162671	-3.349658	-2.212526	1.068004	-0.978356	-1.528348	-0.633795	0.034012	-2.407782	-0.441214	0.546115	-2.049349	-0.889014	-1.598951	-0.580835	-0.507225	0.924837	0.025711	-1.935581	0.657061	0.337895	1.263049	0.328288	-0.237589	-1.294785	-0.369782	-1.018631	-0.093789	2.980387	1.662449	-0.068959	-1.984222	-3.069654	-0.124368	-0.510109	0.227517	0.040508	-0.819402	-1.435011	3.197051	-0.123218	-0.480594	-1.548063	-2.158101	-0.938774
-0.894948	0.218627	2.591930	0.564868	1.614521	-0.366047	3.414873	1.645637	2.721690	0.119126	1.669438	-0.533867	1.764572	1.756485	0.708490	-2.886866	0.713578	1.089975	-0.021120	-1.085410	0.102944	1.263434	0.222735	0.509272	-0.328534	1.256082	-0.408105	-0.330358	-2.793882	2.606696	-0.312554	-0.980675	-2.493366	-0.920284	0.843804	0.886333	3.224933	1.824622	-0.193145	-2.241382	0.841115	1.434072	0.794254	-0.152945	-1.087678	1.951293	-2.240375	1.759054	1.249386	-0.217591
1.363464	0.392726	1.270426	0.631289	2.612530	-0.449555	0.674339	-1.502416	0.186549	-0.259109	0.356076	-0.810338	-0.113935	2.762844	0.468022	-0.257610	-0.889621	-0.229985	-0.657657	0.183021	1.564318	2.206252	1.010372	0.618611	-1.856691	1.400804	2.403641	1.181472	-1.262489	0.219728	-0.908623	-1.370611	2.333058	0.633624	-0.054965	-2.904893	1.157125	-0.798511	0.605765	-0.288982	-1.191085	1.970390	-1.635886	1.151708	-0.212355	0.963176	1.007409	-1.333889	1.717851	1.762865
-0.198581	-0.419611	0.465711	0.105315	1.438135	-0.473736	2.865040	2.294111	0.111634	1.255539	0.692533	1.354849	1.203274	1.262882	0.101355	-0.809435	1.950720	0.075626	-1.808040	-1.261099	-0.498440	0.484607	-0.815610	1.688824	-0.247125	0.735120	-2.213558	1.760576	-1.068844	1.805010	-0.442825	0.974051	-1.970447	-0.723588	-0.349649	0.471938	0.780315	-0.087286	0.360456	2.333163	0.710137	-1.084348	0.814745	0.418290	-0.369162	0.578471	-3.049303	-0.028717	1.589506	-0.251778
0.922069	-0.107076	1.828162	-0.655921	-1.546892	0.558945	-1.170925	-0.802327	-1.390990	-0.347826	-0.582463	-1.058129	-0.057263	-1.163619	0.584418	-0.549568	-1.251724	0.002684	-1.008047	0.291826	0.826229	0.554223	0.464047	-1.106729	-0.360486	-0.348650	-0.340190	-0.703809	0.542188	2.240082	1.470750	0.488837	-0.747380	0.863596	2.945724	-0.503932	-2.242708	-1.752558	0.386069	-1.125232	1.614208	-0.814690	-0.900494	-0.398459	-0.050314	-1.239134	-0.131442	0.878649	-0.821923	-0.586591
1.014775	-1.252896	-0.605244	0.761717	-1.858866	-1.252793	0.990001	0.044441	-1.081606	-0.655753	0.510024	0.254300	-0.962489	-0.118401	-0.321349	0.669550	-1.583065	-0.585947	0.401916	0.598206	-0.053826	-0.989565	0.692977	-1.494404	1.086233	0.113024	1.845135	2.582443	-2.173023	-0.263198	-0.958366	-1.110004	1.310742	-0.809470	-1.618538	0.723810	-1.391196	0.442526	1.472751	-1.723996	-1.608639	-0.652529	-0.665533	0.087445	0.841517	-1.033493	1.278144	-0.775304	1.093607	1.037361
0.991178	-0.165031	-1.910702	0.500341	0.900213	2.235884	0.838893	0.622405	0.630672	0.802706	0.533589	-0.470178	-0.159619	0.014129	0.266073	2.349939	0.064740	1.996887	0.685791	0.692426	-0.238562	0.938251	1.662183	0.961703	-0.652158	0.578591	1.175556	0.104190	1.255575	-1.895778	-0.698979	-0.731090	0.284339	1.045643	-1.699227	0.816549	2.675320	-0.436975	-0.532874	-0.605527	0.131204	0.192925	0.323020	0.343612	-1.642577	0.966449	-0.227787	-1.450354	1.151086	0.442082
-0.596649	-1.413276	-0.483440	0.172163	1.175044	-1.254192	0.745232	0.756912	0.519689	0.966766	0.132567	-1.584251	0.207132	2.042375	-0.765808	0.071623	1.130072	-0.300063	1.814260	0.154170	-0.983002	-1.521566	-1.544357	0.795873	2.713321	0.051617	-0.971135	0.023707	-0.666696	1.242458	0.111416	-0.626188	-0.438227	0.516049	-1.656571	2.285335	0.610275	0.989118	-0.243796	0.396203	-0.323720	-0.208455	1.713856	-1.182159	2.315837	1.218474	-0.927520	-0.221675	0.373716	0.708972
1.683267	-0.207014	2.280944	-0.629003	-2.048058	-0.685411	2.512305	0.168039	-2.406335	0.142456	0.918515	1.654877	0.738016	-1.357206	0.960229	0.067141	-2.337773	0.059718	-1.306776	-0.480722	1.400984	-0.651789	-0.429330	-0.890673	-0.465267	-0.655799	-1.017003	-1.133710	1.194846	2.214823	1.896836	2.371784	0.417409	-1.285699	0.860526	-1.472152	-1.500466	-0.122638	0.494602	0.847103	0.257127	-0.375570	-0.504020	-0.317453	-0.863116	-2.222881	0.466754	1.884006	1.558501	-1.739049
0.741421	-0.491403	2.334288	-0.774314	-0.916711	-0.853071	-1.532954	-0.487980	-0.409198	0.232130	-0.481568	-0.574114	-0.007455	-1.382127	0.326351	-1.098066	-0.373168	-1.332190	0.710003	1.331722	0.527263	-0.273853	0.948169	-0.123278	0.750476	-0.189222	0.036117	-2.161858	0.235281	1.636611	-0.280108	0.056508	-0.349112	-0.006171	1.891341	0.567408	-1.283205	0.779143	1.135654	-0.933626	0.251621	-0.062197	-0.691274	-0.178544	0.450425	0.193536	-1.807372	0.962718	-0.314376	-0.248119
-1.684728	-0.641204	-0.816902	0.587645	1.091768	0.206838	-0.058031	0.367757	0.372337	-0.363273	-0.963454	0.899282	-0.024738	0.327099	-0.742829	0.024707	1.319555	0.398288	1.159186	-0.537944	-1.433106	-0.859797	-0.166007	0.218655	0.645441	-1.176483	-1.239191	-0.320453	-1.803096	1.599217	0.938513	-0.240033	-1.249443	-1.536411	-0.931078	0.124139	-0.176925	1.926913	-0.490448	-0.931683	0.741597	-0.448953	0.431975	0.588151	0.623015	-0.725425	-0.251046	0.760249	-1.723013	0.720557
-0.080323	-0.349876	0.536062	0.316726	1.042508	0.283326	-0.687479	-1.008829	0.597356	-0.518798	0.011953	-0.163372	2.066025	1.244555	0.494868	0.753203	0.145974	1.083971	-0.471159	-1.015559	-0.016472	0.785986	-0.223861	0.543699	-0.110238	1.135648	1.434535	1.027313	0.117819	-0.369165	-1.107372	-1.384138	1.178593	0.666602	1.758567	0.453157	0.955861	0.191354	0.209107	-0.440501	-0.752212	0.414500	0.053117	-0.423624	0.278875	0.393394	0.490004	-1.368935	-0.240625	-0.108275
1.411080	-1.556316	2.632559	-0.251956	-4.350188	-0.684940	-0.784871	0.450092	-0.319220	-2.274710	1.052524	2.847461	-1.077140	-2.556550	0.250368	-2.399794	-0.427611	-2.097380	-0.438209	1.039983	0.351985	-0.895896	-0.793124	0.000042	1.596564	-0.876773	-0.313150	-0.153669	-4.266696	-0.889751	-1.612259	0.914110	-2.042208	0.536384	1.636935	1.357397	-2.679962	-1.055067	0.043150	-0.743823	0.968132	-0.467007	0.803236	-1.270168	1.456199	-1.164044	-0.978284	3.151564	-0.066566	-1.275712
-2.702896	-0.170011	-0.494859	-0.365849	1.513483	0.099561	-0.542459	1.496237	-2.254802	-0.882730	-1.220130	-1.255116	0.936745	2.218556	0.551974	-0.159912	2.397867	0.774210	-0.463206	0.763399	0.436432	0.913444	-0.525976	-0.947837	1.941683	-1.509061	0.349829	-1.481007	-1.430836	-0.261956	0.394470	-1.311069	1.345676	-1.397846	-0.295744	1.672596	-1.216527	1.838570	-1.319016	-1.076911	-1.095828	1.595875	0.094037	2.206577	0.770113	-1.669530	0.819372	-1.945511	-0.523464	1.460136
1.474092	-2.799912	-0.772546	-1.900081	2.531196	-1.556828	-0.252017	1.059978	0.385368	1.068200	-0.524160	-2.834532	0.658671	1.277346	-2.400731	-1.659688	-0.452161	0.331916	0.821313	-0.741524	-1.902704	-2.030150	1.985399	-0.918302	1.658067	-0.006732	0.631299	0.399281	0.041297	1.823178	0.359137	-2.614822	-1.613661	1.042961	1.728099	-0.087028	-1.736088	-0.760862	1.341878	-0.996426	0.259560	-0.624382	-0.925166	1.324847	2.043526	-1.913997	0.652570	0.136137	-0.072414	1.332591
-3.473936	-1.458439	-0.649602	-1.372017	0.077874	0.292835	-2.803974	-0.685830	0.412866	-0.179113	-0.964249	-0.818702	-1.156283	-0.114568	-1.402031	1.688167	1.350019	-0.409133	3.309290	0.283712	-2.142341	-1.104027	-2.394512	-0.170892	1.772723	-0.737850	-2.173370	0.909657	1.439251	0.648321	1.144956	-0.055493	0.117447	0.714960	2.409532	1.015503	-0.676004	2.393171	-1.235334	1.542226	-0.610090	2.498040	2.259516	-0.693557	1.811948	-0.478543	0.930929	-1.578542	-1.623696	0.411395
-0.525933	-1.928759	0.404647	-1.399433	0.820593	-1.324074	-0.330418	-0.235570	-1.450606	0.925488	-0.404926	-0.444886	-0.942857	1.729166	1.353207	-0.957414	-1.262702	-0.459514	3.496207	2.357941	1.452541	-0.267431	1.288405	-1.314585	-0.893444	0.876037	0.606429	0.148406	0.033822	0.532861	0.161298	-0.469609	-0.822375	1.213413	1.240734	-2.713746	-1.261458	2.158637	1.759086	0.351385	0.998724	0.198075	0.195670	0.607297	-1.044907	-1.385344	-0.866758	0.679853	0.292285	2.568443
-2.355392	-1.193336	-3.249074	-0.031846	1.631416	0.836497	-0.825081	0.628987	-1.003536	1.960722	-1.577362	-1.373271	2.282701	0.687558	-1.169131	2.910789	2.416902	1.636857	0.308510	-0.055714	-2.162644	-0.809430	-0.669873	0.579298	0.163999	-0.137411	-1.655024	-2.334285	1.868989	-3.043356	-1.694485	-1.369046	-1.215814	0.013958	0.597095	-0.005678	1.241755	-0.227961	-1.261343	0.832614	1.531800	0.003075	0.260001	-0.263044	0.050212	0.015274	-1.727943	-0.484214	-0.460270	0.441088
-0.088145	2.734973	-1.144705	0.072136	-1.333892	1.094028	-0.016606	1.341237	1.650723	1.618899	-1.748943	2.179874	0.992326	-1.960368	-0.048973	1.486932	1.015410	-0.402627	0.257990	-0.858969	-1.528460	-0.190847	-0.191291	0.226174	0.015121	-1.728182	-0.486363	2.229830	2.942750	-2.240727	0.611054	0.420579	-0.160969	0.223411	-0.385632	1.114403	0.019515	0.276957	-1.231427	-2.634538	0.200807	-0.640513	0.185006	1.371283	-0.007084	0.186926	-1.650311	0.948969	0.628007	-0.857647
2.116435	0.476145	1.371042	-0.858312	-2.043830	-0.409043	-1.741438	-1.916321	-0.507868	-0.559373	-0.066569	-0.875106	-0.453166	-1.428650	-0.872919	-0.279596	-2.618475	-2.203940	-2.161303	0.093828	0.071698	0.187767	1.099597	-1.377275	-1.006397	-0.678820	-0.751085	-0.105001	-0.766952	0.631381	2.245395	1.208235	0.631262	1.687768	2.216804	-2.035463	-2.571286	-2.804376	0.937708	0.622970	-0.237054	-0.551248	-1.452726	-0.577528	1.357151	-0.352578	-1.038043	-0.165663	-1.015080	-0.790971
-0.843520	-1.383980	0.040443	-2.046539	2.076418	-0.478820	0.185418	2.314041	1.103908	0.141048	-0.520417	-1.236137	-0.151879	1.924762	0.922586	-0.968184	1.788368	-0.633125	1.351202	-0.680182	-0.046579	0.317961	-0.767195	0.482505	0.751150	0.539466	0.760887	2.758454	-3.060839	-0.379309	-0.597958	-1.751674	-2.953861	-0.582015	0.186212	0.706550	1.335267	1.853773	0.600751	-0.223894	1.500782	-0.048256	1.010576	1.471555	0.419380	1.837724	-2.094846	1.637524	1.647119	0.925227
-1.907228	-0.705069	0.759297	1.123058	1.123771	0.080980	-0.039435	-0.442734	0.197536	-0.698966	0.282420	1.122178	-1.252395	-0.215582	-0.266192	0.158358	1.172758	-0.749335	0.385613	-0.301412	-0.120806	-0.005060	-2.112989	0.492156	-1.006989	-0.626866	-0.822014	-2.163989	0.028081	0.421884	-0.950879	-0.378869	1.814694	-0.092898	-0.905942	-0.629201	-0.774707	0.184502	-1.867964	1.114736	-1.301757	-0.215533	1.098572	-0.115626	1.346957	0.028259	1.181730	-0.699253	-0.087407	-0.550241
-0.486647	-0.235738	-0.522085	-0.114514	1.485336	0.094364	1.135100	1.428458	-2.085852	-0.854772	0.364097	-0.774614	-1.094699	-0.992532	-1.030565	-0.268604	0.413336	0.212204	-0.992368	-2.249540	-0.604798	-1.067291	0.298685	-0.390584	0.202824	-1.472048	-0.192334	0.163856	-1.247799	-0.342450	0.504546	-1.205094	-0.890905	-1.945369	-0.600401	0.371378	-0.565753	1.869011	-0.867738	-1.583331	1.283243	-0.907152	-0.070350	0.806276	0.165178	-1.447801	-0.121208	-0.585143	-0.033732	-1.160028
-0.645874	0.493282	0.045097	-0.565640	1.568445	-0.604678	1.403877	0.955944	-0.619041	-0.035962	-0.040841	0.057675	-0.329163	0.837735	1.725267	-0.641960	-0.488097	-0.411734	0.218155	-1.019855	1.607521	-0.015288	-1.816350	-1.033175	-1.106612	0.429605	0.561148	-1.272287	-0.117731	0.140635	-0.703038	-0.039651	-2.022840	-1.612684	-0.924449	-1.187666	0.581377	0.887596	-0.121914	0.227893	1.232130	0.003204	0.172892	-0.362483	-0.369551	-0.362830	-1.230279	1.968145	1.397335	-0.847650
-0.872171	-0.406253	-1.629345	0.561802	-0.044427	0.401589	-0.013894	-0.791567	-0.540711	0.239603	0.053315	0.111350	-0.139410	-0.831882	1.050584	0.949722	-1.130704	0.210119	-1.801742	0.346506	0.992975	0.736418	-2.489128	-1.470374	0.578483	2.282251	0.933551	1.203278	0.743839	-2.193162	0.007140	-0.359576	0.743085	0.417311	0.634989	1.105816	0.533661	-1.601727	-0.975601	1.230569	-0.164359	1.759558	1.180088	-1.073533	0.545743	-0.764669	0.271183	-0.741766	0.005889	-0.085668
-0.494874	-0.842007	-0.066769	0.517487	0.814326	-0.496888	2.177238	0.111441	-2.485145	1.174651	1.342697	-0.086036	-1.308273	1.056127	0.258418	-0.276907	-0.011879	0.223450	-1.161333	-0.080213	1.077608	0.071657	-1.956229	0.562099	-2.095586	0.657949	0.206285	-1.500601	1.727318	1.084545	1.452705	-0.353611	-1.019908	-1.036596	-1.236827	-2.247625	-0.176297	-0.116361	-1.602449	-0.595556	0.611103	0.771312	0.400765	0.237352	-0.785478	-0.648893	0.608164	-0.028044	1.154759	-0.586979
0.790854	-0.251849	-0.898472	-2.150101	0.114972	-1.770691	-1.379419	-0.798495	-0.147881	-0.584600	-1.473340	0.711370	-2.110656	-1.025396	1.352359	0.107635	-1.152195	-2.680344	-1.065327	-0.250057	2.789928	0.977718	-0.268301	-0.695032	-0.234871	0.527691	2.228283	-0.928258	-0.190740	-0.587940	-1.614438	-0.649358	-0.242058	1.121240	1.571588	-1.009488	-0.970415	-1.376675	0.650912	-1.712121	-0.584844	-0.279268	-0.302386	0.127492	-0.989013	-0.291966	0.059385	0.542258	0.698880	-0.406991
0.056036	-0.543393	0.922811	-0.848079	-0.054054	1.111194	1.972035	0.438416	0.887993	-1.118567	0.858288	2.909841	-3.040684	-1.463540	3.207420	1.211042	-1.428281	-2.455560	2.322880	-1.905783	3.307426	1.829195	-2.836915	0.007279	-1.928408	1.375468	2.215047	0.444648	-1.333280	-1.535625	-1.826227	0.904937	0.524179	-0.261137	1.143963	-0.372664	1.029755	0.709603	-2.038032	1.156983	0.241350	-2.522743	1.945446	-1.238047	-2.370254	1.563483	0.882529	0.688138	1.976056	-2.116341
-0.212838	-1.523390	-0.916285	1.253566	0.554820	-1.696832	1.870542	0.984559	0.792480	0.617569	1.182847	0.548710	-0.220069	1.252884	1.829073	0.221705	3.030129	-0.086588	-1.816091	0.568935	2.057360	0.790105	-1.080290	3.015900	1.977148	1.684958	2.163988	0.747569	-0.209227	-0.669949	-0.478225	-1.298637	-0.115975	-0.194399	-2.591960	1.524767	-0.489789	-0.624932	0.403235	-0.412890	0.443808	0.373066	0.256673	-0.591261	1.236318	-0.380599	0.130996	0.050666	1.147746	1.226484
1.603024	-2.357819	0.040827	0.495624	1.310088	-0.486406	1.636711	-1.243041	-0.486859	1.057901	0.330674	0.850001	-1.204753	0.859754	0.435743	3.304817	-0.774913	0.660201	-0.822182	1.292100	2.264719	0.847922	1.571388	1.271032	-0.841388	1.604465	1.909781	-1.389207	1.745337	-0.831582	0.643853	-0.830877	2.857679	0.755637	-0.326880	-1.769578	1.403137	-0.957739	-0.322948	-0.326814	-1.254455	1.522691	-1.274957	0.897782	-1.465936	-0.147842	1.761011	-1.543227	1.564212	1.265322
-0.182011	1.593009	0.519020	0.224925	-2.058106	2.120871	-0.437144	0.493475	-1.393915	-0.344163	-0.323020	0.531675	0.667261	-2.398042	-1.148509	1.162439	1.617528	0.526319	-0.128827	-0.702053	-1.378735	0.111056	-2.065602	0.968075	2.532761	0.060597	-2.720281	-0.651486	0.265916	-1.002049	0.301417	0.872534	1.811532	0.554212	-0.166884	2.935480	-1.051208	-0.933867	-2.433707	0.226902	-0.505639	-1.690927	1.728144	0.040634	1.168255	0.023299	-0.711423	-0.568091	-1.246309	-1.838171
-0.255993	0.540540	0.344435	-0.225534	-1.219166	0.455379	-0.061005	0.350537	0.589890	0.593049	1.148241	-1.042993	0.539150	1.158281	-0.553588	1.086069	-0.683349	0.840358	0.597322	1.649082	-0.774049	-0.003404	1.200911	-1.466027	-0.681326	-1.458023	-0.263248	-1.067373	0.712132	1.206009	1.052441	0.682531	-1.282380	-0.235875	2.014556	-0.638967	-0.508374	0.335988	0.011470	0.174134	0.717459	1.137159	-1.548612	0.103287	-0.829582	-0.739517	-0.036447	-0.067954	0.432087	1.053167
-0.974776	0.200509	-1.519651	0.384675	-0.809680	-1.182437	-1.410257	-0.694872	0.776621	-0.498330	-0.621879	-0.081618	-0.745151	-0.086990	-0.197889	-0.501102	1.218134	-1.147093	1.012963	1.082437	0.040676	-0.276944	-1.098589	1.634026	-1.062747	-1.660532	-0.499394	-1.647988	-0.793665	-0.160532	-1.154983	-0.296638	-1.342317	0.789812	-0.502640	-2.630662	1.503781	0.502346	-0.404433	-2.101986	0.015231	0.684886	0.821007	-0.421377	-1.195291	1.688533	-0.778054	0.638678	-1.298552	0.376782
0.339120	-0.237402	-1.244167	1.522751	1.440963	1.210848	1.861913	0.215288	0.253917	0.912741	0.397176	-1.042498	0.097568	3.063520	-1.250813	2.442823	-0.801252	-0.007580	1.642208	-1.353212	-2.233507	-1.712210	2.096813	0.158461	0.623072	-0.599169	0.182714	0.868898	0.437632	-3.764360	-0.848480	-0.473597	1.623858	-2.271161	-1.633343	2.055143	1.200760	1.730805	0.925361	2.261361	-0.954062	0.160318	0.346437	-0.908304	-3.145641	0.053357	-0.278391	-0.741568	0.015528	0.325877
1.498291	0.490420	-0.196276	-1.018069	0.885707	-0.401065	0.236240	-0.094823	0.473139	-0.067964	0.452461	0.724124	-0.929950	-0.292046	-0.347325	-0.796303	-0.700441	-2.552300	-0.977068	-0.969128	0.670345	-0.238628	0.266422	0.259254	0.002238	-1.343913	0.603306	-0.707355	0.306748	1.205269	2.893093	0.115616	0.011014	-0.850445	-0.214771	0.449103	-2.047542	-1.227850	0.319271	0.113781	1.247421	0.516608	-0.379119	-0.380923	1.989275	-0.452312	-0.688925	0.042187	-0.588523	-0.927652
0.439965	1.366444	-0.391297	1.017527	0.532342	1.954943	0.346209	-2.177319	0.124527	0.247317	0.424889	-0.493846	-0.606895	1.189189	-0.231602	-0.206644	-3.697330	-0.603055	1.588491	-0.154446	-0.361060	0.498741	-0.612851	-1.465375	-3.548683	-0.218409	0.315135	0.146186	0.312353	-0.888448	-0.321081	-0.069485	1.676972	0.415670	1.525975	-2.939169	-0.289264	-0.615527	-0.707546	-0.347834	-0.562404	-0.373066	0.950473	-1.681867	-1.873873	-0.949140	0.459056	-0.248401	0.911542	-0.284452
-1.019551	0.151780	-0.101411	-2.413333	2.119041	-0.342607	0.030318	2.147060	-1.807675	0.711132	-1.801339	-0.423920	-0.200030	0.838553	-0.444757	-0.288479	2.129715	0.530953	-1.522446	-0.644308	-0.465267	-0.558410	-1.688811	-0.145926	-0.803427	-1.684318	-0.611012	-0.521133	-0.167482	2.116474	2.396987	-0.495553	-1.220907	0.199246	1.245988	-0.782125	-0.241824	-1.407399	-1.011868	-1.241423	1.002454	-1.107099	-0.215656	1.816557	0.323606	-1.073427	-0.366359	0.364611	1.382371	0.873348
-1.575240	-0.379521	-1.489010	-0.271209	0.234831	-0.154097	2.068698	2.532830	0.688784	0.745851	0.009297	1.736084	-0.248558	-0.883907	2.330578	0.661227	1.047436	0.338634	-1.490189	-1.381217	1.400796	0.508210	-2.522093	-0.318091	0.306588	0.424407	0.061680	1.977687	0.739399	-2.218390	-1.795059	-0.154858	-0.362441	0.425988	-3.327073	2.147504	0.776900	-0.330168	-0.857731	0.814302	0.003739	0.766607	2.543586	-0.057196	0.494570	0.922359	-0.664816	0.431647	4.304096	-0.721606
1.805120	1.521811	1.418383	-0.214815	-0.777739	-1.060101	1.035387	0.053427	-0.244026	0.268492	0.388678	-1.093435	0.008406	-0.535375	0.322060	-2.087964	-0.749975	-0.112440	-2.513851	0.278706	1.005377	-0.117550	0.593903	0.407570	-0.005531	-0.160833	-0.354709	-0.353873	-1.412794	1.405843	0.461415	0.685313	-1.569288	0.250702	0.294389	-0.546250	0.315701	-2.105874	1.063080	-0.041653	0.915905	-0.529039	-1.282901	-0.683016	1.326231	0.681472	-1.675910	1.405531	0.183329	-0.234119
-0.058307	1.614832	-1.049206	-0.331267	-1.764967	0.669903	0.840651	0.480772	-0.329295	-0.389186	-0.997664	1.425099	-0.891767	-0.935546	-0.321336	2.058490	0.235526	-0.670733	1.776319	0.485046	-0.346024	0.017439	2.128851	0.184504	0.994506	0.446160	0.588069	1.436575	0.610175	-3.439390	-0.857348	0.846568	1.542256	-0.814712	-1.933094	2.018215	-0.458024	1.015058	0.246796	1.725499	-1.067376	-0.023368	0.777831	1.288491	0.835714	-0.519510	2.846377	-2.480279	-0.352432	0.046314
-1.053662	-2.396776	-1.239546	-0.584170	3.033157	-1.001955	0.045298	0.636900	-1.106053	0.771174	-0.663929	0.412983	-1.067873	1.554753	0.742078	0.668295	-0.605425	-0.790297	3.453030	-0.789876	0.329954	-1.153978	-0.274737	-2.240142	-0.126393	0.576930	1.742416	0.957731	1.850890	-1.313594	-0.021097	-1.849901	0.902534	-0.007260	-0.063099	-1.563964	0.643377	1.366744	0.853046	-0.471695	-0.575393	0.553617	0.578125	2.193674	-1.074214	0.971668	1.536510	0.023504	0.401301	1.758034
1.633370	-0.035405	-2.464884	0.405444	1.266141	0.034506	0.244889	-0.671966	1.866219	0.077154	-1.770913	-0.908432	-0.212756	-0.017671	0.611429	0.624075	-0.769585	1.636390	-0.600247	-1.147162	0.971674	1.322377	1.894300	0.550316	-0.762076	0.898433	2.163218	1.281006	1.954387	-1.599294	-1.784007	-1.132084	0.429788	1.409406	-1.837421	-0.499983	1.673502	-1.088020	0.801004	0.532324	-0.719975	-1.137217	0.215455	0.907368	-0.676113	1.256021	0.714973	-1.447763	-1.802785	-0.262464
-0.744913	0.415326	0.400834	-0.670572	0.436522	-0.236533	1.950476	2.126228	2.767029	1.927987	0.430368	0.177799	1.454084	1.439897	0.027988	-0.103630	1.492563	-0.247223	0.572119	1.030211	0.500907	1.843778	1.925139	0.219533	-0.683735	-1.498178	0.740149	-1.976249	2.171492	0.821737	1.016684	0.508281	-2.161988	-1.865675	-0.178891	-0.590673	2.847507	2.300850	-0.120999	0.331823	0.528797	0.590530	-1.511741	1.229871	-1.412325	1.448806	0.118750	-0.482191	0.392026	0.825259
-0.618643	0.580686	-0.740174	-0.118988	-0.883596	0.407019	-1.875014	-2.242554	-1.141310	-0.701039	-1.087863	0.289307	-1.333823	-2.072065	-1.276873	1.295304	-0.944781	0.025708	0.011507	-0.704293	-0.772998	-0.709465	-1.671448	-0.119495	-1.113858	-1.523720	0.287246	-1.624438	0.800868	-2.342423	-0.111449	-1.157599	3.133743	0.129462	-0.074361	-0.385192	-2.065709	-1.001450	-1.094015	-2.294115	-2.063173	-0.523936	1.202532	-0.261243	0.248795	-0.786127	1.890401	-1.408194	-1.192159	-1.004905
1.669662	-1.055179	1.558492	0.695876	-0.390725	-1.023916	0.144783	-0.617297	-1.435309	-0.848451	-0.110744	1.957351	-1.010502	-1.353496	2.739440	-0.696392	0.033314	-0.022546	-1.173637	-0.350378	3.802937	1.000788	0.052959	1.392199	-0.822167	1.078530	2.617927	-0.164283	0.616105	1.435573	0.788071	0.133251	1.806796	0.577909	-0.951372	-0.731998	-1.099777	-1.757208	0.872126	-0.257749	-0.762566	-0.674475	-0.538640	0.405148	-0.016726	-0.820302	2.101876	1.331008	2.111690	-0.268544
-2.088761	-1.066555	1.779624	-1.218945	1.555282	-0.405359	-0.356599	0.273311	-1.174928	0.071087	0.249135	-0.216508	0.525401	0.276533	0.172808	-0.950487	0.540460	1.144429	-0.090124	-0.900850	-0.785785	-0.392612	-1.851736	-1.003206	1.872076	-1.427583	-0.963164	0.381159	0.001302	2.757575	1.539727	-0.383817	-0.339360	-1.092150	2.128664	2.067795	-0.600826	1.690164	-0.754530	-0.670441	0.566259	0.111291	1.057163	-1.020012	0.543594	-1.036648	-0.519682	1.576104	-0.746230	0.494873
-0.969252	-0.758696	-1.292861	0.284636	1.667474	-0.498880	-0.515465	1.743476	0.628718	0.339490	-0.005871	-1.782082	0.278213	0.769857	0.814425	-0.570905	0.802418	0.825006	1.781724	-0.569874	-0.347831	-0.416410	0.096992	-0.525314	1.010180	-3.020365	0.537581	0.425880	-1.359064	-1.516117	-1.367533	-2.065548	-2.168709	-0.595257	0.185638	1.307219	0.871568	1.287579	0.713310	-1.590399	0.157278	1.286056	0.589931	0.090833	-0.409837	0.371598	-2.126092	1.472423	1.347548	1.240224
-0.234626	1.357581	2.296624	0.286558	-0.704258	-0.489506	-0.233539	-0.915217	-2.267550	-0.276274	1.741639	0.243671	-0.616192	0.201499	0.444535	-0.439223	-2.512688	-0.154432	-0.103119	-0.286248	0.307986	-0.842118	-1.293391	-2.058864	0.979889	0.020721	-1.548053	0.950619	0.612046	0.180758	1.621028	1.969885	1.785328	-0.485192	0.803628	0.641225	-1.377403	-0.390393	1.320108	2.075359	-0.557321	-1.471186	1.131995	-0.884959	-0.120441	-1.290800	0.308873	0.642590	-1.454420	0.054424
1.373916	-0.514212	0.579050	-1.160622	-0.522905	-1.651626	0.720870	0.874236	1.123728	0.078594	-0.336356	0.398994	-1.629917	0.303710	1.280932	-0.969292	1.726626	-1.282033	-1.898343	-0.179944	2.054948	0.892929	1.057508	2.203981	-0.047955	0.207200	2.025246	1.889219	-0.426121	1.015655	1.354861	-0.159059	-1.291293	-0.465628	-1.368095	-0.336662	-0.992232	-1.298743	1.276675	-1.451757	0.554525	0.443644	-0.945531	0.919143	1.499976	0.231773	-1.189376	1.031320	0.835643	0.305203
0.742043	1.449727	0.980852	-2.191769	-1.222362	0.260617	-4.074943	-0.464001	1.079233	-0.956867	-0.994446	0.113644	-0.395918	-1.380207	-2.061044	-0.935224	1.172725	-0.784490	-0.932152	-0.389071	-2.092215	-1.481803	1.255109	0.122127	2.155680	-0.265219	-0.282805	0.251034	0.369511	0.326362	0.103090	0.286381	0.068620	0.400774	3.433111	1.548126	0.421551	-0.698255	0.030589	-0.369399	0.050989	-0.371186	-1.071655	1.927025	2.752395	1.473985	-0.389862	-1.043541	-3.220667	-1.176046
4.590635	0.491334	0.297985	-0.042851	-2.925688	1.080155	-0.330262	-2.028813	0.582763	-0.625146	0.876479	1.358938	-1.192135	-4.073298	1.234935	0.366644	-4.108546	-0.846721	-3.278355	-0.903014	1.816404	0.358794	2.970165	-0.677671	-1.675924	-0.176608	2.196152	-0.424370	1.059030	-2.652396	-2.103845	0.609597	-0.557213	0.547580	1.244295	-0.628024	0.555369	-2.651424	1.712445	-0.352074	-0.628165	-0.628874	-2.458105	-1.667787	0.655516	0.880434	-0.670653	1.001591	-0.996970	-2.918886
-0.038731	-0.481371	-1.315183	0.943610	0.656570	-0.111181	1.339795	1.607195	-0.313089	1.380574	0.739678	1.502221	0.536540	0.328596	0.126363	-0.781590	0.402505	0.206713	0.413727	-0.543370	-0.087668	0.024550	0.495387	0.089681	-0.509826	0.181530	-1.554505	-0.387282	0.707162	-0.177271	-0.170979	-0.039785	-2.804464	-0.058312	-0.475329	-0.370297	1.023712	-0.933201	0.009791	0.581802	1.820592	0.846295	0.651775	0.110189	0.115089	0.674273	-2.955845	0.206651	-0.143429	-0.275842
-1.358223	-1.901715	1.109873	0.226865	-1.205829	-0.695359	-1.747546	1.351895	-0.923597	1.830917	-0.676320	-1.300649	1.362799	1.080165	-1.221132	-0.281945	2.897121	1.506201	1.539757	1.779917	-2.068669	-1.107958	0.613717	1.057639	1.744679	-1.370921	-3.118831	0.917698	1.299243	1.973649	1.607365	-0.485563	-1.902467	-0.554566	-0.618219	1.185088	-1.318489	0.795987	-0.053661	-1.528034	1.567141	0.831431	0.635826	0.726362	2.208099	-0.759672	-1.794096	1.459583	0.387922	1.902993
-1.966025	-0.960542	1.158527	-0.134655	0.992841	0.492851	1.762862	1.164466	-0.357727	1.296206	0.067222	-0.278826	1.518919	2.396572	0.742871	-0.403230	0.669833	0.686009	1.118477	-0.493296	-0.539172	0.349449	-2.234025	-0.908394	0.890958	0.145136	-0.308946	3.431941	0.913710	2.167176	1.320957	-0.445641	1.481400	-0.278504	0.171508	0.946398	0.374785	-0.209238	-0.400062	0.198297	0.771394	-0.138381	1.982470	0.484119	1.108926	-0.332590	0.328577	-0.052269	1.498893	1.263519
-1.488970	-0.052891	0.049424	-0.428858	2.700072	-1.272809	-0.618226	0.334755	-0.115803	0.026398	-0.810725	-1.665288	0.616228	1.018996	-0.482913	-1.839487	1.619944	0.208347	2.154786	-0.524575	-0.362115	0.319737	-0.275830	0.140400	-0.619487	-0.215681	-0.307797	-0.136827	-1.076297	-0.658208	-2.356439	-1.056909	0.054273	0.516894	0.068272	-2.175040	0.999221	0.468670	-0.540146	0.997266	-1.534794	0.536640	-0.233824	1.650527	-0.852781	1.321205	-0.429834	-1.279097	0.365466	1.496056
-0.847016	-1.144223	-2.132644	0.643794	0.967701	0.974746	2.134178	0.107500	-0.037999	1.190926	-0.280369	-0.318490	-0.477803	1.518701	0.590281	1.612474	-0.204920	1.071309	-0.208112	0.773951	0.143320	0.252801	0.391853	-0.324816	-2.778740	0.471625	0.488033	-0.444169	0.925155	-2.457951	-1.442537	-0.550914	0.746693	-1.001985	-1.076331	-2.150118	2.164711	1.061948	-0.025288	1.010426	-0.611436	0.603884	-0.220678	0.626469	-1.983373	0.287804	-0.438432	-2.373200	0.688371	0.913867
-1.534908	-1.007180	1.379134	1.168094	4.969457	-0.376156	0.682500	0.592229	-0.510239	1.523067	-0.161630	-2.503380	1.123026	4.580604	-1.220587	0.348613	1.528812	1.087128	0.105839	-1.693837	-1.314727	-0.173225	0.098200	0.656891	-0.059646	-0.952802	-0.721350	0.660015	0.269132	1.923676	1.988980	-1.997280	0.668700	-2.109404	-0.522025	0.251942	-0.036919	1.298608	-1.263910	-0.560154	0.257820	1.283447	0.506159	1.203999	-0.553868	-0.211299	-0.512872	0.251415	-0.426063	2.345740
-1.100490	1.008352	-0.689430	0.649575	0.581161	0.437741	0.856904	0.389511	-0.137634	1.183060	0.313563	0.782420	-0.050284	1.212061	0.326098	0.527958	2.120482	0.515113	3.339955	-1.020561	-0.826716	-0.424381	-0.263471	2.356500	0.212176	-0.763784	-0.193788	3.487044	2.399015	-1.842250	-2.083625	-0.034641	1.320805	-1.620782	-0.127180	0.595276	1.346901	3.112565	-0.185041	0.767758	-1.752146	-0.625102	1.720916	1.284242	-0.513877	1.170102	0.561116	-0.667850	-0.836716	0.722184
2.400087	-1.157094	0.966618	0.376133	0.523817	-1.000219	1.732717	-0.288656	-0.018115	0.173492	-0.072849	0.414453	-1.540965	0.428137	-0.129052	-1.368349	-1.983962	-1.371651	2.059954	0.571033	1.214759	-0.941115	2.484052	0.566423	-2.935183	0.237709	1.214219	-2.635845	0.460140	0.216269	-0.662472	-0.158894	-0.165508	-0.012927	-1.223071	-2.940414	-1.396251	0.487054	1.757185	0.156346	0.036890	0.931667	-0.558289	1.180649	-2.320723	-0.748335	0.035386	1.174577	1.224069	-0.328369
0.003778	0.844466	-0.306870	1.305026	-1.245881	0.110255	0.902016	-0.130795	-1.415991	-0.273694	-0.360109	0.111631	1.403526	0.374005	-0.341045	0.752699	1.477070	1.944101	-2.067958	1.191388	0.330617	0.801388	-0.737557	0.960660	0.571688	0.378741	-0.254178	-1.873128	-1.447518	-0.543858	-1.048711	-0.302553	1.886686	-0.129864	-2.359470	0.484964	0.577541	-1.378820	-1.966750	-1.214245	-0.944861	2.045452	-0.896438	1.400688	-0.223595	-0.362705	-0.342131	-1.500074	0.156950	0.579532
0.937548	0.176552	0.135285	-1.861502	-1.022664	0.700049	0.287899	0.391965	-0.257117	0.275172	-0.017877	0.941618	-2.220578	-1.860015	0.872225	0.907820	1.414469	-1.423990	-2.132365	0.030166	1.181987	0.449637	0.035302	1.913909	1.490692	1.480443	1.305392	1.699520	0.776580	-0.660994	0.189413	-0.053899	0.815939	1.453492	-1.136183	1.940466	-0.322935	-1.867954	-0.248795	0.548494	0.286514	-1.033866	0.571434	-0.497872	2.874624	0.397249	0.645063	0.492865	1.152082	-0.062044
2.401498	-0.918654	0.622582	-0.448363	-0.469467	-1.181288	-1.562783	-2.233399	-0.740394	0.090139	-0.633588	-0.039784	-1.254721	-1.940110	-0.843171	-1.021338	-3.253631	-1.471490	-1.978976	0.179073	0.346796	-0.791517	1.186293	-1.746642	-0.378067	-0.630097	1.677684	-0.012888	0.827424	-1.212433	0.317543	-1.165580	1.189297	-0.153305	1.007219	-2.407788	-1.775696	-2.793316	1.079158	-1.487539	-1.269025	0.215273	-1.270948	1.202646	1.390487	-0.900311	-0.331198	-0.071302	-3.219687	0.074425
1.317391	0.648698	1.921839	-0.815704	0.878781	-0.163763	0.665010	-1.982140	2.556862	-0.301518	1.198257	1.190482	-1.946262	-0.707222	-0.135003	-0.054515	-2.339430	-2.006545	-0.672881	-2.327878	0.403237	-0.536843	-1.130937	-0.009302	-2.476958	-0.767451	0.983754	-0.301111	1.718809	3.833908	2.994577	0.761173	1.406969	0.169523	1.897114	-1.773855	1.062897	-1.069823	0.269709	-1.025644	-1.199392	0.273730	-0.024615	-1.609286	-1.727184	0.234745	2.057671	-0.135148	1.748991	-1.610379
0.921935	1.644982	0.871858	-1.916634	1.665950	2.309680	-1.144286	0.727941	0.273717	-1.336969	-0.544790	0.935037	-0.347146	-1.383350	0.623125	2.907514	1.324113	0.333812	-1.764901	-2.572896	-0.491789	0.881072	1.560112	-0.061260	3.842666	-0.083623	1.928570	3.157847	0.443282	-0.941367	0.758763	-0.151378	1.076887	0.286365	2.046612	4.593284	-1.143682	-0.649289	0.211610	1.228877	0.450831	0.145300	-0.918909	0.626638	3.207836	0.469061	1.093213	-0.121692	-1.569537	-0.870844
1.642436	-1.073674	2.695394	1.428083	-2.531092	-1.729193	1.801128	-0.408400	0.042234	-0.851599	1.702701	2.657826	-0.437760	-2.427302	1.852344	-2.916468	-1.871180	-1.444280	-1.303043	-0.625584	2.598496	0.411507	1.173855	0.239563	-1.245215	0.075159	-0.336291	-0.414239	-2.136259	3.816164	1.463261	2.330967	-2.513635	-1.060769	-0.495572	-0.558341	-0.969680	0.109330	2.364244	0.166104	1.310307	0.030826	-1.273410	-2.327773	-1.979786	-1.894237	-1.768041	2.484849	2.444912	-2.440372
1.360391	0.573126	1.048691	0.609591	-0.755964	-0.698142	-1.121451	0.720263	0.014807	-1.112766	0.596245	-0.082473	2.290321	-1.370418	-1.061841	-1.871434	-0.867306	2.222811	-1.178465	-2.387999	-1.778982	-1.156722	-1.146324	-1.085190	1.755748	-0.092308	-1.441615	3.574212	-1.496723	0.647684	-0.624799	-0.013009	-2.297719	0.257893	1.018458	2.821291	0.916802	-1.037391	1.091190	-0.392720	1.069896	-0.545475	0.254379	-0.964826	2.478129	0.418778	-1.632562	0.075780	-0.090523	-2.100455
-1.652209	0.607794	0.705699	1.128713	-0.028549	1.014151	1.060650	-0.988337	1.840169	-1.352479	0.123679	-0.835632	1.703757	-0.610943	0.292465	0.021378	0.669170	1.406108	0.447017	0.573351	0.185666	1.199510	-1.339536	0.998529	-2.742009	0.049820	0.273234	-1.574421	-1.634340	-1.202874	-0.257176	0.178945	1.258789	-0.623972	0.371444	-1.658785	2.983004	-0.479814	-2.266661	-0.194242	-0.855040	1.589929	0.500070	-0.155327	-3.995567	0.958603	1.304910	0.003262	0.696522	-0.320977
1.945536	-0.466751	-0.292311	2.504703	-0.933508	0.450158	-1.413119	-3.420239	-0.962225	-0.750338	1.322395	0.749283	-0.575623	-1.685662	-1.855015	0.656481	-1.983963	0.531699	-1.831329	-1.601476	-1.906668	-1.173933	-0.684271	0.485599	0.258107	0.778968	-0.220553	2.289352	-0.394875	-0.732404	-0.130653	-0.223775	2.108264	1.138370	0.667920	-0.199575	-0.214198	-3.369318	1.208974	0.363575	-1.466597	0.224788	-1.497074	-2.993689	1.693818	-0.095170	0.816070	-0.933276	-1.215133	-0.693080
-0.080927	-1.604801	-1.380108	-0.205760	-0.142187	-0.407965	0.680981	1.045195	2.322203	1.228202	-0.030530	1.634485	-0.445393	-0.398504	0.251546	-0.644303	2.293739	-1.898609	-0.526874	1.214642	0.739179	1.098243	-1.402879	2.005317	-0.215303	0.870334	0.145001	-0.990422	0.593424	-1.286970	-0.456097	-0.352893	-2.693231	0.836493	-0.560224	-0.352227	1.105692	-1.322621	-0.707582	1.005543	1.079816	0.548478	-0.113952	-0.669580	0.969626	2.119596	-1.858394	-0.996729	1.347932	0.554083
-0.589812	0.191535	-2.326028	0.408412	1.197544	1.026602	-1.234335	-1.507263	-1.889948	0.529101	-1.307379	0.799923	-0.728720	0.117841	0.840647	1.419000	-1.708024	-1.081796	2.433631	-0.179456	0.540967	0.439715	-0.021919	-1.275960	-1.013423	-1.025603	0.218565	-0.164388	1.327497	-2.108080	0.206494	-0.183550	1.841070	0.760336	-1.250914	-1.790322	0.259932	1.056627	-0.768806	-0.284551	-1.326494	1.664121	0.131687	0.061667	-1.409379	0.315496	-0.229307	-3.155493	-0.625526	0.681513
-1.730320	-0.959289	0.525308	-0.140444	2.618876	-1.087821	0.108967	1.592568	-0.382313	1.421770	-0.796448	-2.677837	1.949603	1.709857	-0.635404	-1.428517	0.807327	0.592297	0.199584	-0.037896	-0.815406	-0.465270	-0.672312	-1.611871	-0.021972	-0.479012	-0.413347	-1.099489	0.545016	2.000744	0.609499	-1.380299	-0.611722	-0.502716	0.908071	-0.493558	0.144517	1.118222	0.060462	-1.173912	0.214074	1.912492	0.422876	1.572750	-0.717937	-0.787349	-0.798794	1.492388	1.180048	1.689984
-1.804757	-0.524320	1.328967	-0.641960	-0.034763	-0.985906	0.924499	1.570439	-0.910909	0.192964	-0.439330	-0.872863	0.287333	-1.273486	0.305850	-0.877298	1.478971	0.471522	1.446861	-0.229826	-0.756234	-1.544759	-0.334660	0.235026	-0.305482	-0.965249	-1.129517	0.924904	-0.023081	0.573436	-2.554404	0.241180	-0.679401	-0.703113	0.043291	-0.013866	1.492034	2.340764	0.158588	0.194982	-0.344312	-1.104876	0.495647	1.149301	-2.478650	0.971770	0.165001	2.523580	1.994643	-0.273422
1.701948	-1.595152	2.370869	0.607407	1.214019	-1.337775	1.401262	0.638583	-0.737506	0.686327	1.113420	0.259774	-0.719846	1.092166	1.219021	-1.029265	-1.291747	-0.596722	-1.009330	-0.898630	2.538827	0.819031	0.442892	-0.957954	1.518638	1.809496	1.039501	0.728303	0.231922	3.259140	0.842531	0.084116	-0.294715	0.551552	1.031281	1.359385	-0.162003	0.321405	0.811879	0.942942	0.330634	0.673250	-0.923014	-0.329119	1.064100	-0.320130	-0.807899	1.399981	1.826199	-0.271178
-0.922179	-0.423773	-0.741135	-0.076927	-0.038985	0.291547	0.308911	2.206366	1.790296	0.535677	-0.529829	0.566469	0.744346	-0.502976	0.435365	-0.455013	1.750963	0.857503	-3.246021	-2.628907	-0.833694	1.099183	-3.655063	-0.136992	2.581745	-0.897626	0.502143	4.411887	0.853921	-2.812674	-3.466313	-1.409723	0.812663	-0.224358	-0.273720	5.097330	1.759123	-2.337698	-1.469299	1.129037	-1.948397	0.281689	1.912083	0.262070	2.248527	1.983395	-0.604103	-1.313515	2.609462	-0.838501
