X37	X13	X35	X7	X26	X34	X42	X4	X45	X16	X18	X11	X14	X8	X10	X48	X22	X23	X41	X46	X15	X50	X31	X19	X25	X28	X5	X40	X43	X32	X30	X38	X9	X47	X24	X1	X12	X2	X49	X33	X39	X6	X27	X36	X17	X44	X20	X21	X29	X3
-0.796809	0.049292	-0.069590	-0.570875	-2.490753	0.906186	-1.455340	-2.385644	0.667754	0.444601	-0.421636	-0.413475	0.885697	-0.612379	1.848304	0.494342	0.691355	1.174656	-0.087293	0.188882	0.687680	0.957280	-0.999103	1.734667	1.209529	-1.098242	0.111995	0.603045	-0.558224	0.838843	0.998359	-0.473781	0.097184	1.733690	0.899934	0.397538	-0.993012	2.045834	-1.791193	1.006166	1.486160	-1.724697	-0.852739	-1.033472	0.087343	-1.071232	-0.567977	-0.669005	-2.769498	-0.143628
-0.236334	1.307253	0.248169	0.800443	2.751542	2.172519	0.404856	-0.048241	-2.019312	2.314070	0.233387	0.569905	0.708290	1.447283	1.119682	1.052668	-2.372712	0.008539	0.049751	-1.462908	1.310451	0.245518	1.258454	-0.216902	-0.678991	0.692642	0.855159	0.075673	1.826458	1.070238	1.077485	0.085743	0.561168	1.471721	-1.084672	0.120109	0.467389	-1.291027	3.586420	1.981169	1.506048	0.089060	0.357798	0.687084	-0.335666	2.412802	-1.513640	0.734140	3.321202	-1.499304
-0.767146	-0.707235	0.555322	3.869661	0.056944	-1.695429	1.499555	0.425086	1.448549	-0.672662	0.963456	-0.948725	-0.077542	1.646956	-0.252396	2.103716	0.699492	0.406331	-0.675145	-0.246158	0.052321	0.419915	-0.123721	-0.360981	-0.092061	-0.174991	0.314233	0.723316	0.285889	1.014460	0.039007	1.996429	-0.753722	-1.204563	1.319909	0.189008	0.245516	0.113719	-1.514000	-0.830506	0.111721	0.795014	-1.886852	0.459624	-0.512578	-0.243493	-2.070867	-0.001320	-0.983924	1.424959
-1.434281	0.050947	-0.408967	3.279020	-2.118697	0.355891	-0.535336	-0.022206	0.213018	0.424492	1.707068	0.461527	-0.428654	-0.323350	-1.943533	-0.720089	-2.438925	-0.300390	-0.187192	-1.736659	-0.146996	1.845993	3.011856	2.038901	1.916579	0.567361	0.508861	1.799226	1.786399	1.889877	1.073363	0.363618	1.379318	-2.259373	-0.711574	-2.148726	2.546392	-1.970038	-2.475606	-0.574013	1.804429	-1.034356	0.985898	0.558143	-1.144446	-1.488976	0.410351	0.901051	0.183599	-0.212112
0.950189	0.568383	-0.511191	-2.888935	0.687168	-1.758946	0.892891	-1.165330	0.258977	-1.757809	0.213360	0.071976	0.266219	-0.253721	0.315328	1.283026	-1.754799	1.753915	1.517524	0.272171	1.021690	0.485859	1.875537	2.271039	-1.450742	0.955938	0.926271	0.563496	0.767133	0.276984	1.154881	-1.003927	-0.045706	-1.580322	0.181577	-1.944439	1.325386	-1.121685	-1.179939	-0.836664	-0.017577	-0.349675	-0.380636	0.450422	0.637005	-1.137190	-0.288412	-0.322218	0.703654	1.923958
-1.075102	2.046650	-0.901919	-0.876413	-1.866002	0.473805	-2.080142	-0.291791	0.710466	-0.818564	0.827270	0.792925	0.363097	-0.498741	0.173538	-1.210511	0.131578	0.517233	-0.131553	-0.299814	-0.583935	0.685125	0.931854	0.977603	0.297535	0.329932	1.664129	-0.394002	-0.229818	-0.175824	3.144028	-1.042002	0.826808	-0.017520	-0.516217	0.353086	-2.222540	0.335962	-0.328831	0.740164	1.793445	-1.293156	-2.098503	-0.405660	-0.800237	-0.103957	2.361213	1.064295	-0.803630	1.467138
1.126671	-0.000521	-1.170689	-0.433330	-1.588727	-0.475359	-0.850141	-1.686409	0.561013	-0.767982	0.214384	2.360935	1.379459	0.739381	0.291987	1.244172	-0.380122	1.804951	1.421605	0.292537	-0.849960	0.506980	0.074037	0.407235	0.985369	-0.629800	-0.581664	-0.415283	0.003991	1.958417	0.417702	-0.502374	-0.580341	-1.320279	-0.575457	-1.238045	-0.945630	0.121498	-2.106439	-1.209882	-2.132362	-1.675376	1.550370	-0.023434	-0.600686	-1.116691	-1.470172	-1.096999	-1.862325	-0.573873
0.908649	-0.015166	0.259665	-2.809184	0.670329	0.073792	1.209212	0.510857	0.269455	1.096197	-1.096343	-2.485885	-1.253049	0.306123	0.900874	1.112029	0.717004	1.799935	1.142525	0.588654	0.972949	-1.080373	1.459869	-1.694684	-1.233336	1.015921	-0.264415	0.178301	-0.669863	0.144815	-0.807694	-1.495880	-0.214138	0.315094	2.593704	0.722266	-0.329166	0.594727	1.634584	1.281235	-0.097571	-0.274535	-1.601563	-1.190536	0.321315	1.990511	-2.090282	-0.454015	0.341759	-1.054491
-1.023188	0.850925	0.910458	-0.580241	1.977738	0.015497	1.282805	0.920933	0.986285	0.147012	1.000895	-1.380102	0.798591	-0.611016	-0.213836	0.142800	1.060908	0.394684	0.591524	-0.470405	2.111475	-1.455457	-0.480467	0.141329	-1.318564	0.951224	0.925100	2.144178	-1.122749	-0.784665	-0.123319	-0.575449	1.652635	2.303891	2.958156	3.012304	0.833227	1.325040	2.444110	-0.068606	1.717344	1.342669	-1.984786	0.637879	0.055972	2.712846	1.147645	0.788339	1.118059	0.222549
0.164017	-0.542166	0.064868	1.744667	0.608965	-4.313835	3.387710	-0.728693	3.275033	-4.462002	-0.863229	-0.486639	0.689476	0.147858	2.939575	2.288693	2.677056	1.611014	0.101741	0.604356	-1.550877	-0.736044	-2.824732	1.783285	-4.124235	0.036070	-0.672346	-1.380779	-1.864038	-0.786881	-0.445737	2.443116	-3.027443	-2.047484	0.656439	-2.519480	-1.082999	1.066422	-2.738022	-1.402707	-2.039959	0.705452	-0.452850	-0.396343	0.618401	-1.803448	-3.626229	-0.716325	-2.183078	0.885025
0.395218	-0.015555	2.421549	-2.427028	1.735755	0.289294	0.272741	0.231378	-1.003564	0.831654	-1.372485	1.819369	-0.618762	-1.363770	0.594004	-1.064976	-0.094859	0.031894	0.677090	0.431808	2.181466	-0.217495	0.013668	1.285909	-1.841985	0.951535	0.733680	0.419660	-1.391783	-1.587486	0.748395	-1.396424	2.173076	0.801334	-0.650959	-0.730396	0.600698	0.716631	2.370819	1.661634	0.088593	2.064394	1.668340	0.385106	0.888308	0.674782	1.443705	0.669145	0.895389	0.492454
-1.001761	0.062256	-1.017493	1.702146	-1.768241	1.744971	-1.160403	0.521270	1.033991	1.067442	1.835797	-2.835950	0.019278	1.578600	0.701572	-0.170874	-0.019372	-1.535406	-1.350935	-0.601840	0.549172	1.082648	-0.282845	-1.205826	3.433663	-0.327463	0.483541	2.022062	1.350140	2.050430	1.551966	0.130186	1.026341	0.380615	1.632046	2.440103	0.376573	-0.185265	-0.168235	-0.659578	1.033964	-0.281268	-1.443255	-0.218468	-1.286747	1.118892	0.367734	1.124587	-1.672587	-1.563862
-0.276689	1.057111	-0.475782	-2.385001	-1.539055	-1.085671	0.014430	-2.241143	1.941833	-1.138620	1.933002	-0.508524	0.701186	-0.897179	-0.246884	1.205383	0.612339	1.181382	0.082510	-0.145132	-2.095208	0.242452	-0.023113	1.048777	-0.091223	0.884555	1.773445	-0.609462	-0.365024	1.040177	2.665577	-1.411536	1.094510	-1.101037	0.472646	0.172153	-1.736053	-0.298455	-1.236802	-0.456399	0.586936	-1.224783	-0.586202	-0.103210	1.796064	-0.482553	0.926457	1.671149	-1.069248	-1.239567
-0.449753	-0.085781	-0.797259	-0.967357	1.273786	-0.960676	0.133709	0.629532	-1.173856	-3.010828	-0.530975	-1.692328	-1.348890	-0.225700	-1.039402	-1.435261	-0.637150	0.136751	0.737895	-0.485070	-1.123184	0.332670	0.476293	0.383988	0.821637	0.555052	0.830180	0.661024	-1.589019	-0.802438	0.784140	-1.131067	2.190292	-0.000987	-0.104575	1.378025	1.328734	2.043571	4.288641	-0.705843	0.868740	0.028076	-1.059028	0.005276	0.479096	3.433351	2.250483	1.131348	2.468814	-0.226664
0.962131	-0.017296	1.276872	-2.928035	1.557490	0.430864	2.031254	0.393209	0.303589	-0.459029	1.000026	-0.097857	0.400797	-0.040691	-0.394264	-0.110172	1.030118	0.567193	0.545025	2.158753	0.925266	-0.242713	-2.553287	0.441215	-0.612234	-1.356981	-0.289361	-1.103728	-1.075131	-0.354683	1.365485	-1.713782	-2.261708	1.469566	-0.328927	-0.332397	-0.502171	0.758599	0.609767	-0.021348	-1.995185	0.429778	-0.796336	-0.223921	-2.388634	0.450558	-1.618641	0.072162	1.467714	-0.663739
0.067032	-0.753318	-1.136810	-0.314360	-0.478219	0.686557	-1.289529	0.016806	-0.610437	1.082836	-0.158195	-2.197867	-0.360568	0.474743	0.416066	0.398718	0.959032	1.136777	0.920106	1.337276	-1.945165	1.204037	-0.424643	0.447323	-0.728142	0.644539	0.903099	0.864528	0.430553	0.710274	1.989419	-1.228116	0.804285	-0.494519	-0.680216	-1.138528	-0.694328	0.566213	-0.341205	1.643484	1.834990	0.376468	-0.071806	-0.301268	-1.385006	-0.103047	0.863243	-0.355984	-0.953071	1.336660
1.764513	3.269723	-2.242541	0.381942	1.180512	1.513364	-0.368156	0.145587	-0.300556	2.759489	1.631167	0.920812	-0.304766	3.828810	0.640192	2.368048	-4.036904	1.780993	1.533568	0.255370	-1.309373	1.054243	0.794156	2.386048	-1.661895	0.429465	1.850705	0.658597	2.318269	2.535430	1.969799	-0.290090	0.868395	-0.901332	-0.013807	-0.263891	-2.405833	-2.993106	2.949489	1.628709	-0.836835	-0.452254	-1.125611	3.125363	-0.243063	3.025431	-1.205473	1.310982	3.797359	-0.141500
0.491163	0.137041	-0.874306	2.383091	1.189171	-0.022425	-0.735458	0.660412	2.000608	0.189140	3.503451	1.888083	-0.885981	1.345741	1.143107	-0.538217	0.692029	0.148968	1.722433	-0.018410	-0.929036	-0.115244	1.252686	0.160569	0.734252	1.613464	0.400226	2.229352	0.709221	-0.031864	0.334180	2.016237	2.537569	0.673047	-0.048530	2.137971	-0.727137	-0.267091	-0.085385	-1.003648	-0.225555	0.199097	0.659067	0.546387	0.171057	1.093995	1.614001	-0.251200	0.123440	2.216623
2.277264	1.369971	1.281585	-0.832641	0.920703	-1.748658	2.717364	-0.533109	-0.256489	0.113184	-0.915760	2.100941	-0.431790	1.047113	0.635660	0.986454	-2.691582	-0.687397	1.081172	0.626803	-0.126484	-1.817696	0.800596	1.790948	-4.115552	-0.362042	-0.171273	0.122000	-0.305859	0.214591	-0.405186	0.137917	-0.500731	-0.220060	-0.883215	-0.305352	0.934763	-0.839223	0.259467	0.016876	-3.021149	-0.553460	0.437641	0.357290	0.309342	-0.242117	-1.098979	-0.973402	2.186530	2.139532
0.850805	0.152858	-0.783723	-0.905120	0.278034	-1.980676	0.266921	0.303316	-1.470615	-1.410308	-0.397902	-1.648551	1.434100	0.064810	-0.756020	-0.683667	0.247546	2.268675	1.442925	0.297937	-0.379698	1.195874	1.311236	1.695223	0.028857	1.375627	1.082019	1.204833	0.213572	0.700106	0.570570	-1.485283	1.283333	-1.370527	-1.057106	-0.711407	0.339308	-0.569793	0.630281	-0.945634	0.531546	-0.211388	0.219880	0.283829	0.506090	0.391967	1.648902	1.252743	0.560227	0.846762
1.381062	-0.679061	-0.591613	-1.072166	0.359061	-0.285340	-0.712816	0.452953	0.742418	-1.096628	1.570587	1.366623	-0.934484	0.969112	1.032512	0.804937	1.812646	-1.277830	-0.554594	1.438977	1.476337	-0.701984	-1.371904	-0.870148	1.071745	-1.696391	-2.069655	-0.139708	0.897926	0.422861	-1.987320	0.213752	-2.272529	0.769871	0.508948	1.258093	1.595801	0.694190	-0.251159	-1.775555	-2.190964	0.663051	0.462309	0.627296	-0.734893	1.046418	-1.019440	-1.426045	-0.845182	0.285605
-0.362213	0.419754	-1.133225	-0.813293	-0.371873	1.257958	-2.805831	1.086457	-0.884596	0.639431	-1.784755	2.786491	-0.681561	-0.881200	0.356912	-1.471733	0.498401	0.735566	1.106936	-0.242917	-1.612626	-1.035834	0.809927	1.121671	-0.509926	0.056992	1.727625	-2.495381	-2.405997	-0.783951	0.636216	0.402028	0.818868	1.443283	0.596250	0.536149	-0.856159	2.436420	0.121356	1.836188	1.199981	0.740541	0.808531	0.813792	-0.132559	-1.274350	0.806077	1.696716	-1.285774	-0.542702
0.143712	-0.396088	-0.038389	-1.651118	-1.119290	1.940284	-0.688765	-1.009442	-0.860429	0.526907	-0.587416	0.755693	0.108639	-0.116250	0.578951	1.892036	-0.395929	0.859922	-0.781499	0.514949	-0.756454	-1.347584	-1.613810	-0.238780	-1.321707	-0.793347	-1.710677	-2.137961	-1.026784	-1.470724	-0.309230	-1.292651	-3.158564	2.420225	1.417727	0.859828	0.503998	0.074259	1.018352	1.194010	-1.662962	-0.262982	-0.154788	0.472987	-1.438481	0.341730	-2.278382	-1.419496	-0.089871	-1.792945
0.459635	-0.145250	0.810865	-1.569332	-0.018849	-1.641087	0.987246	-0.280624	-0.222160	-2.439754	-0.803168	0.927181	1.849568	-1.916491	-0.742815	-1.305999	-0.090591	-0.242947	-0.624906	0.307963	0.278003	0.390635	-0.046729	0.320123	0.390503	-0.525973	-2.035740	1.214005	-0.657992	-0.915560	-3.082079	-1.051464	-0.577925	-1.499058	-1.632389	-2.109087	0.835872	0.069612	-2.442306	-2.679283	-1.766199	-1.034654	0.996647	-1.165639	1.194773	-1.596812	-0.197670	-2.278646	-0.153011	0.338632
1.109598	-1.127610	0.012019	-0.821731	3.573028	-2.591124	3.263666	0.619755	-0.865255	-0.414881	0.213640	-1.366986	-0.273128	-0.208027	-0.431439	0.442093	0.274356	1.232562	0.176223	0.365284	1.527811	-1.016687	0.747823	1.034565	-2.805276	1.045008	-0.521642	0.792816	0.032738	-0.487796	-0.437532	-0.585349	-0.864908	-0.378891	1.374789	-0.300914	0.013279	-1.138476	1.476054	-1.095282	-0.697449	0.279343	0.281990	0.180680	-0.243734	0.637140	-1.021290	0.357485	3.137819	-1.109318
0.786300	1.212939	0.177912	-0.718607	-0.878443	0.554310	0.227563	-0.108508	0.690818	0.377508	-0.163430	-1.715540	0.915126	1.886478	-0.372749	1.454921	-0.215658	-1.422230	-0.418686	0.512940	1.323966	0.449891	-0.393172	0.901145	0.270792	-0.343925	0.673734	-0.146016	-0.125849	1.566067	0.992479	-1.508403	0.466778	0.198202	0.276779	0.873879	0.443652	0.025616	0.414720	0.280055	0.048056	0.513116	-2.096217	1.262438	0.843618	1.177526	-0.082324	0.487487	-0.375317	-0.938025
0.828021	-0.378133	-0.369146	-0.871470	0.570526	-0.045850	0.401227	-0.146323	1.764241	0.605652	0.537861	-0.791520	-1.079777	-0.362600	0.896904	0.818544	0.902505	0.791017	0.626417	0.928525	0.516065	-0.565615	0.078400	1.021934	0.164516	0.188460	-0.265933	0.967957	-0.288685	0.235643	0.377614	0.247793	-0.565297	0.893945	0.475919	-0.131313	-0.475196	0.780922	-0.792752	0.321320	-1.500613	-0.534723	0.696447	-1.021553	-0.961031	0.184398	-1.586927	-0.522842	-1.070405	0.524451
4.694406	0.830818	-0.160692	-3.782962	2.445663	0.150682	0.842043	-0.518412	-0.737179	-0.323654	2.184684	-0.792464	-1.572083	4.449456	-0.255579	2.853611	-3.172422	-2.265765	-0.337958	1.863819	0.285425	1.866404	0.875561	-0.183616	-0.425174	0.119549	0.375471	2.585647	1.525600	4.801429	1.310073	-2.356096	-0.717404	-2.691512	-0.349460	-1.547160	-0.483764	-2.488109	0.134981	-1.138370	-3.967968	-0.662629	-0.776057	0.151917	-1.711679	1.001565	0.178550	0.435379	4.335248	-0.423613
0.648502	0.882395	-0.057119	0.839380	-0.453851	-2.250341	2.813934	-0.343795	2.747316	-2.286116	2.633162	-1.407975	0.384640	1.738707	-1.084556	2.847932	0.406838	0.499393	0.498111	1.149969	0.727577	-0.191621	-0.870674	-0.884331	0.959594	-1.175366	1.039251	1.648211	0.522962	2.001067	0.292713	0.274198	-0.403895	0.179459	2.413458	1.770827	-1.855632	-0.165797	-1.799179	-3.004857	-1.663618	-0.755768	-1.483041	-1.003608	2.037727	0.753987	-1.993286	0.196444	0.343688	1.730708
2.390420	-0.994561	-0.640075	-3.687655	-0.724907	2.618509	-2.208780	1.297722	-2.070793	0.390720	-0.546589	1.790094	0.350187	0.145702	0.242872	-1.266940	-1.988137	0.996231	1.098350	1.223611	0.006032	-0.186731	-1.150355	-0.506040	1.966897	-0.731057	-0.352085	-0.051445	1.236437	0.070199	-1.282270	-1.399627	-0.227121	1.784734	0.040498	1.616142	1.267312	-1.720766	1.714797	0.010631	-1.467310	3.112783	2.915890	3.221630	1.129154	1.210990	0.708803	-0.063403	0.432917	-0.026991
-0.316624	-1.745639	1.450190	-2.578969	-2.368033	2.618963	-0.986646	-1.565132	-0.013515	0.418600	-2.205325	-0.740391	1.116425	-1.954310	-0.136991	0.178278	1.298721	0.006517	-0.026114	0.336481	0.734482	-0.335011	-2.668501	0.057027	2.228351	-2.099788	-0.812422	-2.574729	-1.044134	-0.858856	1.055373	-1.315442	-1.447052	3.199822	0.324225	0.498933	-2.317384	1.750294	-1.240379	1.919835	0.277346	-0.231812	1.962409	-1.169949	-0.307268	-1.960001	-2.049558	-0.497646	-2.706843	-3.954373
0.384751	-0.176740	-0.042087	-1.081637	1.431175	-1.586533	1.799773	0.842143	-0.556138	-1.470752	-0.146231	-1.886595	0.157278	0.168878	0.148461	-0.570976	-2.251529	-0.854845	0.155712	-1.435815	-0.149457	-1.329257	1.927053	-1.654603	-0.844264	1.318526	0.026229	1.775269	0.382211	1.682216	0.567135	-0.824231	2.081116	0.868646	0.446911	3.114961	1.432422	-0.992648	1.414029	-1.293181	1.105710	-0.366092	-0.258055	-0.514263	-0.149301	1.605211	0.236753	1.879443	1.983614	-2.522652
0.767186	-1.450140	1.069449	-2.253723	0.188402	-1.796049	0.200048	-0.437851	-0.320443	-1.017473	-4.869266	1.126498	-1.652259	-2.659299	0.429937	-1.177306	2.921516	0.486352	-0.000499	1.306204	1.336144	-2.524591	-0.660481	-0.583979	-2.080760	1.467293	-1.006136	-1.231281	-3.688238	-2.283998	-0.486927	-0.777270	-0.833442	0.790384	2.469301	0.534944	0.522264	3.017910	0.346581	1.819016	-0.538661	0.571939	2.697123	-1.317952	-1.268564	-0.793469	0.035782	-1.070541	-2.612897	-0.056269
-3.446379	-0.865378	-2.244721	4.132733	0.077525	0.329382	-2.750200	-0.125034	-2.896254	1.673648	-2.983032	1.674231	0.595827	-2.927945	-1.674518	-0.923067	2.246460	-2.323562	-2.501049	-1.676405	-2.585095	-1.378936	0.010030	-1.429829	-2.841388	0.228097	0.004496	-1.855740	-1.841864	-1.432724	-0.933405	1.465158	-0.841901	-1.255706	-1.000636	-1.040139	0.039549	1.541652	1.557028	2.195433	2.495123	-0.070182	1.522800	0.717951	2.047538	-0.564862	-0.888686	-0.617219	-0.832133	-0.998384
0.875145	-1.224777	-0.037062	0.420799	1.885412	-1.902284	1.441917	0.718733	-1.916798	-0.514921	1.114997	-0.809148	2.189441	0.411885	-0.097956	-0.739632	-0.841583	0.443179	0.998777	-0.271630	-1.623927	0.274077	0.481231	-1.648667	-2.315557	0.274496	-0.808004	1.415557	0.204568	-1.717495	-1.193735	0.404860	0.871796	-1.354876	-2.201933	-0.959275	1.066019	-0.289885	1.923934	-0.811879	0.062878	1.349653	1.093434	0.862494	0.769750	0.919399	1.169373	-0.986734	2.382107	2.177498
2.755505	0.666270	0.549331	-1.714760	1.561132	0.663841	0.950061	-0.501464	-1.107187	1.119239	-0.532628	1.229483	-0.583058	3.160986	0.645287	2.103165	-1.202822	1.015638	1.180930	1.260070	2.215413	-0.620240	-0.777048	-0.681738	-1.561069	0.450075	0.556270	-0.081492	0.536047	1.557762	0.770056	-0.887250	-0.072979	0.726699	-0.271235	1.122099	0.012121	-1.003814	0.868342	0.209028	-2.460623	-1.198656	0.380412	0.120213	0.948652	0.937525	-0.975381	0.131167	2.524632	-1.027236
0.437660	0.091922	0.991508	-1.841565	-0.797331	-0.334431	1.215877	-1.381119	2.084566	0.200280	1.723256	0.220508	-0.927184	-0.174363	-0.353311	1.287692	0.379753	-0.523672	-0.247368	0.600621	0.317534	1.166215	0.739543	1.540947	0.709576	0.365923	-0.288602	0.166869	-0.184883	0.946277	1.984290	-1.218697	0.237156	-0.438458	0.857724	-0.667323	0.275458	0.164186	-1.928892	0.074873	-0.716154	-1.000435	-0.763706	-1.162175	-0.406873	-1.329916	0.298475	-0.057759	-0.574872	-0.924754
1.917041	0.593521	-0.147900	-1.446969	0.270658	-1.591449	2.534402	0.195230	0.643323	-2.114820	-0.090292	1.204919	0.491973	1.089606	-0.616470	1.480432	-1.037084	0.836474	0.803964	-0.664926	1.386503	0.633112	2.399517	-0.492072	0.112879	0.659925	-0.199184	-1.555412	-0.200433	0.059997	-0.524488	-0.089730	-0.447662	-0.411970	-0.625290	-1.406862	0.456464	-0.278489	-0.309944	-0.678953	-1.614167	1.016958	0.236291	1.825358	1.498742	-0.481885	-2.040826	-0.352155	1.428697	0.381732
-0.507941	0.504807	0.737778	0.482300	-0.426309	-1.614935	1.289229	-1.187226	1.210788	-0.627638	-1.806837	-0.172220	-0.685519	-0.107574	-0.076683	0.447369	1.199095	1.306251	-0.523999	-0.253815	1.865714	-0.121245	0.901531	0.276992	-0.717092	0.570085	-0.830014	0.756265	-0.094483	1.624380	0.490459	-0.615735	0.210135	-1.486950	0.108044	-1.028015	0.282047	-0.665585	-2.818359	-0.449948	-0.360474	-2.461647	-0.770939	-2.212302	-0.444559	-1.296945	0.465658	-0.630546	-0.503470	-0.939190
-0.844281	0.239040	0.543192	-1.006791	-1.712537	0.944160	-0.397542	-1.626976	1.950115	-0.548220	-0.425066	-0.985424	0.006962	-0.951123	1.525657	-0.215654	0.298059	-0.149292	-0.398243	1.306059	0.816092	-0.142316	-2.718637	-1.789417	0.491648	-1.095591	-0.238652	-0.359208	0.114479	1.035978	0.451640	-0.398050	-1.037840	0.066079	-0.233280	-0.103896	-1.990068	0.984673	-2.948653	0.282484	0.827792	-2.296655	0.197844	-2.242239	-1.105012	-1.824409	-0.313542	-1.152602	-1.976255	2.260241
-1.122058	0.412851	-0.212807	-1.912900	-2.314313	2.091645	-2.569791	-1.278655	-1.694601	-2.519658	-2.064092	1.222317	1.416504	-1.840057	0.079696	-0.835004	-0.428132	0.354800	0.148217	1.065156	0.892146	0.173852	-2.788800	-0.583784	1.920812	-1.649359	-0.847664	-1.495490	0.756497	-1.538293	-0.205108	-0.678489	0.999770	1.415760	-0.998015	-0.711878	-0.115503	-0.287098	-0.828500	0.044347	0.525545	-1.340022	0.011771	0.314050	1.171071	-1.841577	0.700724	-0.563259	-1.643231	1.044407
0.638798	-2.378754	-0.987929	-0.138785	-0.904768	-0.749362	0.274227	-0.175370	0.146469	-0.149934	-1.039931	-1.505935	-1.574208	-1.131706	0.513980	-0.544852	-0.342477	-0.184302	-0.004227	1.023888	0.663332	-0.787742	-0.780414	-0.895161	0.174904	-0.351440	-3.133429	0.124694	-0.129711	-0.127128	-4.012514	0.237655	-1.842990	-1.061349	0.730235	-0.493591	1.508484	0.111596	-0.567339	-1.433003	-1.569708	-1.263192	1.748240	-0.560798	-0.526821	0.312855	-1.114947	-2.870210	-0.639695	1.060035
1.159806	1.449050	1.011411	-3.219253	-0.543846	1.608728	-0.532287	-1.854301	1.421202	0.900325	0.276846	-0.003782	-1.780718	0.808494	0.895147	0.300706	2.286901	0.152231	-0.271054	1.118024	1.607245	1.620029	-0.696221	1.807460	0.367783	1.086732	-0.361685	0.151769	-1.853551	3.065466	1.287105	-2.757818	-0.018364	-0.341391	-0.883211	-2.566660	1.968347	1.255610	-2.655136	0.956102	-1.203175	-4.265075	-0.057917	-4.177751	-1.498028	-1.334324	1.183972	0.768697	-0.610206	-4.641188
0.422749	0.028308	-0.459273	-1.265581	-1.060146	0.728741	0.167627	-0.706113	0.158085	0.803486	-0.766559	-1.315879	-0.466308	-0.792352	1.207438	0.728731	-0.172896	-1.146683	-0.888987	1.574910	0.585559	-1.534209	-0.119748	-2.296661	0.407540	0.436895	-2.289238	-1.340473	0.045320	0.503474	-2.457726	0.639000	-3.063155	1.103609	1.515601	1.487458	0.513480	0.229864	-0.041095	0.039725	-1.374592	-2.122224	-1.819966	-2.060707	-1.280419	1.098541	-2.434011	-3.717915	-0.923093	3.296532
0.390371	-1.820489	-0.594280	-3.304670	0.744188	1.561967	-2.209104	1.027111	-0.024896	-0.493620	-1.285404	1.663513	0.627809	-3.463046	1.718402	-2.644976	2.381066	-2.007141	-0.123061	1.528324	0.021298	-1.751337	-1.608656	-1.876862	1.511094	-0.620671	-3.052778	-3.256733	-3.025455	-3.991227	-5.240160	-0.270581	-1.199056	3.536948	1.339181	1.534559	0.486351	3.426439	0.351159	-0.123973	-1.011462	0.549108	2.150784	-0.452428	0.840563	-0.650776	-0.770469	-3.365874	-2.680916	2.043167
-0.064800	0.932007	-0.282401	0.731599	0.722612	-2.084586	1.063124	-1.350145	0.108222	-1.413274	1.249757	0.611644	0.293906	0.120606	0.314449	1.581463	0.342546	0.375955	0.311556	-0.877376	-1.111805	0.799397	0.228741	1.422365	-2.892682	-0.528362	1.437109	-0.578971	-0.886056	-0.343702	1.096984	0.292543	-1.030940	-2.507950	-0.227225	-2.229301	-0.246995	1.205218	-0.030181	-0.601966	-0.546667	-0.249918	-0.612146	-0.746159	0.817128	-0.212233	0.057808	0.741947	0.562327	-1.259403
-0.676712	-0.509884	0.033333	1.733575	-0.333589	0.792272	-2.614086	0.784955	-1.874041	0.598082	-2.534868	1.587163	1.026215	-0.727845	-0.954565	-1.137242	3.754272	0.483813	0.166166	-0.189074	-1.166146	-1.422136	-0.397465	0.686760	1.128179	-0.154733	0.303463	-0.665118	-0.196586	-0.403580	-0.329662	2.099280	0.737544	1.366447	1.059557	1.277262	-0.695897	1.126038	0.058311	1.262450	1.060221	1.146344	2.404262	0.551907	0.273230	-0.453807	0.705464	0.174795	-2.136163	0.045526
-0.489030	-0.692791	-1.587686	1.151728	-2.289633	0.801769	-1.589695	-0.718074	-0.528745	0.787407	-0.919601	-2.488754	-1.126201	0.295056	-0.978753	0.572322	-2.080707	-0.373619	-0.596588	-1.109059	-1.701216	0.210373	1.451242	-0.495714	-0.206349	0.846201	-1.258830	0.478477	0.707742	-0.854726	-0.555125	0.313236	0.948076	-0.443865	0.456839	0.456955	0.572586	-0.519543	1.847881	0.609830	1.534596	-0.471387	-1.065010	-0.091372	-1.147086	1.333195	0.082894	-1.028042	-0.445767	-1.015846
-0.062036	0.351852	2.106108	-0.653872	3.429664	-0.884845	2.202926	1.370546	-0.617731	0.257443	-0.424598	2.184398	-0.827336	-0.894634	0.228149	-1.308196	1.102786	-0.213840	-0.543455	-0.452360	1.338204	-2.080654	0.224191	-1.758485	-1.488687	-0.103057	-0.052830	-0.856115	-2.530832	-1.310522	-1.582765	-0.460280	-1.603496	1.008448	0.819994	0.395218	-0.543022	2.532722	2.608557	0.232205	-2.155899	2.234513	0.579710	1.409627	-1.493876	1.156156	-0.086745	0.820080	2.840691	-1.867909
-0.500807	0.031057	0.254349	0.332414	-0.546093	-0.538400	1.202218	0.174142	-1.337305	0.479710	0.352325	-0.749217	2.820999	-0.285260	-1.116890	-0.610353	-0.430619	-0.940625	-0.598349	-1.841209	-0.393687	-0.057683	1.667775	-1.648467	-1.001809	1.558619	-0.408648	0.048433	-0.085090	-0.817501	-0.230436	-0.067661	-0.681051	-0.850283	-1.574296	-1.125040	-0.828720	-0.825608	-0.280349	-0.054253	-0.320650	0.438336	-0.463450	0.756510	1.345595	-0.664652	1.170620	-0.177237	1.565615	0.542215
-0.478195	1.468990	-0.673865	1.641581	-0.547696	0.646340	-2.652675	-0.400579	0.067174	0.126257	2.587612	2.829567	-0.313079	1.055364	-0.588795	-1.676700	-1.335024	1.030067	1.441231	-1.999870	-1.348030	1.320273	1.357957	1.422747	-0.453272	1.825585	3.165583	4.021058	-0.070692	3.359724	5.203898	-0.449727	4.866128	-1.886613	-2.172691	-0.344979	-0.119494	-0.214248	-1.185174	0.587632	1.610284	-0.163616	1.765462	1.614342	-1.844825	-0.990402	4.908067	3.849656	1.107176	-2.271940
0.710809	-0.258649	-0.770621	1.144458	-1.986532	-1.567808	-0.970435	-1.103862	0.092874	-1.832780	-0.946166	2.489479	2.337255	0.267549	-1.204001	0.918674	1.176328	-0.408467	0.112545	0.951733	-1.016565	-1.140238	-0.486693	-0.518189	-0.138640	-0.536671	0.148374	-0.415354	-0.054478	-0.233096	-0.387200	-0.264096	0.717043	-0.185675	-0.315040	1.059181	1.578125	-0.299095	-1.029763	-1.538603	-1.107863	-0.609441	2.363592	-0.499757	2.816411	-0.300444	0.948163	-0.312832	-1.951865	2.643425
-0.332924	-0.433071	0.126284	-1.266200	-2.191063	0.437830	-0.327631	-1.648522	-0.662859	0.698349	-1.623924	3.940312	-1.750327	-1.281434	-0.114451	0.802134	-2.280865	-0.565010	-1.093171	0.619168	-0.795868	-0.409838	-0.207892	-0.645289	-0.639728	-0.151689	-1.194928	-2.133995	-1.102820	0.584006	-0.463900	-0.729859	-2.624540	-0.379626	0.086176	-0.875151	-1.152505	0.685561	-1.150767	0.692038	-1.584369	-3.364808	1.016039	-1.547022	-0.705156	-1.069949	-2.819491	-2.429312	-0.820592	1.364655
-0.014441	0.900548	-0.830609	3.142468	0.708875	-0.851149	0.527745	0.388194	-0.690199	-0.247415	0.750014	-0.700987	0.449917	1.688259	-0.289365	-0.601550	-1.680490	1.377790	0.115908	-0.451205	-2.262087	0.690683	0.548099	-0.219379	-1.920666	0.895597	0.027407	0.348505	2.007338	-0.303832	0.019545	0.963539	0.437332	-1.459155	-0.751318	-0.283935	0.572310	-2.164803	1.425951	-0.437890	0.958202	0.078545	-0.964168	1.206330	-0.415547	1.315935	0.859091	-0.611960	2.169505	3.064682
-2.843739	-0.294959	0.904246	2.886940	0.018271	2.326771	-1.228689	1.391487	-0.742919	-0.333869	-0.482058	0.209481	-0.835984	-1.246711	0.763474	-1.172125	-0.565525	-2.316127	-1.346474	-0.895435	-0.274199	0.859053	-1.994927	-1.949365	3.726122	-2.095820	-0.720641	-1.643959	-0.362892	-0.749290	-1.230220	1.126108	-2.131521	2.398275	0.211457	0.056168	-0.213779	2.134245	0.836487	0.272266	1.376011	1.491148	-0.517051	1.642431	0.924759	-0.102895	-0.561303	0.770220	0.214304	-2.257936
-1.274918	-1.000920	0.149128	-2.774645	-0.647501	-0.438495	0.225950	-0.179577	-0.018026	-1.121414	-0.933488	-0.815944	-0.020571	-2.322892	0.120812	-0.999396	0.869371	-1.948380	-1.834318	-0.270611	1.595670	-0.789004	-0.532280	-2.741899	2.135615	-0.663778	-1.302578	-0.247439	-0.946637	-2.304464	-1.835639	-1.368469	0.102206	2.104983	0.197041	2.132112	0.960299	0.692889	2.251351	-1.671508	0.457363	-0.766689	0.523784	-1.816528	1.716834	1.776410	1.085706	0.326684	-1.235756	-3.095482
-2.248271	-0.011186	-0.618255	-0.297951	-1.880889	1.468906	-0.619122	1.238176	-0.576515	1.892136	-1.288470	-3.521474	-1.739551	-2.131099	0.282815	-1.375538	-3.179483	1.430001	0.886974	-1.086906	-1.994922	0.318160	2.503747	0.090331	0.567437	0.591024	-0.628096	-2.614988	0.092296	-1.458189	-1.719774	-1.249395	-0.143576	0.103835	-0.658193	-0.318311	1.394355	0.647041	1.733642	1.290767	2.877948	0.591339	-2.353519	0.739643	0.166478	0.473571	-0.294432	-0.329579	-0.729765	0.571554
-2.709058	0.403171	0.402715	1.570955	0.016676	3.932034	-2.504369	1.258334	-2.252886	2.805458	-3.415945	0.445518	0.991349	-1.872103	-1.673264	-0.924019	1.637507	-0.795739	-0.334364	-0.283044	-0.474583	-1.068755	-1.918596	-0.496764	1.803519	-0.651748	0.130674	-0.813327	0.606800	-2.465725	-1.344033	0.431629	0.557026	3.187200	1.360899	1.000859	-0.182925	-0.107444	2.236706	2.717760	2.886746	1.087340	0.124008	0.828212	1.526840	0.563596	-0.754875	-0.647615	0.266914	-0.098703
-0.978424	-1.394480	-1.021007	0.131298	-0.564791	-0.688832	-0.743084	-1.092513	-0.194707	-1.157160	1.629501	-0.143732	-0.108672	-1.381610	-0.667572	-0.343712	0.450990	-0.847766	-0.403538	0.011466	0.242320	0.824277	-1.406940	-1.585092	0.928786	-0.591031	-0.999989	-0.482294	-0.416476	-0.556004	0.192196	-0.482025	-0.540335	-1.042502	-0.078075	-1.218730	0.609090	1.342972	-0.208809	-1.551909	0.214229	0.082614	0.618296	0.695352	0.009403	0.050312	0.941833	0.116431	-1.213006	-0.794306
0.590150	-0.897388	0.067046	-1.857403	-0.464084	-0.954276	0.537152	0.034616	1.283600	-1.455242	1.823499	-0.478203	0.768433	-0.889251	0.037911	-0.681556	-0.380507	-0.745857	-0.365228	0.955982	1.332364	0.844418	-0.104471	-0.276449	2.112666	-0.529684	-1.159575	0.649446	1.000916	0.545777	-1.661479	-1.218428	-0.410046	-1.248888	-0.787817	-0.325686	1.177855	-0.722020	-0.970416	-2.814293	-1.292078	-2.214826	-0.725748	-2.244057	0.911236	0.184680	0.689407	-0.592569	-1.110768	1.307287
0.689226	0.640676	0.306748	-1.487467	0.170543	-0.850003	2.770634	-1.210355	1.065336	-1.191245	0.488545	-1.606362	1.501358	0.366030	-1.356725	2.107960	-0.367641	0.316972	-0.029941	1.037831	1.052396	-0.646180	0.460222	0.886041	-0.609938	-0.040504	0.440383	-0.631491	0.269018	0.948595	1.166801	-1.594083	-1.202428	-0.419413	0.517097	0.600173	-0.611298	-0.985466	-0.390254	-0.345208	-0.750164	-1.209587	-0.440809	-0.364848	-0.485914	0.733564	-2.240047	0.033702	0.813966	0.500227
1.342194	-0.234710	-0.485290	-0.244231	0.391312	-0.582604	0.597697	0.063397	-0.865748	0.637450	-1.019388	0.874334	-1.333455	1.466532	-2.301549	0.701800	-0.173802	1.194889	0.221858	0.223394	-0.519341	-0.965396	0.179169	-1.236679	-1.730041	0.253739	0.333170	-0.281632	0.106949	1.895978	0.485313	-0.179043	-0.714548	-0.631733	1.457839	1.504121	-1.280784	-0.591915	1.741553	-0.173215	-0.925287	-0.611602	1.011933	0.434902	-1.003055	1.745808	-0.224982	0.564288	1.402591	-1.338868
-2.264389	0.413607	1.340044	2.844988	1.876184	-3.941377	5.018149	-0.845403	1.496678	-2.299042	1.806628	-3.082979	1.580634	-0.612548	-0.273086	-1.359019	-1.692812	-0.672647	-0.998502	-2.633391	0.010317	-0.258843	1.407473	-1.854824	-1.106047	-0.432164	-0.368086	1.058243	0.120763	0.108567	-0.282205	2.073878	-0.793066	-1.526388	-1.212787	0.066005	1.463275	-0.455387	0.401700	-3.268720	0.581141	-1.110295	-2.089006	-1.647223	-0.152818	1.448859	0.365587	0.381853	2.598327	0.175378
0.411341	-0.511966	-0.774019	-0.101706	0.991843	0.021598	0.000517	0.691222	-2.688446	1.139334	-0.804691	-1.139246	1.321098	-0.095023	-0.044746	-0.487139	-1.553928	-0.651049	0.188322	0.013828	0.576218	-1.381726	1.001187	-2.053935	-0.999278	-0.100555	-1.632633	-2.109877	0.402812	-0.705483	-2.506211	-0.154143	-1.103927	0.298403	-1.505599	0.370145	0.339109	-1.004963	2.635406	0.182373	-0.512386	-0.440016	-1.214827	0.123396	1.541904	1.745513	-0.101887	-2.135803	1.933670	2.688163
0.101108	-1.446750	0.344025	1.718274	2.449703	-0.612287	1.790604	0.820380	0.383115	1.094221	0.757611	-2.494228	0.100521	0.117419	-0.075282	0.246220	-0.182709	-0.209774	-0.624137	-0.969371	1.390514	-0.547419	0.439512	0.682605	-0.807834	0.376956	0.646656	-1.828270	0.586461	-2.535500	-0.548426	2.443399	-0.636335	0.904414	-0.434646	-1.426287	-0.688501	-0.969641	1.743194	0.274400	-0.402353	2.413181	0.796609	0.908228	2.492895	0.325724	-0.563073	-0.007781	1.666997	0.291548
0.128990	-0.229880	-0.377192	-1.878909	2.173231	0.960730	-0.286830	1.941397	-1.087781	0.590856	-1.494518	-2.381517	-2.051419	-1.050923	-0.578601	-2.216843	0.551776	1.052453	-0.093217	1.509576	-0.517143	1.942043	-1.282450	0.924096	-0.940893	-0.681496	-0.072677	-0.551832	-0.245511	-1.061075	0.004275	-1.032920	0.416051	-1.360059	-1.115313	-3.539972	-0.265113	0.380137	0.581398	1.092445	1.445265	0.700766	-0.457220	0.439623	-1.818321	-0.545154	0.703404	-0.295172	1.529326	1.969508
-0.134317	0.902254	-0.068009	-1.110853	-0.102724	-0.627208	-0.032395	0.323801	-1.995158	-0.317437	-2.688053	-0.436733	-0.166719	-0.327744	-0.254573	-1.787781	-2.853553	-1.445579	-0.134622	-1.373189	-1.072891	-0.642555	0.912894	-0.177427	-2.827739	0.302466	0.371956	-0.876892	0.025000	-0.610749	0.536531	-0.468389	0.590699	-0.243381	-0.937587	-0.334537	-0.989342	-0.810353	3.015329	1.432077	0.430091	0.182130	-0.496569	0.060138	0.125760	0.750431	2.060976	1.327188	1.315654	-0.748224
0.349196	-1.710941	0.154400	-1.820663	2.709031	0.385348	-0.997495	0.401146	-4.697723	-0.936424	-2.517257	1.632484	1.567310	-1.068143	-1.122157	-0.384450	-1.453197	-0.422388	0.241544	-0.312549	2.168028	-1.486396	0.227407	-0.552779	-1.488471	0.258554	0.099399	-2.303904	-0.764397	-1.557536	0.347277	-1.145043	-0.816519	2.366858	0.218037	2.307915	-0.465063	-0.292321	5.134474	1.451041	-0.121562	1.354843	0.914658	1.180495	0.919793	1.709405	0.151817	0.570352	2.084972	-0.512331
-0.003849	1.683178	-0.073533	-0.995024	-0.880660	-1.560136	0.158841	-1.460232	0.954891	-0.362695	1.837571	1.768230	1.288040	-0.010050	-0.557180	-0.359643	-1.359003	0.345991	0.441525	-1.150942	-0.446353	-0.809734	2.005194	1.281365	-0.471311	2.415953	1.783502	1.847260	-0.503237	1.430853	2.555862	-1.769221	0.766860	-0.104456	-1.717619	1.532373	-0.273054	-0.418069	-0.272847	-0.706378	-0.590054	-1.897314	-0.006853	-0.367718	0.738425	0.845438	1.952276	1.270120	0.857808	-0.464312
0.360106	-0.109541	0.475481	1.622544	0.830270	-1.034928	1.272058	-0.180291	1.523956	-0.117412	2.181082	0.401684	-2.297718	1.467100	-0.210942	0.328883	-0.446929	0.575402	0.442876	-0.686803	-0.594681	0.031089	0.725910	-0.437766	-0.591841	0.039010	0.343568	1.884416	1.798220	0.550306	0.636638	0.703813	1.936558	0.412849	0.868319	1.814390	0.445564	-1.907183	1.352374	-0.593120	0.945714	0.236739	0.198244	-0.171051	0.072699	2.076206	1.947472	1.216854	0.838726	-1.622189
0.196054	1.130084	0.761191	-1.822362	0.332750	-1.003953	0.406305	0.256128	1.278195	-0.038526	-0.822598	0.953587	-1.406590	-0.901309	0.260501	-0.110113	0.870872	0.007396	0.451887	0.728077	0.598779	-1.059979	0.597945	-0.306236	-1.043153	0.532720	0.599464	-0.148551	-1.729291	-0.019247	1.028807	-1.180598	2.130716	1.807488	0.821462	1.108321	0.064583	1.671815	-0.561639	0.232216	0.852359	-0.257828	0.092186	-0.639399	-0.361693	-0.399018	0.559113	0.388528	-0.455232	0.977580
-0.650581	0.397171	0.463979	0.142671	2.358503	0.778130	1.225159	0.064187	-1.847117	-0.517326	0.362589	0.539612	1.939416	-0.196153	-0.463409	0.051504	-0.861076	0.583188	0.520207	-0.645489	1.593596	-1.650460	0.608902	-0.647543	-0.911375	0.946714	0.277893	-1.226488	-0.930469	-1.426063	-0.278542	-0.485325	0.040204	2.508103	0.351665	2.844871	-0.580988	0.361443	5.241278	0.774590	-0.065908	1.057083	-0.571284	1.385686	1.464662	3.477661	0.119558	0.347296	2.694415	1.682780
-2.924981	0.770425	0.780631	2.367231	0.484618	1.392262	0.360924	-0.172213	-0.125636	-0.139545	-0.197871	-1.440160	-2.031703	-2.008369	-1.167967	-0.417089	-0.723853	-0.993862	-1.358369	-2.622507	0.263856	-0.706004	-0.090196	0.288916	-0.123588	-0.802499	0.600030	-0.955776	-0.372432	-0.729122	1.569547	1.620502	0.047895	1.618661	-0.339621	0.875851	0.527498	0.547388	2.507916	0.734072	2.228359	-0.419236	-0.991836	0.133443	0.082742	1.365019	-0.079888	1.889281	1.181236	-3.752911
0.884960	-0.138430	-0.138576	-2.111947	1.474503	-0.793091	0.215393	1.623658	-2.036921	-0.018366	0.483118	1.492636	-0.645964	-0.371702	-0.107164	-1.846654	-2.499536	-0.412475	0.351665	-1.438704	-0.487607	0.225831	2.550916	-0.294288	0.448778	1.105398	-0.559239	1.500012	0.347579	0.528181	-1.086432	-1.718889	1.765634	-1.089535	-0.335175	-0.398240	-0.107822	-1.418706	1.309584	-1.750351	-0.876905	1.538397	0.140652	2.443875	1.034398	0.010632	2.186383	1.990222	2.689764	-2.914829
0.271141	0.658126	-1.417260	2.060298	-0.126427	-1.968455	-0.822149	-0.482092	2.650470	-1.435657	2.193962	0.708071	-1.022578	1.069556	0.870903	1.508175	2.560084	-0.460295	-0.162267	1.019249	-1.449830	-0.636902	-0.371420	0.446228	-1.201225	0.247941	-0.194266	0.078191	0.351949	0.296875	-1.325009	1.578086	-0.529760	-1.094214	2.183745	0.702846	-1.888436	0.780399	-1.516285	-1.657679	-0.912059	-0.145833	-1.342698	-0.245594	0.767603	0.906431	-0.057424	-1.104392	-2.375594	3.119979
-0.234211	-0.152982	-0.370967	0.019010	-0.248409	1.362858	-0.612517	0.023075	-0.804488	-0.260687	-0.197923	1.192963	0.184693	-0.756958	0.885629	-0.061732	-1.598290	-0.570457	-0.299935	0.439107	-0.978663	0.061024	0.057457	-0.025924	0.226869	-0.169566	0.287700	-2.204032	-0.086607	-1.036151	0.557870	0.213779	-1.232936	0.138201	-0.406328	-0.075245	0.416955	0.941229	1.184829	1.095648	0.571654	-0.694555	0.004438	0.011360	-0.412642	0.710699	-1.231175	-1.152405	0.985013	2.705518
-0.728845	-0.603482	-0.526080	-1.251204	2.903003	-0.982247	1.825789	0.775400	-1.078123	-0.750677	1.351542	-4.747765	0.309630	-0.929411	-0.568414	-2.959566	-2.616045	-1.329379	-0.661154	-0.422289	0.756073	0.188802	0.158265	-2.943569	-1.273361	-0.090339	-0.951129	0.810185	1.375558	-1.345252	-1.848325	-1.166600	1.035157	-0.402977	-1.743546	0.090261	0.764285	-1.058925	2.971527	-1.893851	2.338455	1.375269	-1.975887	0.957790	1.406597	2.248886	2.981771	-0.867424	3.789733	2.613288
-0.822109	-1.019378	-0.799288	-0.017750	-2.738719	2.822947	-3.330391	-0.739217	0.092186	2.592372	0.310847	2.806143	2.919955	-1.950306	-0.837533	-0.714952	0.789307	0.057758	-0.498152	-0.163706	-0.868105	0.915062	-0.852974	1.542820	2.588278	-0.848186	-1.028850	-0.211696	0.300189	-1.275634	-1.192678	-0.203528	0.489394	0.977501	-2.576777	-1.953038	-0.051280	-0.056521	-1.478832	0.499765	-0.268324	-0.541587	3.000223	1.587617	0.326165	-1.177749	1.077513	-1.441433	-1.895450	-0.380151
-0.500879	-0.010934	0.490747	1.557056	0.732994	-0.241646	2.156952	1.019740	0.284729	0.277518	-1.181461	-1.854811	0.739855	-0.687616	0.194561	0.990373	3.459675	0.178554	-0.108416	1.139053	-0.869055	-0.313155	-0.294556	1.251726	1.157589	-0.609272	0.689426	-3.362914	-2.212139	-1.762645	-1.014379	1.521723	-2.911485	0.165866	-0.050686	-1.056144	-1.881762	3.014514	-0.914791	0.680533	-0.560113	0.389018	-0.103784	-1.441683	1.336109	-1.024511	-2.671679	-1.295006	-1.064977	1.603650
3.653081	0.111464	0.738471	-3.413509	1.266682	-1.982513	2.493930	0.767270	0.644402	0.042821	0.419057	0.672734	1.426798	1.904192	-0.292846	0.060937	-1.608626	-0.243033	0.833379	1.437830	1.742927	0.877977	-0.662560	1.140713	-1.282403	-0.341439	-1.428658	1.925809	1.808213	2.915861	-1.972150	-2.194590	-0.765873	-2.877296	-2.131713	-2.959639	-0.280668	-3.023797	-2.575692	-1.541593	-3.836548	-0.841271	-0.457513	1.385725	-0.912222	-1.596369	-0.825909	-0.602692	2.086705	-0.210166
1.446360	-0.592009	-0.035549	-0.361820	0.639642	-0.790374	0.691300	-0.749275	0.967999	0.015012	-0.291146	0.694491	-0.609230	1.493271	0.205468	1.590948	-0.126487	1.016535	0.455236	-0.003247	0.525371	0.550591	0.380890	0.788767	-1.372276	-0.407310	-0.529071	-1.296109	1.013612	0.442116	0.548108	0.364186	-2.581411	-0.649796	-1.804522	-2.547394	-0.758163	-1.940305	-1.919302	0.200898	-2.853259	0.209217	0.913224	-0.046395	-0.618366	-1.981582	-1.409102	-0.204839	-0.661174	-0.107386
0.771396	1.660050	-0.286638	0.514078	-0.533440	0.665717	-1.892670	-0.875565	2.307173	1.865725	2.617581	1.336872	-0.250768	2.049692	0.187063	0.248068	0.870021	1.234706	0.536622	-0.168489	-0.399779	1.970112	0.780123	0.086148	1.825690	0.833212	1.441013	2.520452	0.694391	2.483635	1.002932	-0.832810	2.458585	-1.420713	-0.346631	-0.389275	-1.807015	0.022165	-2.752090	0.488142	1.182713	-1.012265	-0.098052	0.233533	-0.183005	-1.013379	3.125776	1.471227	-0.954061	-0.826222
1.524639	-0.697733	0.102214	-1.643045	0.087005	-0.748018	-0.891560	-0.447262	2.654782	-0.975589	1.908179	0.520206	-0.127397	0.138878	1.258181	-1.637719	3.779616	-1.264790	0.178825	2.298716	0.153181	0.668940	-2.202064	0.043183	0.037866	-1.251310	-0.209697	0.053031	0.134947	-1.214317	1.189932	0.101913	-0.023158	-0.773919	-1.406762	-0.840554	-0.356015	0.680640	-1.116575	-0.308195	-1.141073	1.125817	0.980621	-0.498681	-3.001760	-0.269181	2.130834	-0.494044	-3.183657	1.827314
0.752041	0.135539	0.355999	-2.473072	-0.714740	2.441840	-2.534811	-0.916968	-2.148688	2.354454	-2.657124	1.584690	-0.444731	-0.324759	0.309975	0.150623	1.065023	-2.437939	-0.520816	1.305823	-0.219419	-0.672003	-0.240551	-1.579560	-1.158837	-0.317353	0.196107	-0.484873	0.536739	-0.725947	1.164504	-1.670173	0.430568	2.315361	0.862051	0.671982	-0.325212	-0.668014	1.412475	3.069895	0.562116	-1.015258	0.917663	-0.732125	-1.123948	0.028009	0.943376	-1.001254	-0.502743	1.110152
-2.307241	-0.256249	-0.455404	0.535657	-1.139744	-0.405857	-0.367555	-0.014327	0.876163	-1.916195	0.303663	-1.369507	0.201349	-1.168149	-1.072705	-1.367239	1.831675	-1.270515	-1.122395	-0.511276	-1.399420	0.154352	-2.119375	-1.349273	-1.097543	-0.764060	0.735482	1.336402	-1.318146	-0.939745	1.105614	-0.984413	1.970946	1.823504	0.019571	0.826527	-1.223901	1.471221	0.118735	-0.451648	2.541779	-0.701674	-0.975818	-1.296957	-0.063893	0.355011	1.183307	1.752359	-1.372066	-2.614071
0.332911	-0.283132	-0.481033	-0.032349	0.100270	-0.877478	0.812185	-0.439445	-0.228827	-0.387623	0.246131	1.964206	0.594311	-0.053799	-0.670598	1.210164	-1.724167	1.579762	0.692082	-0.082859	0.431818	-1.471059	0.116213	-0.110971	-0.353880	0.620519	0.375131	1.916969	0.617970	0.308136	-0.138567	-0.223585	0.686877	-0.439450	1.098345	2.049582	-1.299573	-1.481088	1.903865	-1.379587	-0.113964	0.133065	1.710230	0.534044	1.394512	1.974852	-0.514555	0.057930	1.380784	1.053091
1.297400	-0.571058	0.653788	-0.854805	0.767135	-1.880814	2.220592	-0.218745	0.924988	-0.923559	-0.272664	2.201679	-2.490750	-0.191732	-0.859616	0.395308	-0.327406	1.820015	-0.512518	0.419446	0.785121	0.154275	0.823291	1.865258	0.391484	0.423495	-0.941671	-0.029137	0.300720	-0.398282	-1.363952	-0.526361	-0.773552	-1.411270	0.725224	-0.331601	1.346804	-0.909583	-0.691260	-1.130668	-1.056938	-0.443696	1.378993	0.912110	0.044722	-0.865726	-1.907570	0.040731	0.928823	-2.080489
1.321316	-0.410352	0.308929	-2.777558	0.953065	0.329006	1.489161	0.289489	0.694164	-0.747748	0.002216	0.667963	0.821536	-0.565244	0.982962	0.891914	0.566007	0.840798	0.770265	1.313941	0.377068	-1.222366	-1.538283	1.247620	-0.951396	-0.600062	-1.369366	-1.613616	0.201548	-0.811886	-1.861863	-0.752508	-2.171734	0.205504	0.298030	-0.328880	-0.629495	-1.067143	0.206007	-0.420984	-2.878612	-0.743738	0.900908	-0.823722	0.160995	-0.210508	-3.136602	-1.637470	0.459112	1.093067
0.840106	-0.163918	1.055151	-1.619305	-0.459725	0.750545	0.083703	-2.389069	1.140103	1.815160	0.853429	3.752796	-3.379935	-0.494333	-1.115512	0.795938	0.002062	0.259272	0.117697	2.642813	0.286449	-0.794871	-1.018927	0.602165	-1.460245	-0.841606	0.443384	-2.074474	0.612420	0.657915	1.079571	-1.110677	-3.498836	-0.249474	0.288271	-1.016919	-2.046288	-0.471758	-0.597612	0.867205	-3.053024	-2.464820	2.211530	-0.986471	-1.155490	-0.214741	-1.519056	-2.031347	0.195145	3.541389
-1.547254	0.049376	-0.939159	1.080227	-0.252625	-1.503753	-0.005049	-0.288836	-1.279171	-1.879345	-0.843932	0.322085	-1.191924	-0.980397	-0.782604	-0.269255	-2.692759	0.494694	0.143715	-0.927051	-0.481901	0.357425	1.054265	0.194181	-1.670326	0.607766	0.195260	1.911503	1.247167	0.894415	0.009900	-0.273626	1.787286	-2.214220	-0.397187	-0.733339	0.007526	-2.389652	0.450975	-0.886998	1.841940	-0.626561	-0.901514	0.768051	1.258801	-0.013287	1.011830	0.746745	1.318557	1.453718
-1.330078	-0.114151	-0.514187	1.060104	-2.102119	1.192178	-1.807521	-0.399498	0.640741	-1.811459	0.457884	0.542037	0.506319	-1.909706	1.146622	-2.141396	0.328309	0.080731	-0.451120	-1.321630	-0.103718	1.660303	-1.032277	1.909415	2.797526	-0.358105	-0.740653	0.160103	-0.243021	1.184745	0.492612	1.965092	-0.075429	-0.678333	-1.800288	-1.547080	0.921219	0.014029	-1.946374	-0.552712	0.604682	-1.495091	1.445590	-1.411569	-1.299120	-1.030049	0.121642	0.820760	-2.737897	-2.511663
0.220665	-0.827733	-1.601954	0.214001	-0.524392	2.116139	-1.053098	1.066554	-2.176388	0.176121	-0.343934	-2.406320	2.129450	0.276001	-0.798904	1.167035	0.979596	-1.457585	-1.169728	1.970334	-0.988584	-0.483315	-1.874289	-2.219613	1.292310	-0.875397	-0.534396	-1.171194	0.558678	-2.397802	-1.450406	-0.523326	-2.288577	2.351876	0.593468	1.505227	-0.120609	-0.427437	3.155241	0.152348	-0.920532	1.141247	0.802217	0.660529	0.615270	1.776441	-1.603777	-1.657677	-0.118251	2.762277
-0.504441	-0.875009	-1.988764	-0.713698	-0.255946	0.065437	-3.251786	0.420003	-4.404137	0.331675	-4.619373	1.402664	0.237454	-2.153940	-0.700725	-1.251606	0.925570	-0.611293	-0.124390	-0.475468	-0.308627	-0.770030	0.029191	1.295329	0.048187	0.623279	-0.570128	-2.139484	-1.516782	-1.848857	-1.804939	0.251176	-0.146645	0.611317	-0.797441	-0.044023	0.772522	0.734016	2.070097	1.136393	0.533865	1.727389	-0.081943	2.141447	1.522059	0.209379	1.686427	-0.160918	-0.572637	0.153861
1.172881	-0.932962	-0.036769	-0.091713	3.571966	-2.360247	1.713717	0.572859	-1.956921	-0.748445	-1.854003	0.932296	5.430131	0.031616	-0.626728	1.111536	0.338252	0.120805	-0.795024	-0.946383	1.088935	-1.838227	-0.072695	0.376048	-3.790165	-0.437356	0.044131	-2.371612	-1.451332	0.875304	-1.922140	-0.077345	-3.463384	-1.124355	-1.654242	-1.342894	-1.905665	0.015960	0.493111	-0.681437	-3.183966	2.267486	0.694578	1.188835	4.248842	-0.272510	-1.251100	0.638354	1.150964	-1.590451
1.200318	-0.790912	0.909611	-2.699994	0.098072	0.466606	-0.061735	0.088222	1.746670	1.673120	1.166790	-0.955814	1.623629	-0.318234	1.712622	-0.424146	2.923206	1.523970	1.735130	1.779941	1.579290	0.747148	-3.357038	1.215851	0.726261	-0.579611	-0.875941	-1.287285	0.433403	-0.595478	-0.909275	-0.897561	0.244351	-0.504112	-0.995170	-1.301327	-0.538950	-0.120979	-1.646511	0.491019	-0.243841	0.193981	0.897011	-2.150272	0.908841	-1.011036	0.486985	-0.005399	-2.192047	-1.344878
-2.293520	1.681272	0.743955	1.654061	0.651214	0.261353	0.732290	-0.228536	-0.158127	1.075346	0.093780	-1.666618	-0.132628	-0.077874	0.099561	-0.679086	-1.493948	-0.608391	-1.781499	-1.437741	0.820826	0.362359	1.180143	-2.254317	-1.432386	0.310621	0.887274	0.844861	0.917034	-0.169592	1.340818	0.023228	0.242916	0.057691	-0.380040	0.852681	-0.073298	-0.756006	1.377928	1.525371	3.506673	0.738711	-2.396301	-0.012732	-1.666022	1.181537	1.504720	0.263892	1.727757	0.956685
1.114743	1.457292	-0.555449	-1.419638	0.002856	1.858477	-1.380401	0.081497	-0.091950	1.295587	0.709152	3.904105	-0.719393	0.824039	0.790698	0.063642	-1.026788	0.152448	1.364842	0.591110	1.041058	-0.518661	0.065566	0.449262	1.037625	0.384790	0.816745	0.653894	-0.030638	1.166938	2.199111	-0.215744	1.604176	1.645057	1.543240	1.256855	1.143786	-0.610464	-0.268102	0.479505	-1.019470	-0.718332	-0.241515	0.182670	-1.964588	0.150605	-0.414362	0.680307	0.784864	0.065118
0.368905	-0.349779	0.876273	0.397187	-2.285222	-0.412586	1.168348	0.401240	1.725705	-1.352914	-0.757861	-0.987628	-3.143582	-0.560579	-2.029753	0.699692	1.517130	-2.057796	-0.775019	1.114807	-0.007208	-0.728623	-0.891368	0.338244	3.166922	-0.888081	-0.497657	0.407379	-0.133648	-0.671073	-0.706464	-0.071152	-0.162303	1.389823	2.895566	3.065538	0.010356	0.608187	0.248355	-1.312119	-0.128447	-0.501585	0.408639	0.393016	-0.388770	1.215753	-1.514822	-0.049094	-0.902387	-1.151628
-1.812375	0.540089	0.264185	0.310270	1.084867	2.050397	-1.347470	1.191256	-1.215015	1.151762	-1.846249	-1.399439	-1.262672	-0.632360	0.068885	-2.165480	-0.118003	-0.217180	-0.664404	-0.120310	-0.622621	1.342722	-1.549141	-0.061836	-0.314935	-0.816357	0.218923	0.339132	0.215849	-0.639328	0.358408	0.125841	0.345284	0.337979	-0.977499	-2.386758	-0.248084	-0.343410	-0.213493	1.197495	2.239641	0.284124	-2.096938	-0.122202	-2.185235	-1.914175	1.171296	0.799605	0.411065	-0.278180
-0.098935	0.089224	0.734245	-1.165500	0.262138	-0.200336	-0.408410	0.241467	-1.754092	-0.590461	-1.612702	-0.243977	-0.184070	-0.692257	0.256628	-1.356342	-1.065865	-0.155804	0.654322	0.599559	-0.365707	0.240194	0.577550	-0.157800	-0.136664	0.381432	0.924774	-0.983521	-0.227945	-0.183758	-0.919685	-0.764998	0.715757	-1.093997	-1.745304	-0.951397	-0.624560	0.766498	1.196725	0.288236	0.928985	-1.516967	-0.190614	-1.711515	1.386688	0.014031	1.732937	-0.045109	0.921876	4.295868
