X31	X26	X49	X29	X41	X22	X21	X47	X44	X45	X50	X25	X43	X12	X1	X13	X37	X23	X42	X6	X40	X32	X18	X8	X11	X4	X5	X35	X30	X16	X36	X3	X7	X28	X9	X10	X34	X15	X39	X14	X38	X33	X46	X17	X2	X27	X48	X20	X19	X24
1.594696	1.512721	0.352909	0.894994	-0.541486	0.434697	-0.080873	0.566099	1.537956	2.641658	0.489657	-0.217195	0.758134	0.217305	0.203620	0.725902	2.079196	-0.439557	1.824521	1.210835	0.467895	0.716699	0.030597	2.530000	-0.679138	-0.503335	0.436858	0.439677	0.886726	-0.773420	2.569095	0.908397	2.501146	0.626912	1.279912	-0.636440	0.197653	-1.636992	1.368933	-0.405858	-0.380575	0.590977	1.005519	-2.477576	0.009499	-2.723243	-1.079983	-1.594739	0.104177	1.339727
-1.959178	-0.365914	0.768175	-0.690436	-0.216178	-0.898749	-2.004030	1.113772	2.394119	-1.815124	-1.418401	-0.755338	-1.058744	4.022378	-2.314839	-2.946033	0.359697	0.495790	-0.446367	-1.412925	0.175978	3.421508	3.210073	-2.680806	0.330381	0.367282	0.707437	-0.432601	-0.397538	0.488078	-2.218204	-0.135219	2.119387	1.859348	-1.204600	-2.499253	-2.564584	-2.171355	4.363811	1.233570	0.338116	-0.085237	-0.353945	-1.533081	0.539396	0.793075	3.506100	0.279224	0.100173	-1.043298
-3.279032	-0.123485	-1.198370	0.491210	1.683137	-1.339485	0.245697	-0.220991	-0.985629	-2.268998	-2.484434	1.209554	3.137147	3.966461	-2.094759	-1.626491	0.184355	0.907065	-1.152883	1.779244	-0.569637	3.212884	1.932465	-2.053121	0.051524	1.305464	1.287734	-0.902397	0.598964	-2.021113	-0.593495	1.226504	-1.867257	2.394234	1.029810	1.947515	-0.538114	1.717247	1.648168	2.072602	2.671935	-1.151093	-0.984015	2.390019	-0.143801	-0.024136	-0.095706	1.588623	-1.254357	1.350091
-1.940264	-0.645527	2.676642	-0.555720	-0.328273	-0.224618	0.435235	0.456009	-0.107310	-1.729949	0.788838	0.050309	-1.180377	-1.426487	0.380382	0.330466	0.123891	0.057379	-0.944480	-0.653735	0.800913	-0.177096	0.345366	-1.570302	0.567610	0.286251	2.313530	0.187466	-1.856434	-0.941178	-1.381209	0.935286	-0.566468	0.043979	0.704410	0.737355	-0.355815	0.867929	-0.355804	0.186976	-0.317316	-0.503401	-0.839656	0.640843	-0.100335	-1.840427	-0.233249	1.194697	-0.276028	0.050641
0.621554	0.270935	1.621370	0.656704	0.576736	0.317289	-0.080758	-0.697824	0.089101	1.854624	1.194634	-1.251022	-1.582057	0.712023	-1.333755	1.017229	0.897242	-2.795041	1.231391	-0.511281	1.970511	0.469354	0.087951	1.673216	1.690059	1.458267	-0.808650	2.208762	-0.305162	-0.883019	0.831674	-0.365838	-0.280082	0.009058	0.121042	-0.253891	-0.401553	0.531545	1.371648	2.584069	-0.677766	1.260018	-0.060054	-1.003514	-0.890409	0.040602	1.521071	-1.673946	1.105128	0.992048
1.838371	-0.456420	1.565570	-1.258727	0.399131	0.929383	0.996698	0.417921	-1.401428	1.164255	2.581434	0.320943	-2.422888	-1.319240	0.778103	1.039014	0.345082	-1.522730	-0.723484	-1.432633	-1.249632	-1.263246	-1.593238	1.214526	-1.779504	-0.685880	-0.367598	1.038506	-0.584645	1.260398	-0.059455	-0.672227	-1.815710	0.255544	-0.007594	0.540527	0.812967	0.213124	-2.206836	-1.805145	-1.588088	0.546716	0.050895	0.354912	-0.116810	-0.270192	-0.538697	-1.441629	0.448623	1.959374
1.635537	0.816707	1.155615	1.626223	0.452567	1.929413	0.486693	0.754997	0.301880	-0.590810	1.115116	0.623099	1.368044	-1.829728	3.245178	1.093546	2.315308	-0.210416	2.196972	0.790407	-0.399827	-0.814367	0.379118	-0.347091	-0.987937	-0.713608	1.286107	-0.546588	1.373983	0.169033	0.067263	0.141873	-0.375037	-1.714015	-1.112252	-0.026171	-1.289619	-1.730778	-3.975556	-1.652322	-1.484358	1.698884	-2.229216	-1.482048	0.617247	-0.345592	-5.330370	-0.250964	0.064138	1.698865
-2.121088	0.694913	-1.103516	-0.367260	0.031608	-2.405471	1.244296	-2.016861	0.383097	1.110280	-0.662664	1.082627	0.500171	0.962588	-2.714255	1.319878	-0.735272	1.152632	0.574523	2.159912	0.009797	1.087361	-0.385147	1.666917	-0.348357	-0.765910	-0.934718	0.636413	0.614384	-5.130371	2.874135	0.564194	1.127661	1.989875	3.110544	4.709173	1.289382	4.487874	4.731130	1.911748	2.084811	-4.683433	1.471547	2.995477	-2.595083	-1.931522	2.796858	-0.494918	0.287170	1.482937
-0.100915	0.600262	-3.642237	2.459662	0.479016	-0.540840	-0.014098	-0.458925	-0.493718	-2.324629	-3.211525	0.459442	6.018838	0.283137	-0.786862	-1.075364	-0.094722	1.299466	-0.389027	2.638658	-0.951775	1.405030	-0.304221	-1.989777	1.302383	-0.998400	1.019988	-4.035499	0.411335	0.956229	0.290944	0.313935	-1.568704	-2.015311	-1.969201	2.347286	0.200100	0.570689	0.802584	-0.452726	0.409717	-1.894076	-1.067126	1.511298	-1.141828	1.729449	-0.570351	1.247558	-1.875160	-0.396748
2.938260	-0.084075	4.621188	0.093783	-1.575503	1.282527	-0.935811	0.716600	0.398516	2.519787	2.454032	-0.029642	-2.583633	-1.228999	2.628742	0.975468	3.062152	1.378692	1.812771	-1.691749	-0.095914	-0.195139	0.183836	2.032241	-2.030096	0.451093	0.672235	2.771679	-1.661676	1.227336	0.008282	-0.996946	1.100178	-0.446782	-0.786233	0.177616	-1.593230	-0.810441	-0.563704	-1.411747	-1.668265	2.502167	0.985354	-1.651011	1.703126	0.011945	1.496876	0.168530	1.451701	1.270315
-2.841517	-0.095201	0.325117	1.127170	0.090465	-1.293852	-3.320683	-0.437028	-0.153402	-3.058092	-1.623932	0.852897	2.109329	0.652351	0.185462	-2.278381	-1.172080	0.398525	-0.908686	0.393917	1.723739	2.646529	2.305429	-2.867859	-0.364023	2.933507	2.465505	-1.906297	-0.173348	-1.309176	-0.714538	-0.790211	-1.541540	0.798033	0.481696	0.846423	-1.553511	3.015435	1.282912	1.723835	1.891646	-1.102762	-0.879169	4.462820	0.392962	0.722399	-0.113222	1.905389	-1.412708	0.517126
2.552293	-1.524549	4.214762	-0.863565	0.434128	2.889087	2.099786	0.770442	-1.098839	0.971697	4.287780	-2.435625	-2.852134	-0.804761	1.484557	0.300565	0.928276	-0.701624	-4.092293	-0.788832	-0.254371	-2.573379	-0.647873	0.998353	-1.211441	-1.443791	1.154146	2.207713	-0.855629	-3.461824	-2.415495	-0.144496	-0.625249	-1.478221	-1.889618	-2.334142	2.586341	-0.125606	-2.367348	-2.645738	-2.427118	0.666125	-1.848248	-0.004933	-1.091680	0.291507	-0.160201	-1.286331	1.141788	0.097114
-1.801559	0.487611	0.628454	-1.035220	-0.362965	0.268807	-0.193027	-0.459329	0.856041	0.382109	0.825959	-0.912727	-1.438370	-0.295946	-0.358093	1.083977	-0.123647	-1.342188	2.206484	-0.203561	1.351831	-0.589427	0.715459	0.829535	-0.070050	-1.060435	-0.402280	0.117235	-1.409243	-0.527787	0.712258	-0.423127	-1.892529	0.942730	2.547274	-1.081441	-1.173694	-1.035203	-1.270583	0.094266	-1.142170	0.084762	1.447284	-2.902722	-0.933039	-1.430338	-1.635352	-1.611361	0.769137	0.337240
-0.530810	-0.736458	-0.563241	-0.096902	1.410776	-1.292921	1.894124	-1.731362	-0.954845	-0.024769	-1.217058	-0.287012	1.714555	0.017957	-1.226545	-1.152421	-0.344000	0.923960	-2.040727	1.094017	-0.920166	2.502964	-0.365250	0.694925	-1.573328	-0.811695	1.255520	-0.324122	-0.807115	1.245035	0.538342	0.852107	-0.203186	-0.291146	-0.065962	0.922346	1.987073	2.576035	2.887817	0.111076	-0.079215	-2.882054	0.712737	1.069680	-1.253283	0.799433	0.208042	0.702512	-0.721089	0.851949
1.592425	0.505434	3.619133	0.204388	0.602507	1.500586	-0.767633	-0.903368	0.380307	3.256958	2.433309	2.877827	-1.838510	-0.332689	-0.284292	4.295473	0.538022	-2.241864	2.481701	-0.817984	0.435457	-0.023124	-0.769503	2.120538	0.659157	1.528404	2.572915	2.718107	-0.357482	3.172836	1.853574	-0.090205	0.246867	0.272704	0.847813	1.002677	0.366419	1.379373	1.155980	0.582246	-0.988145	3.341321	1.640598	1.215455	2.696132	0.389950	0.684598	-1.556187	2.014126	2.113074
4.072727	-0.951247	1.964204	0.985615	1.163864	0.239868	1.169588	-1.630678	-0.550303	1.738653	0.801368	1.495395	0.350249	-2.677161	2.303253	1.048876	3.071688	0.131063	1.193462	0.541325	1.397593	-1.299725	1.069710	1.638768	1.351571	0.214437	0.556408	1.273961	-0.639192	0.217471	0.652685	1.413074	1.540305	-2.517243	-2.778649	1.701294	-0.837138	1.385553	-0.351706	-2.056962	-0.686973	1.156701	-0.194125	1.500499	1.592393	-0.789378	1.334979	0.994721	0.990821	-0.510734
1.013372	1.284208	-1.306456	0.343049	1.753890	1.508903	0.282859	-1.510707	-1.052454	0.490126	-0.139635	2.053085	1.201840	1.729292	-0.328958	2.577014	-0.736554	0.427282	1.354883	0.894272	-0.714934	-0.990668	-0.574575	1.003002	1.503945	1.024834	-0.238110	-0.515967	0.608664	0.130138	1.515767	1.363930	-0.538175	0.186914	0.451428	1.140923	0.908592	1.509054	0.051068	0.288771	-0.150248	1.218591	-0.829887	1.500583	0.611264	0.357008	-0.536999	-0.957400	1.133450	-0.196533
-1.515167	-0.935558	0.909432	-0.484715	0.697027	-1.330071	0.304405	-0.138086	-0.489135	-1.455797	-0.876579	0.142627	-0.106997	0.907011	-0.766404	-1.597973	-1.521031	-0.587080	-2.516016	-0.223598	-0.416855	2.083691	0.014369	-1.132957	-1.180104	-0.300420	1.504261	0.476812	0.464810	-1.621560	-0.930252	0.539802	-0.585022	0.630319	-0.482031	-0.710050	1.003613	0.163386	0.898245	1.522529	0.004552	0.019985	-0.911858	0.377489	0.099766	1.300478	0.842624	1.003989	0.089842	0.384474
3.180940	1.786133	0.261894	-0.137683	-1.487306	0.535119	0.459641	-0.679958	0.482112	3.606519	1.026620	-0.286165	-0.082506	-0.236254	1.355353	3.432142	4.095966	-0.531995	3.435011	0.474692	1.384614	-1.220821	0.687573	3.544173	0.978288	-0.464903	-2.877307	3.294282	0.016666	-1.260893	2.254473	0.182070	-0.692992	-0.259754	0.692354	0.407282	-1.502033	-0.423502	-2.839642	-1.804300	-0.652890	0.559027	2.001149	-1.549934	0.123215	-1.802136	-3.855388	-1.291505	1.932276	0.175037
0.720654	-1.157402	2.471088	0.184397	-0.190720	1.490070	1.437736	0.400037	-2.050968	-0.651648	2.437612	-1.677778	-1.505328	-1.888215	0.577598	-0.168175	-0.677436	-1.067546	-2.500476	-0.536425	0.925223	-0.535045	-1.779519	-0.268731	1.994691	-2.560990	2.401805	0.471310	1.093386	0.735212	-1.582370	-0.345967	-0.525670	-0.538959	0.781062	0.433066	1.340883	1.965565	-1.170234	-2.018187	-0.812787	-1.041464	0.890365	1.451079	-1.993716	-0.215156	0.627637	-0.412133	0.329019	0.764626
-0.674834	1.604667	-0.044826	-1.235355	-1.199220	1.021564	-1.086503	-0.844084	0.329852	0.786261	1.157390	0.774505	-2.622857	0.660893	0.926299	1.358945	0.877133	-1.696334	1.910093	-0.026983	0.150822	-3.049670	-0.148435	1.000395	0.540958	1.504296	-2.378243	0.628664	-0.652817	0.605833	0.826209	-1.142984	-1.067196	1.662012	2.186016	0.336175	-1.734287	1.627527	-2.325445	0.164943	-1.428639	0.958884	0.644284	0.396791	0.466747	-1.466010	-4.489356	-0.496862	1.278941	0.422535
-2.160871	-1.042442	-2.193423	-0.804998	-0.341685	-0.645028	2.494898	0.310371	0.146665	-1.410796	-0.918353	-1.580480	-1.811179	1.002211	-2.272135	-0.127498	-1.724581	-0.562264	-1.994537	-0.860269	-0.583528	-0.581992	0.739071	-1.665809	0.663716	-0.538859	-2.830156	-0.285474	0.175703	-2.805208	-1.260197	0.215874	-1.014334	-0.490778	-1.408173	-1.424844	1.038862	-0.735041	0.299072	2.690382	0.168759	-0.531744	-0.370508	-0.355115	-1.385556	0.275725	1.938645	-1.145701	0.205845	-1.349966
-1.726696	-1.115813	0.593358	-1.413320	-0.735863	-1.382553	-0.558916	0.230354	-0.042949	-0.984132	0.024444	1.901958	-1.844376	0.095359	-0.324177	-2.166813	-0.931834	-0.076001	-1.100000	-0.865693	-0.860902	0.095675	0.320195	-1.050427	-0.978548	-0.174091	-0.725206	0.732105	-0.597487	-0.477027	-1.339745	-0.707179	-0.531124	1.195604	0.542749	-0.626569	-0.769613	-1.762969	-0.881871	-0.099441	-0.097874	1.020744	0.955548	-1.088637	0.900102	-0.491804	-0.359003	0.943599	0.838693	0.527510
1.816088	2.043781	2.243512	0.797518	-0.463801	1.656226	0.416719	0.168775	0.687315	3.045598	2.143122	-0.268584	-1.535692	0.279593	0.941436	3.327616	0.585214	0.218590	3.552754	0.348943	0.220071	0.319332	-0.986294	2.595734	-1.228057	0.459722	0.936648	1.737330	-0.838132	0.434056	2.605771	-0.597982	-0.464470	-0.037912	0.118744	-1.043247	0.375029	-1.815324	-1.120864	0.369308	-1.568649	1.566571	1.257910	-2.033333	0.522032	-0.653384	-2.519386	-2.226336	1.476069	1.831038
0.411581	-0.592268	-0.815197	0.103766	0.023644	-0.047706	-0.237337	-1.113646	-0.341995	0.272313	-0.369473	-0.452078	0.469273	-0.522794	-0.141465	-0.199342	-0.524451	0.534077	-0.231123	-0.279501	-0.726606	-0.030179	0.410318	0.321067	-0.566604	-0.348025	-0.369710	0.944661	-0.574568	0.696373	-0.281523	0.334332	-0.563272	0.351802	0.433463	1.107206	-0.421940	0.507064	0.599161	-0.950111	-0.150112	-1.008940	0.469256	-0.091378	-0.828621	0.857092	-0.270231	-0.419410	1.037458	-0.120681
2.451831	0.878983	3.168559	-1.075649	-1.118201	0.403017	-0.288232	0.265888	-0.353079	6.131576	1.087647	0.918086	-2.856440	2.003548	-1.666767	3.399437	0.928619	0.296789	3.255281	-0.464000	-0.211685	2.494125	0.322832	4.544306	-0.567280	1.512229	0.521992	2.968619	0.067664	-0.372134	2.594645	-0.270049	-2.445109	2.568407	1.298406	-1.305006	-1.400016	-0.323045	0.713943	0.386257	1.087627	0.979360	4.432902	-1.815564	1.410846	-0.200410	-2.021760	-1.425322	1.366143	3.651110
1.119507	1.442382	2.171648	0.802438	0.721945	1.680752	-0.350905	0.249457	0.431902	2.006274	2.126809	-0.148258	-0.630973	-1.592583	1.907725	1.564070	1.349200	-1.374346	1.689537	0.224725	0.741209	-0.199761	0.603146	1.943132	-1.007889	1.211493	1.444804	1.654118	0.013768	-2.628556	0.265116	1.103309	0.542531	-0.535183	1.599906	-1.963740	-0.210306	-2.988051	-1.812666	-0.339527	-1.285142	3.442861	-0.776824	-1.845084	1.265954	0.330473	-2.157978	-2.210564	0.190603	2.195897
-0.690337	0.869653	-4.756207	1.114534	0.868809	-0.079447	0.721068	-0.642657	-1.825909	-1.093825	-4.093937	2.000127	3.841415	-0.089849	1.741083	-1.210925	-1.905171	-0.376770	-1.188133	2.534604	-0.544192	2.045732	-0.557665	-1.137985	1.281427	0.122353	-0.489482	-1.590435	0.714840	0.449247	-0.362819	-0.017207	-2.383507	-1.260077	-0.083246	1.686105	0.940292	2.735490	-1.697370	-0.733528	-0.063747	1.782773	-1.903636	3.981156	2.655641	2.709325	-0.018878	3.109534	-1.472964	-0.307851
-1.755082	-0.259301	-2.336102	0.341071	0.824878	0.499777	-0.952232	-0.776887	-1.643084	-1.458326	-0.218860	-2.211496	0.319818	-1.959035	0.537504	-2.462756	-2.972720	0.167597	-1.878790	-0.363997	-0.312672	-1.258963	-1.601327	-0.961708	-0.530004	1.015665	-1.129458	-1.180081	-1.669774	0.481303	-1.156182	-2.520872	-1.666911	-1.238487	0.971370	-0.495632	0.361199	-0.936432	-2.147781	1.023104	-0.682544	-1.023891	-1.753408	-1.392506	-1.361110	1.967513	-0.687384	-0.209155	0.334091	-0.661661
2.417342	-1.772156	2.919205	-0.262714	0.003703	2.262774	-1.587832	-1.262845	-2.423961	-0.471842	1.941265	2.248240	-2.897432	-1.135921	3.355771	-1.085475	1.021669	0.695009	-2.897211	-2.616994	-0.658455	-1.049388	-0.672248	-0.670768	-1.350506	0.820644	0.036465	1.374508	-1.784881	-1.691058	-3.129924	-1.608165	-0.699114	-0.999557	-2.595809	-0.271070	-0.726049	0.608336	-3.078621	-1.587832	-2.375130	3.830347	-1.712841	1.329427	2.896971	1.467029	-0.489006	1.089046	0.913650	-1.087022
-0.377208	0.385124	-4.152422	0.258923	0.522604	0.014760	1.525920	1.062220	-1.866410	-1.869820	-0.893492	-1.218475	1.405812	-0.868315	0.576299	-1.183476	-3.664395	-0.239637	-2.615906	1.214134	-1.746103	-1.077417	-2.965863	-0.781750	0.806396	-1.086127	-1.398766	-1.275026	0.715622	-1.169881	-0.405559	-0.035871	-1.456689	0.377284	-0.005431	0.651810	3.231312	-0.009600	-2.372609	-2.181005	-0.958919	-2.010346	-1.034130	-0.661287	-2.550327	2.160333	-1.574439	0.134427	-0.741292	0.488166
-4.326866	-1.478977	-0.809076	-1.673881	-0.745193	-0.997598	0.376908	2.576035	1.808127	-4.219055	-0.915933	-1.157508	-0.937840	0.385987	-1.120549	-3.311976	-3.286797	1.020857	-3.747829	-0.415521	-1.988512	1.264447	-0.773918	-3.243567	1.198487	-1.191800	0.006251	-1.610116	-0.289515	1.924346	-2.315836	-0.636460	2.671182	1.429648	1.065972	-2.212957	1.121448	-0.408403	3.428084	0.668442	-0.193730	-3.303278	-0.412234	1.084347	-2.124193	0.847592	3.674195	-0.501184	-2.411066	-3.086200
1.149014	0.559192	-2.651183	0.942243	1.158397	-0.344864	1.112963	-1.567005	-0.193174	0.521744	-1.393326	0.682698	2.366112	0.338938	-1.033435	-0.166210	0.949890	-0.071620	-0.439199	1.945781	-0.249657	-1.135478	0.837740	0.915517	-0.579223	-1.065067	-1.123316	-1.294905	-0.014951	-0.592052	1.274907	1.388133	0.271982	-2.159551	-1.947004	0.119116	1.038056	1.842235	0.655392	1.979318	0.090831	-0.853597	-0.520249	1.083150	-0.322819	1.806991	-0.341196	0.355622	-1.672766	-0.315565
2.223111	-0.177006	3.401951	-1.636858	-0.085762	1.421168	0.244644	0.075895	-0.945873	3.953474	2.900294	1.664115	-3.352230	0.476294	1.208845	2.537541	1.151924	-2.609113	2.610920	-1.459881	-0.098825	-1.531612	-1.860611	3.749734	0.880117	1.650119	0.773347	2.875537	-1.314701	1.286892	1.652160	-0.654852	-1.108331	1.116137	0.675844	-0.151355	-0.115868	-1.802842	-2.574600	-0.515273	-1.546781	4.417912	1.236782	-1.578207	1.661320	-0.131835	-0.823173	-1.192614	1.959365	1.441604
0.070193	1.016287	0.411790	0.569367	-0.427034	-0.302940	-1.967402	-1.010300	0.395909	0.369558	-0.409843	-0.883398	0.442270	1.243234	-0.718912	0.073221	0.833853	0.283314	1.987283	-0.150568	1.099888	0.788061	2.006040	0.062768	0.157849	1.292130	-0.401225	-0.236195	-2.282990	0.230280	0.437588	-0.589521	-1.190291	0.639662	-0.601857	-0.711138	-1.515021	-0.266893	0.980918	0.237039	0.198126	-0.838922	1.634282	-0.361488	-0.574289	-1.899698	-1.887488	-0.554373	1.055997	1.037253
0.907620	1.935483	-0.396787	-0.247046	-0.692323	1.040889	0.907792	-0.838259	0.418863	2.446586	1.046128	-1.040296	0.129888	1.126422	-1.515623	2.514966	0.127878	-2.529607	3.264989	1.272200	1.544513	-0.209367	-0.170225	1.610605	0.862533	-0.621485	-0.276912	1.012622	-0.294289	-2.431602	1.536994	0.243350	-0.935245	0.987617	0.355238	-1.001105	0.476668	-1.625744	-0.460872	1.072089	-0.479256	0.749848	-0.780756	-1.350552	-0.613631	0.681207	-1.659772	-3.070279	-0.664031	0.937950
-0.692243	-0.783635	2.212224	-1.368438	-0.852848	-1.579232	0.068693	0.288979	0.542541	0.480435	0.845942	0.341982	-3.800715	1.277600	-1.107488	0.221041	0.677137	-1.639128	0.712195	-2.270322	-0.455438	1.016636	-0.894838	-0.248877	-0.123282	1.418311	-1.153915	1.355284	-1.897377	-0.721653	-0.307509	-0.598724	0.311733	0.548297	-1.136051	-0.839398	-0.134753	-2.583790	1.815564	0.729691	-0.154326	1.179193	0.801229	-2.276765	-0.006670	-1.794692	1.425116	-0.339409	1.302281	-0.150275
-0.993246	-0.269979	-0.408628	0.155122	0.724977	-0.224445	-0.667181	0.493372	-1.142817	-0.687992	-0.922171	-0.345526	1.228825	-0.829702	-0.111928	-0.417877	0.770041	1.613858	0.477973	-0.056367	-0.055048	0.252119	-0.199567	-0.446825	-0.705409	1.313895	-0.331783	-0.733998	0.608585	-0.630339	0.114962	1.440881	-0.650737	-0.206946	1.057758	2.365895	-0.648279	0.872086	-0.456196	0.639921	1.158382	-1.944706	-0.519529	0.012525	-1.006244	1.886739	0.542885	1.130131	-1.282133	-0.413264
-1.853988	0.247041	-2.737554	2.047952	0.056971	-0.702821	-0.829598	-1.264849	-0.756492	-2.665793	-1.500717	-0.505599	2.405339	0.425689	-0.766911	-1.076305	-0.240426	0.060243	0.033373	0.214844	0.402948	-1.426671	-0.565770	-2.651265	0.874988	1.424221	-1.178452	-0.755816	-0.706345	-2.897081	-0.833549	0.665799	-1.236398	-2.855063	-2.149945	0.772278	-0.847576	0.265892	-0.570925	2.250203	1.479668	-0.828427	0.137722	1.243552	-0.170762	-0.183470	-0.075354	0.902013	-1.452909	-1.285300
0.990731	-0.263326	-1.081664	-1.629418	0.297061	-0.231935	0.632962	1.144966	-0.614489	0.577064	-0.194251	-0.414021	-3.084334	0.453956	-0.531750	-1.390100	-0.094655	1.003455	-1.675558	-0.938541	-0.922606	-1.487059	-0.081762	0.342860	-1.078014	-0.052213	-4.356202	1.990333	1.015873	-0.172393	-0.912318	0.675762	-0.089703	0.040071	-0.965617	-0.157407	0.650963	-0.364539	-0.896609	-0.988582	0.182591	-0.608270	0.187057	-0.370533	-0.415366	0.921749	0.781503	0.491110	1.241847	-1.048894
0.761815	-1.556249	8.645426	-4.208591	-2.944282	-1.076688	-1.225885	-0.409863	1.292789	3.614804	4.800497	-2.655016	-10.371373	3.764142	-2.765083	3.037826	1.421505	-2.132845	3.321371	-5.576347	0.720913	0.951122	1.356343	2.694764	-0.002708	0.449925	-0.502827	4.468892	-1.914816	1.035186	0.274080	-2.958710	-2.080757	4.025158	-0.356468	-1.293349	-3.104162	-1.176941	1.599684	0.435337	-0.174797	-2.262902	5.292881	-2.890220	-2.805438	-1.235637	2.308782	-2.763590	4.583371	1.733447
-0.107907	0.281946	-1.599105	-2.368646	0.340368	1.159252	0.839445	0.407123	-0.608506	-0.247108	-0.568297	0.562674	-1.582526	-0.283712	1.602450	1.425614	-1.060323	1.464026	0.023642	-0.397133	-0.489466	-1.659258	-0.335562	0.443462	-0.941963	1.294812	-3.182579	0.794287	0.419267	0.923841	-0.281716	2.101506	-0.818006	2.456166	1.458502	1.245027	0.156649	0.910134	-2.622408	-0.814931	0.332468	0.163396	0.617467	0.247823	0.710517	-1.385423	-1.763727	-0.101982	0.306537	-0.709140
1.915639	-1.014903	-2.210828	0.648676	-0.572168	1.317761	3.247085	-0.788434	-2.692528	-0.752034	0.722862	-2.251449	-1.297634	-3.650494	1.653193	0.244589	-0.348409	1.875483	-2.112805	0.494354	1.063944	-4.920557	-0.771030	-0.348698	1.190814	-2.693239	-4.244079	0.320336	1.458631	-0.567560	-0.985365	1.302498	-2.135966	-2.669820	-1.692673	1.945449	1.343805	2.618839	-5.359974	-1.662160	-0.934282	-3.299536	-0.418684	2.152790	-2.315694	0.592044	-0.575929	-0.198384	0.144153	-0.979152
-1.943656	-0.002772	0.103923	-0.548121	0.201756	-0.566228	0.247217	1.451652	1.475685	-0.551694	-0.522727	-0.787850	0.947920	2.588285	-2.401643	0.692491	-1.390704	-0.273997	0.355559	0.628899	0.519871	1.411127	2.020467	0.375214	0.437841	0.009528	1.997919	-0.033057	1.513201	-1.624970	0.185839	-0.802857	0.472867	2.308365	2.807906	0.697630	-0.780643	1.376260	2.721090	1.727249	1.218034	-2.584387	0.219279	0.861946	-2.546285	-0.507633	0.137076	-0.732281	-0.528366	1.732460
0.048176	-0.176388	-1.669355	0.891460	0.346061	-0.878556	1.517156	-0.637113	-0.276384	-0.886138	-0.321565	-0.853200	2.513616	-2.273920	1.376004	-0.600395	-0.903635	-1.167847	-1.588985	0.608690	-0.203120	0.901213	-2.628643	-0.312827	1.136160	-1.115860	0.421885	-0.763330	0.411601	0.687669	0.515598	0.029023	1.120492	-1.891486	-0.611198	-1.371798	1.958203	-0.619901	-0.042852	-0.485155	0.452229	-0.224890	-0.231339	-0.670640	-0.277608	1.422934	1.162221	-0.346106	0.275060	0.072405
2.934333	1.329936	-0.242009	0.577310	-0.235052	1.786901	-0.507713	0.306913	-0.150136	1.649893	1.551691	-0.165753	-0.980815	-0.067739	0.492281	0.216877	0.430831	-0.213221	-0.891471	-0.265693	-0.927805	-3.271611	-0.929598	0.809742	-1.781558	1.354555	-1.750069	1.333770	0.018625	0.905353	-0.840077	-0.647592	0.744417	-1.202757	-2.516335	-2.028088	0.090090	-0.124117	-1.696395	-0.646886	-0.515510	1.625986	0.759688	-0.489125	0.782418	0.050249	-2.963274	-1.057694	0.830709	-0.440850
1.568621	0.546069	-0.736639	-1.004946	-1.515125	1.699313	0.719885	1.498445	0.741622	0.783817	1.361992	-1.661422	1.568458	-2.053501	0.425771	2.572682	0.478463	-2.299087	2.615991	0.452520	1.164013	-1.326631	-0.730523	0.961872	1.563686	-3.015191	-0.073446	-1.418644	3.044207	0.296006	1.572579	-1.190773	-0.422628	0.461815	1.965828	-0.122077	-0.168537	-1.362993	-2.017903	-2.239736	-1.836901	0.045473	0.387418	-2.661223	-2.173911	0.513263	-1.840130	-1.823373	-0.867072	0.508381
-2.441397	1.333422	-2.462503	-1.601138	0.004661	-1.038060	-0.601351	0.123660	1.291675	-1.042122	-1.849979	0.291823	0.960798	-0.053017	-1.212014	-0.283197	-0.420619	0.189960	2.225034	0.622408	-0.515536	-0.042512	0.412080	-0.956508	-0.536322	-0.154578	-0.568117	-1.861858	-1.155107	0.551566	0.693289	0.345657	0.214855	1.655059	0.429586	-1.304859	-0.919294	-0.950720	1.367390	3.000314	0.735028	-0.417141	-1.873766	-0.589349	0.085621	0.464813	-0.248010	0.458623	-1.990470	-0.253984
1.243530	-0.855983	4.141846	1.116238	0.126439	-0.008749	-1.712204	0.062075	0.253005	-0.041584	-0.074257	0.039675	0.274663	0.773390	-0.371648	-0.757692	1.646824	-1.767631	0.805138	-0.818074	1.180602	4.243834	1.887721	-0.581212	2.025527	0.473059	4.400903	0.011728	-0.983103	0.145169	-0.729451	-1.448339	1.061032	-1.333423	-2.811435	-0.441239	-2.589592	0.469318	4.372380	0.175360	-0.813463	0.538669	-0.865837	-0.391495	-0.010943	2.009350	2.855301	1.217837	-0.350528	0.150950
-0.135613	1.936447	-1.862865	2.023215	0.273075	-0.479802	-1.087415	-0.372785	0.684636	0.132885	-1.402940	0.585960	2.345880	1.640378	1.141063	-0.766746	0.215574	-0.476307	0.633265	1.709653	0.237174	0.181431	-0.235997	0.052085	1.782077	1.921582	0.206274	-0.218732	0.438969	-2.107315	0.096063	1.685157	0.739718	-0.861828	-0.748134	-1.334870	-0.184055	0.001433	-0.341603	2.044085	-0.452013	1.481572	-0.404710	1.167335	0.948317	1.593967	-1.694487	0.443200	-0.948946	-0.003661
-1.907705	-0.837876	0.846128	-2.474177	0.136004	1.739707	-0.205655	1.171297	-0.337977	-1.312430	1.120371	-1.379767	-3.228159	0.385282	-0.942806	-1.275705	0.010778	-0.708097	-2.743257	-1.833824	-0.029154	-1.951920	-0.509713	-0.628012	2.820646	1.215661	-1.661231	0.093385	-0.911542	0.802956	-1.989462	0.869953	-0.818405	2.700079	2.054175	-0.929242	1.258858	0.136072	-0.789894	-0.334440	-0.889791	0.233820	-1.374354	0.114508	-1.202656	-1.693392	0.595112	-0.983476	0.507522	-1.234991
0.085176	0.724419	-1.042020	0.049185	0.170671	-0.450997	0.675545	-1.190463	1.290670	1.034869	-0.953360	2.412625	1.438112	1.036700	-0.305885	1.440271	0.346571	-0.963756	0.973034	1.093288	0.570048	-0.493933	0.171586	0.663964	-0.501797	0.729711	0.038102	-0.271796	0.106624	-0.284475	1.649968	1.953704	2.031127	-0.038942	-0.522511	0.035400	0.620851	1.481456	1.426932	0.872443	-0.260661	1.538157	-0.600382	1.215779	1.891806	0.059946	2.469320	0.433032	-0.535854	-0.102829
0.090703	-0.510517	-1.154976	-1.304007	0.061089	1.961810	0.170721	-0.946895	0.643952	0.155370	0.997045	-3.346735	-0.076118	-1.682045	0.060511	1.408130	-1.017720	0.706563	-0.294121	-0.716307	0.014695	-1.614427	-0.444330	0.465176	0.149956	-2.933624	-1.001861	-0.409170	-0.832900	-0.383879	0.488000	-1.439411	1.865967	0.449475	1.930505	0.431207	0.855930	-0.291103	0.360203	-1.986438	-2.364341	-1.401718	-0.274596	-0.113909	-2.005039	-0.299217	1.489445	-0.953108	-0.409763	-0.982229
-0.059386	-1.561009	2.256006	-0.589599	-1.296811	0.247868	-1.332880	0.575065	-0.505307	-2.368953	1.900983	-0.347718	-3.112139	-1.120242	2.296941	-2.191440	1.566647	1.272152	-2.293651	-2.236790	-0.914243	-3.389665	-0.030059	-2.213617	-0.584088	0.639004	-1.810889	0.332917	-0.629492	-1.289392	-3.472655	-1.973338	-1.793386	-0.909820	-1.495995	-0.287602	-0.548666	-0.749291	-4.912555	-1.158997	0.007938	1.509098	0.134393	1.163045	0.671066	0.772718	-3.067924	1.875261	-0.375071	-2.100518
0.065457	-0.379742	-1.509272	-0.288058	1.134183	2.044125	0.086458	0.017397	-1.178256	-2.969394	-0.174126	-1.103315	1.431192	0.053966	-0.342919	-0.824425	-0.578333	0.664386	-3.126183	-0.381120	0.261919	-1.463533	0.063879	-2.390436	-2.520824	-1.999951	-0.873202	-1.680615	0.405409	2.175562	-1.794556	0.364360	-0.192580	0.199981	-0.478254	0.743786	1.298655	2.998775	-0.020026	-2.078784	-1.939530	-0.634430	-2.342283	3.778275	-0.817590	0.350369	-0.716932	0.317411	-0.559692	-2.434211
-3.033879	-0.998481	-2.725823	-0.314836	2.018135	-0.265045	1.655691	-0.063839	-0.027062	-3.319928	-0.175215	-0.501994	1.814555	-1.602684	1.078233	-1.290982	-2.804991	-0.024795	-2.925161	-0.075913	-2.484372	-0.680374	-2.485141	-3.174100	0.318921	-1.047524	0.181668	-3.029928	-0.200304	3.225691	-1.330036	-0.062922	1.015383	-1.434610	-0.565002	-1.853546	2.627143	-1.510676	-0.751189	-0.300734	-0.477347	0.389837	-3.600733	0.378498	0.728639	0.761307	0.894228	-0.549242	-1.361228	-1.220485
-0.168671	1.712769	-2.915390	1.863252	-0.774805	-0.276639	-2.868425	0.477140	2.090959	-0.673465	-1.944727	-2.314092	2.539487	1.050947	-1.312947	-1.277187	1.166819	0.149620	2.514055	0.982873	1.868014	-0.060848	2.469876	-0.303766	-0.102890	0.016835	-1.390219	0.021200	-0.232853	-1.330493	0.450459	-0.506362	0.084864	-0.143802	-0.368452	-1.065545	-2.759363	-0.972543	0.552253	0.727837	0.196372	-1.377641	0.294094	-1.246004	-2.045961	0.351889	-1.510208	-0.025874	-1.634647	-0.021896
-1.358664	-1.752371	1.240271	-0.794092	-0.906002	-1.120534	-0.671590	1.109819	0.587273	-0.994705	-0.617567	-0.265452	-2.324089	0.925019	-0.350864	-2.350648	0.009218	1.579337	-1.571992	-2.294499	0.459982	-0.193665	2.323931	-1.334155	-0.342318	0.265798	-1.612081	1.290027	-0.838751	-1.673225	-2.352463	0.833382	-1.200528	0.658279	-0.700186	-0.432871	-1.413437	-0.820475	-0.881198	0.962497	0.504399	-0.184124	0.459027	0.092038	0.486511	-2.473839	0.417324	1.764282	0.852827	-0.900349
-1.974163	0.969910	0.355894	-0.044156	-0.034387	0.466255	-1.979737	1.644653	1.119337	-0.520407	0.097296	0.764945	-0.415986	0.928466	0.646571	-0.431586	0.193012	-0.101974	2.304813	0.050872	0.382179	0.282841	0.592044	-0.619738	-1.149903	2.282271	0.612236	0.191327	0.176475	-1.369684	-0.129456	0.318890	-0.961421	1.943679	1.977930	-1.780677	-1.916985	-2.167992	-1.829560	1.817085	-0.136018	1.350149	0.728098	-2.136051	1.317371	1.339495	-3.286009	-0.914055	0.301882	0.372868
0.820827	0.542592	2.611425	-0.894031	-0.453759	1.325923	-0.414776	1.974921	0.715878	1.833479	2.261040	0.443669	-2.576704	-1.376235	1.620402	0.117683	-0.043407	-4.020253	0.962906	-1.491037	0.678837	-0.501033	-2.149083	1.573276	0.625886	0.875521	0.463184	1.660560	-0.040643	0.732934	-0.083010	-0.853515	-0.157858	0.621143	1.250408	-4.443553	0.372132	-3.260329	-2.999307	-1.719235	-1.409127	4.718687	0.043492	-3.174447	1.506493	0.703369	-2.026895	-1.448057	0.914420	1.014104
-0.775279	-0.217486	0.684382	-0.266329	0.332288	0.532181	-2.563880	0.354372	2.141455	-1.263596	-0.430099	0.636249	0.050376	2.083213	0.071108	-0.373413	2.300841	1.109474	1.339900	-0.389545	0.587936	-0.466562	2.643655	-1.161171	-2.206930	1.313964	-0.511726	-1.379707	0.892102	-2.643419	-0.673682	0.111801	1.838851	1.280314	0.613358	-0.263076	-2.389750	-0.693665	0.733757	1.820748	1.552941	1.566735	-1.060128	-0.706366	0.476593	0.587640	3.215433	0.769185	-1.341714	-1.633694
-0.191580	-0.192483	-1.175677	-1.164947	0.619199	0.373410	1.141757	0.064366	-0.369327	-0.378615	-0.058060	1.237728	-1.863897	-0.622670	0.398760	0.138035	-1.054307	0.684195	-1.212122	-0.100402	-0.108582	-1.954846	-0.863525	-0.020454	-0.815522	-0.075268	-2.269743	0.325981	-0.991354	1.309997	-0.400899	1.713677	-0.065737	-0.314857	-0.322031	-0.252413	1.225454	-0.655899	-1.373667	0.807707	-0.767966	0.776462	-1.147135	0.226489	1.192150	-1.059838	-0.510262	0.668606	-0.506528	-1.666925
-2.706202	-0.644904	-3.245413	-0.146136	-0.614776	-2.121057	0.977659	-0.645385	1.034068	-0.698004	-2.095286	1.068190	3.413577	0.445031	-1.536550	-2.820408	-2.835416	2.767681	-1.453006	2.323339	-0.568895	0.891047	0.740697	-1.136610	-1.785476	-0.960925	0.899004	-2.237199	0.274310	1.258126	0.127987	0.185859	1.110603	1.008198	1.480846	1.179625	1.107718	-1.117273	2.445237	0.617183	2.942293	-1.987140	0.881056	0.771981	0.034906	1.950475	2.725423	1.967386	-1.937299	-0.144510
-2.158209	-1.766046	-0.628680	-0.433479	-1.347487	-1.874118	3.006512	-0.229798	-0.038926	-0.646218	-0.716072	-1.684201	-0.722593	-0.063545	-3.813639	-0.845022	-2.136748	0.392183	-2.298701	-0.388100	-0.229287	1.235577	-0.706596	-1.276802	-1.704793	-3.953930	-0.101038	-0.715024	-0.933617	0.679361	-0.104725	1.255542	-1.214428	-1.360725	-0.600731	-0.793383	2.404265	0.369867	2.603026	-1.034615	0.811952	-3.490901	1.313443	-0.385245	-2.577260	0.666929	2.615362	-0.831533	-0.767183	-0.139785
-0.763080	0.036923	-0.747532	0.338261	1.087308	0.634233	-0.218351	-0.504156	-1.307948	-1.737532	-0.023564	1.404777	1.123147	-0.648284	-0.360399	-0.042085	-1.862830	1.235180	-2.453313	-0.484422	-1.589802	-1.188360	-2.291575	-1.519812	-0.312633	-0.030866	0.517106	-0.967626	-0.303532	-0.364986	-1.421694	-0.476985	-0.717997	-0.484128	-0.354204	0.019069	2.073943	1.157648	-0.160163	0.071989	0.652006	-0.143256	-1.508388	1.742769	0.565415	1.107564	1.040683	1.242635	-0.764275	-0.452365
-2.321557	-0.717961	-1.712775	0.489385	0.737602	0.971909	-0.261513	1.795733	-1.391876	-3.064078	-1.507315	1.580061	1.256368	-1.475697	2.486335	-3.683347	-2.136423	0.469417	-3.734227	1.055762	-1.256504	-1.272154	-2.112045	-2.042096	1.168603	0.607447	0.138188	-0.961150	-0.738537	-1.076692	-2.748406	-0.326606	-1.176781	0.115211	1.133585	-0.877273	0.466858	-2.419771	-4.211626	0.015987	-1.200409	1.467738	-2.396351	-1.039094	1.722793	-0.744346	-3.199199	2.622201	-1.098745	-0.984261
-2.072353	-0.889862	2.600427	-1.917396	1.337096	0.843030	-1.609011	0.394957	-0.062065	-2.126601	0.355803	1.045194	-1.086179	0.919943	1.650837	-0.696025	0.092977	-0.555596	-1.509144	-1.005615	-0.184275	0.930510	1.882331	-1.569361	1.265775	2.607319	2.479487	-0.131526	-0.758915	-0.417023	-1.911410	-0.295994	-0.643132	3.116968	0.905268	-0.418771	-0.852065	0.334558	-0.576983	1.162016	-1.054973	2.271968	-3.431549	1.151133	1.357978	0.329127	0.321677	1.590605	0.420111	-1.188713
2.764127	-0.096611	0.750573	1.737118	0.608678	-0.500702	-1.699156	-1.699099	0.633157	0.631827	-0.027712	2.781038	0.742164	-0.132864	1.954656	-0.483738	1.592387	-0.948713	1.032209	-0.247187	0.579340	-0.121336	0.972756	0.344066	0.287543	2.084148	0.477640	-0.127761	0.046393	-0.134999	0.089873	-1.034129	1.048728	-2.117268	-2.080515	-0.162937	-0.843174	0.091355	-1.024383	-2.198277	0.126028	2.353490	-0.418895	1.436952	2.957823	-0.518417	-0.675024	1.884365	0.385712	-0.306066
2.315699	0.155205	1.246934	1.565353	-0.269097	1.608919	0.363285	-2.178041	-1.634369	-0.277153	1.666416	-0.616906	0.331680	-1.567400	1.194003	1.302601	1.091027	-0.538260	-0.256603	-0.168563	1.165381	-0.777572	-0.852345	-0.275402	0.682619	-0.878466	0.833396	-0.532144	-0.746668	-0.044297	-0.198055	0.623198	-1.177879	-2.376439	-2.056676	0.301293	0.712823	0.200372	-1.964746	-2.270770	-1.999021	0.926147	-0.727989	0.238921	-0.904982	1.187137	-3.223085	-1.376423	-0.152679	-0.021993
1.091334	1.612349	-0.198266	1.458785	-0.044671	2.304410	-1.496163	1.113748	1.148871	-0.715443	0.208562	1.086657	2.597760	-2.012729	3.064801	0.746728	2.243437	-0.836923	3.552675	2.083020	0.539216	-2.669551	-0.429701	-0.158424	0.386278	0.828573	0.386337	-0.925114	0.834323	-0.594816	0.202133	1.072755	0.092215	-0.753398	0.240992	-0.041602	-2.273507	-1.796100	-4.008896	0.060162	-1.935148	1.914430	-2.075132	-0.911457	1.433657	0.363813	-3.729372	0.275532	-0.823882	-0.472970
-1.997696	-1.416968	0.851731	-0.847186	-1.078375	1.330436	-2.383200	0.941488	2.230822	-3.458691	0.552552	-0.664816	-1.052154	0.305656	0.943561	-1.475544	-2.410362	0.444783	-0.295464	-2.103258	-0.125406	-0.858854	0.994221	-3.089042	-1.030929	0.221815	0.834182	-1.072210	-1.657581	-0.160448	-2.584136	-2.392443	1.530054	0.558220	0.569405	-1.719487	-2.548003	-2.192630	0.050983	-2.156912	-0.548961	0.741296	-2.118185	-0.374074	0.024494	0.957121	-0.577885	-0.128393	0.006124	-3.325855
1.486684	-0.662618	-0.008697	0.400111	-0.852689	-0.002684	-1.203166	-0.832150	-1.370662	-0.788373	-0.258183	0.758048	-0.079699	-1.393404	-0.429027	-0.537194	0.208221	-0.569770	-0.809819	-1.227909	0.520039	0.218291	0.012935	-1.547831	1.068493	-1.246213	-0.777474	-0.285639	-0.737310	-0.021117	-1.172958	-1.858174	-1.365052	-1.641772	-2.812626	-0.056181	-0.752655	1.033707	0.085102	-0.802424	-1.011384	2.044720	-0.979671	2.444928	1.107112	-1.128470	1.029868	1.348901	-0.083484	-0.267744
2.799328	1.883437	-0.970964	1.953348	-0.411931	-0.360958	0.835693	-0.479656	1.104917	2.443932	-0.046253	0.573836	2.600036	-1.994458	0.757181	3.037095	2.599550	0.338850	2.744426	1.822754	1.791575	-0.557296	0.423023	2.560252	0.506868	0.384092	-0.270075	1.771574	2.097614	-1.650706	2.789879	1.988955	1.331669	-0.844549	0.463887	1.167877	-0.554558	1.283318	-0.216016	-1.142539	0.803828	-1.263440	1.761742	1.048268	-0.306443	-2.506022	-1.432927	-0.981905	0.719746	1.882327
-1.791812	-1.376555	-1.260217	-2.216058	0.152271	1.224955	1.538243	0.906702	-0.296796	-0.932588	-0.580396	-0.695988	0.248252	0.633452	-0.081062	-0.903734	-1.860208	1.644480	-2.836908	0.341374	0.014226	-1.017302	0.486806	-0.520905	0.853975	-0.625634	0.399971	-0.502430	-0.709304	-0.299736	-1.544441	1.724740	0.012287	1.806241	1.856135	1.585189	0.970507	2.324550	-0.163743	-0.067265	-0.870466	-1.877305	-0.451553	1.687936	-0.946798	-0.391201	0.655883	0.572761	-0.558798	-0.584758
0.082546	0.215169	-3.158693	1.737848	0.261584	0.042986	0.357825	-0.378579	-0.268089	-1.583188	-2.607839	1.429010	3.803294	-0.385811	0.097239	-1.142102	1.355335	2.851941	0.101343	2.118271	-0.126540	-0.464387	1.421306	-1.847722	-3.398656	-0.254102	-1.322293	-2.095370	0.513875	-0.863122	-0.513375	1.665945	-0.808713	-2.708077	-2.303147	0.222425	-0.337546	-0.012029	-1.720235	0.085263	1.046417	-0.029085	-1.460005	1.530432	1.068695	1.913931	0.711495	2.500200	-3.391841	-1.761523
-2.582426	-0.411255	-2.468305	0.078327	-0.795243	-2.082590	-0.242060	-1.215570	1.811021	-1.411408	-2.609495	-1.779379	0.783232	0.723091	-2.104023	-2.692464	-0.723810	-0.078999	0.098761	-0.034759	0.585888	0.713131	1.550929	-2.494523	2.008759	0.148414	-1.430344	-1.384012	0.258918	2.980687	-0.377265	-0.242342	-0.011473	-1.346423	-1.696764	-0.893154	-0.984892	0.142209	2.309052	3.762257	1.542571	-1.823655	1.105280	-0.095360	-1.167390	0.538302	-0.401923	0.886236	-0.137744	-1.862616
-2.566864	-1.835311	0.586375	-3.378041	0.337490	-0.008139	4.585168	1.518720	0.398391	-0.257712	2.279079	-3.512145	-2.309683	-1.630918	-1.137792	1.028083	-3.876445	0.579104	-1.600573	0.089738	-0.078277	-0.600430	-1.280886	1.255868	-1.327754	-3.459016	0.958464	0.075096	0.133295	0.319088	0.467252	1.022311	1.006399	2.691963	4.393664	-0.302418	4.091270	-0.308166	1.180561	-0.177723	-0.615242	-3.296873	1.330448	-0.973972	-3.542140	1.048983	0.931155	-2.713780	0.688334	0.413789
-0.753656	-0.118596	0.489929	-1.252485	0.329296	-1.913317	0.620067	-0.883151	-0.582724	2.633887	-0.186013	1.391819	-3.128086	1.172251	-3.188442	1.216128	-1.127704	-0.740014	1.259518	-2.063796	0.034901	2.012940	-0.153613	1.160439	0.481572	-0.262760	-1.986171	1.976338	0.046868	0.049235	2.225726	-0.133979	-2.206314	0.501118	-0.534076	-1.250568	1.300808	-1.779929	1.343446	3.026838	1.084042	0.465617	0.784446	-2.615735	1.039564	-2.881472	1.668141	-0.983028	2.026187	0.851518
-1.985056	1.059026	-1.478315	0.249936	-0.029385	-2.745708	-1.413404	-1.437916	0.856002	1.328777	-2.242210	1.440506	1.457925	2.275846	-2.744327	-0.148664	0.507299	-0.564961	2.755105	1.076361	0.090718	1.743351	-0.069367	0.924799	0.497147	1.063028	-0.735533	0.108726	-0.159199	0.017261	2.188436	-0.068458	-0.233861	2.604570	2.698680	0.623024	-1.178671	-0.107228	3.130165	1.649326	2.584329	-0.850607	0.419105	-0.484014	0.261648	-0.750793	0.495841	0.624776	-0.197113	-0.241873
3.712821	0.613670	2.278324	1.821811	-0.542106	-0.445394	-1.336758	-0.056369	0.381887	3.632078	1.130052	-0.885023	-0.293301	-0.789486	-0.419369	2.667999	1.767483	-2.686985	4.050123	-0.697183	1.562533	1.325106	0.760572	2.352133	0.956991	0.881951	2.003347	1.181264	1.759054	2.145195	2.960503	-0.526708	0.332273	-1.146622	-1.586695	-0.270017	-0.956975	-0.420447	0.218918	0.431903	0.031451	0.134316	1.461311	-1.170955	-0.264639	-0.095805	-0.436534	-0.738290	0.648378	2.213792
0.473811	1.111243	-2.908805	2.671687	-0.123699	-3.329837	0.401790	-0.919784	0.822389	0.747587	-3.323392	0.335596	4.653618	0.057219	-0.905536	0.326943	0.787485	2.338198	3.112816	2.823842	1.841805	1.521932	1.509414	0.991698	0.372386	-0.207042	-0.291528	-0.865713	1.279845	-1.121724	3.099582	1.164894	-1.061979	-1.770221	-0.190902	2.531416	-0.996740	2.253727	0.949832	0.364821	3.261810	-4.230914	2.749779	-0.292407	-1.176315	-0.370170	0.040298	1.778218	-1.187141	0.113403
-1.155512	-0.402308	-1.748694	-0.119629	1.267516	-1.550024	0.175418	-1.829419	-1.470451	-1.770183	-1.945851	1.916741	1.868679	0.196534	0.723931	-1.331409	-1.455708	2.318306	-0.831575	0.252919	-2.054318	0.271983	-1.921074	-1.267844	1.134389	1.767441	0.272635	-2.193457	-0.426033	2.707131	0.249444	0.707711	-1.598464	-0.378746	-0.336919	1.044837	0.453323	1.694743	-1.049464	-0.051957	1.268130	-1.416803	-0.819121	1.624524	1.058822	0.374764	-1.374583	2.052440	-1.593718	0.358081
0.218011	-1.082863	3.779898	0.584319	-0.933498	0.409017	-0.505252	-1.458035	0.444740	-1.123387	2.870846	-1.037504	-3.258156	-2.229169	0.890424	-1.635724	1.478313	0.231471	-1.506076	-2.115960	-0.314546	-1.888715	-0.068034	-0.976798	-0.980353	-0.544608	1.022493	0.654803	-0.794346	-2.203225	-2.320143	-1.666444	0.346221	-2.783837	-1.712516	-2.230988	-0.693328	-0.849353	-1.367183	-0.618013	-1.113029	-0.690757	0.036547	-0.781855	-0.889463	-0.333249	0.402837	-0.670558	-0.280406	-0.661474
-0.383138	0.388766	-0.319352	1.268231	1.313077	0.729374	-1.373842	2.019480	-0.427656	-1.666821	-0.593306	2.281208	1.832209	-1.430140	2.208031	-2.152795	0.873283	-1.083491	-1.320704	1.167280	-0.953054	-0.127645	-0.358611	-1.708375	1.406064	2.230310	0.521520	-0.930611	0.706600	-0.445685	-2.221703	0.671335	-0.020908	-1.269507	-0.472109	0.025465	-0.384031	-0.720990	-2.550478	0.085817	-0.651314	4.164681	-3.270516	1.175274	2.697599	1.460764	-2.859041	1.775562	-0.921556	-0.483772
0.027989	-0.454353	0.372315	-1.096812	-1.606662	-0.070666	-1.165438	1.419025	0.113623	0.241622	1.022130	-0.032809	-1.948122	1.563189	-0.357236	-0.843995	-0.822856	-2.650985	-0.736409	-1.298681	0.463489	-0.939304	0.517522	-0.537277	1.576057	0.680277	-1.309144	0.975968	0.604724	-1.061901	-0.581574	-1.326291	-0.552501	1.409408	-0.013263	-1.699558	0.423249	-1.538217	-2.080245	-1.534654	-0.664096	2.125694	0.656506	-0.279603	0.662107	-1.242495	0.101191	-0.913027	2.005393	-0.964468
-2.604479	-1.257599	1.046389	-1.692005	0.147427	-1.331801	0.851491	0.224464	-0.768081	-0.998640	0.352264	1.713405	-1.827856	-0.377219	-0.354304	-0.718133	-0.136012	0.546607	-1.094226	-0.781599	0.099016	-0.837865	0.136914	-1.000895	0.478157	0.167517	-1.903740	0.423571	-0.365459	-0.859754	-0.993136	0.696819	-1.795268	0.736341	1.300307	1.498135	-0.364281	1.478557	-0.596093	0.966001	0.692985	-0.954248	-1.433913	1.664361	0.814423	-0.720783	0.430594	0.459278	1.318950	-0.541614
-4.436132	0.308643	-2.155506	-1.399242	1.438801	-1.421712	-1.571326	1.816211	1.705912	-2.428173	-3.256265	0.426599	4.046020	1.774035	-1.095534	-2.666957	-0.349488	-0.111946	0.913519	1.196281	0.933222	1.920110	1.678243	-1.517485	2.686413	2.745708	0.616408	-2.819525	1.358436	2.087055	0.435803	2.257600	-1.046634	3.843069	4.875804	-0.867995	-1.395052	-1.004329	0.536342	-0.921794	1.979143	-0.907397	-1.215917	-0.159819	-0.185012	0.212271	1.370496	1.274105	-1.351908	-0.905304
-1.833191	-0.544190	-0.494357	1.262507	1.302120	-1.174983	-1.718769	0.572437	-0.472822	-3.877915	-2.461187	2.454667	1.470534	0.968352	-0.790032	-3.480787	0.548485	1.096322	-2.981464	0.199510	-1.522482	2.060893	0.211722	-3.915321	0.230563	1.499163	0.271457	-1.467277	0.088441	-2.160854	-2.668547	0.926730	0.698202	-1.320961	-2.048012	0.210886	-0.409410	0.327383	2.183140	0.152321	1.210230	0.344587	-2.619004	2.992672	1.825688	-1.185637	1.254461	2.647222	-1.910196	-1.939594
-2.656974	-2.337411	1.573841	-1.360026	-1.247845	-1.739904	-1.268622	0.239711	1.364092	-2.571716	-1.312773	-1.107307	-4.107744	1.500458	-1.666681	-1.906739	-1.891605	1.207920	-1.862327	-2.655146	0.348824	2.040483	1.969196	-2.552253	0.388013	-0.140880	-1.029682	1.248844	-1.305313	-2.082800	-2.980228	-1.601160	0.685196	1.061195	-0.682293	1.523266	-2.265123	1.228471	3.647591	1.383793	1.875971	-2.865685	0.462823	0.701354	-0.980947	0.308070	5.794997	1.402936	1.438678	-2.452385
-2.101053	0.741604	-1.091996	-1.211479	-0.371292	-0.038956	1.719302	0.222663	0.761025	-0.240059	-0.088745	0.421473	0.311731	-1.073245	1.621592	-0.237419	-1.243423	1.576802	0.002677	1.552540	-1.490841	-2.074987	-0.862805	0.391997	-1.722548	-0.425320	-0.742936	-0.034830	0.073712	0.202503	0.123166	1.760924	0.138319	0.979916	2.323961	-0.928382	0.758546	0.147813	-2.068244	0.567337	-0.850436	0.110969	0.699358	0.080423	1.349956	3.092664	-3.706320	0.172010	-1.430826	0.021334
-1.801483	0.294435	-4.590508	0.082834	0.709973	-0.905561	0.894536	0.772452	-1.426478	-3.230823	-3.046481	-0.495184	1.588956	-0.095313	-0.047426	-1.758831	-4.010486	1.010468	-3.844965	1.828420	-1.652315	0.736549	-2.703858	-2.383856	1.004088	-0.963792	-0.792611	-0.637305	1.471813	0.381357	-1.449052	0.098085	-0.461297	-0.152463	-0.413543	-0.138199	2.954881	0.598423	-0.251802	-0.190093	1.369097	-1.217433	-2.005791	1.871282	-0.729192	-2.138845	-1.976815	1.540702	-0.834637	-1.738669
-4.440971	0.555013	-3.569302	0.176361	-1.471938	-1.097480	0.494718	1.654422	1.498844	-0.010490	-2.935833	0.749990	1.461359	-0.373326	-1.446710	-0.600570	-3.860994	-0.623447	0.734388	1.536229	-0.807734	2.981651	-1.682421	0.036506	0.667378	-1.226462	0.061353	-0.392413	0.693399	-0.860555	0.767218	-1.013896	-0.059279	2.458530	4.412067	-0.522277	0.391178	-1.939181	2.041124	4.828999	0.110786	-0.678653	1.488454	-1.081733	-0.855095	-0.613514	0.530698	0.215448	-0.959845	0.917878
-0.788060	-0.376083	-1.441038	0.995249	0.654762	-3.301237	-0.802387	-0.499468	-0.715725	-0.062596	-1.504398	0.465164	0.370187	-0.440573	-1.401930	-0.507968	-0.729511	0.415930	-0.139463	-0.479382	1.216630	0.874478	0.934548	-0.048676	-0.684213	-0.546679	-1.217764	-0.104238	-0.659674	1.923739	0.642666	-0.857346	-1.745135	-1.644116	-1.227386	2.473727	0.146649	1.063425	0.637045	1.964461	1.718823	-2.822898	1.089750	0.832554	-0.698197	-0.393580	0.760638	1.359516	1.023216	0.403589
-0.550114	1.064133	-1.651205	0.717647	0.023449	0.415166	-0.733468	1.007943	0.900840	-1.554096	-2.087930	1.876321	3.441076	0.359985	0.918600	1.046750	1.420991	0.875912	1.859723	1.665247	-0.919357	0.901267	0.264247	-1.406799	-1.193037	1.067068	1.233519	-3.043039	1.283883	1.236424	0.529142	0.609877	1.069099	0.233002	0.625059	1.334206	-0.701427	-0.258930	-0.401932	-0.216720	0.497578	0.463418	-0.687023	-0.425648	1.255943	0.967169	-1.936645	1.433236	-3.079299	-0.976747
1.471036	-0.105907	2.069291	0.344847	0.157406	1.230817	-0.982921	-0.741848	-0.979087	0.603162	1.163830	0.846358	-1.927785	0.551979	1.354020	1.362076	0.789842	-1.203336	1.215079	-0.992472	1.043602	0.040091	0.382582	0.214540	2.794727	0.767364	1.135468	1.248821	-1.302457	1.489655	-1.115591	0.041512	-0.917580	-0.251517	-1.164894	1.141891	-1.766581	0.580087	-0.854770	-1.096613	-1.105955	3.017312	-0.619135	-0.134914	1.369585	-2.134765	0.466545	-0.360874	0.933837	1.205903
1.600597	0.136897	0.767752	-1.419679	0.563547	2.086015	0.170595	1.248148	-0.263967	-0.048016	3.004149	-1.533635	-2.790825	-2.289597	3.302528	-0.216894	-2.603860	0.207103	-1.623774	-1.646828	-0.300865	-3.180105	-1.270756	-0.004376	-0.706987	0.362910	-0.691860	1.122781	-0.349363	-1.555569	-0.970544	-0.734151	0.256721	-0.742965	-0.317741	-3.976153	1.875508	-3.263564	-5.209551	-4.465500	-2.376032	3.129800	-2.445038	-1.860326	1.335794	0.884251	-4.146062	-2.055223	2.235326	-1.018196
-1.862348	-1.515785	1.097834	-0.035637	-0.433039	-1.658625	0.821519	-1.059151	-0.178073	-1.123223	0.011299	-0.482074	-0.886791	0.318527	-2.571273	-0.318265	-0.518785	0.791628	-0.567269	-1.123097	-1.101488	0.887945	-1.051496	-1.471917	-1.001779	-2.162770	0.304355	-1.257258	0.099408	1.324286	0.055362	-0.177337	0.200542	-0.500394	-0.205469	0.226228	0.334209	0.642173	2.611031	-0.382145	1.765180	-1.877418	0.989753	-0.178482	-1.164394	-1.785465	3.208265	0.308198	-0.900492	-0.488973
-0.685381	-1.853544	0.795147	-1.044239	1.193861	-0.074241	1.348409	1.179342	-1.608147	-1.520610	0.005843	-0.881336	1.139955	-0.196529	-1.024948	-1.706594	-0.357558	1.846703	-4.033045	-0.228016	-0.728901	-0.090694	-1.041612	-0.996080	-0.174649	-1.127888	1.285654	-1.322420	1.513112	-0.678907	-1.406750	2.738572	-0.753319	0.167476	0.068382	0.657450	2.084727	1.071801	-0.231161	-0.004194	1.011738	-2.397880	-1.609801	1.775152	-1.327709	0.485591	1.415211	1.356024	-1.096522	-0.574018
1.828183	-0.997734	2.507445	-1.382993	-1.439822	0.013859	0.260567	-1.277418	1.176328	2.164007	2.446742	0.241462	-4.202562	-1.225620	0.040034	0.331842	1.081806	-1.145621	0.673625	-2.274739	0.264890	-2.332544	-0.557118	1.286121	-0.069632	-1.304254	-1.389491	2.585745	-1.017180	-1.107614	-0.219996	-0.349508	1.371387	-0.419258	-1.688901	-1.255751	0.006249	-2.590559	-1.023799	-1.083453	-1.783887	2.361538	1.498333	-2.175445	1.318003	-1.020398	-0.628346	-0.572420	1.331171	-1.471154
0.376407	1.286121	-1.580673	0.932196	0.645587	-0.492617	-0.756930	-0.339666	-1.021319	-0.244276	-2.036768	-1.841103	2.187056	0.975321	-1.660309	-0.010598	0.792335	-0.171596	0.095478	1.109375	0.308159	1.980785	-0.554208	-0.020159	0.443712	0.208355	-0.786416	-0.079946	2.169671	0.334785	0.968874	0.321027	-1.476144	-0.351787	-1.027889	0.143452	0.345010	0.056973	1.066977	2.379696	1.939062	-2.265250	0.988777	-0.927441	-2.189176	0.440184	-1.470688	0.003246	0.316999	-0.698135
