X11	X23	X43	X40	X39	X14	X3	X19	X36	X44	X20	X12	X33	X4	X21	X10	X47	X24	X2	X1	X32	X18	X41	X28	X38	X37	X29	X46	X16	X31	X45	X35	X22	X9	X34	X50	X17	X42	X30	X6	X5	X27	X13	X15	X49	X8	X25	X48	X26	X7
-2.656876	-2.146414	0.378498	-1.576718	-0.607186	-0.893516	0.255055	0.919077	0.461489	1.835089	0.188659	-1.220734	-0.214498	-0.528190	-0.439135	0.134326	-0.588302	-0.679618	-0.002054	-2.261322	0.890677	-0.472082	-0.810642	-0.939835	-0.154198	-0.324772	1.757335	0.248040	-0.000680	-1.271474	-0.807858	-1.519738	0.163952	-3.117537	-0.008655	0.154786	-0.849691	1.483017	1.203564	1.871003	-1.112417	0.111635	0.990387	0.841694	0.072773	2.161044	-0.033695	0.902229	0.782622	0.575009
-0.691977	1.138163	1.004739	-1.971005	1.667326	-1.853606	2.607151	-0.342036	0.287063	0.112286	-1.245766	0.305463	0.426638	2.336501	1.256798	-0.002912	2.661125	-1.356372	0.178408	3.195035	-0.851017	0.878456	1.488150	0.104277	1.150454	-1.425477	-0.495396	-0.209921	-0.288406	2.511290	-0.085289	3.307009	0.424361	-0.214182	0.608995	-1.768815	-0.117216	-1.437993	0.762335	-0.751971	2.390954	-1.397594	-2.984270	0.313019	1.513201	0.155797	-1.651066	-0.316180	0.542823	2.259893
0.844388	0.082886	-1.759130	1.658092	-3.170643	3.173105	1.489481	-0.468939	0.847831	2.761832	4.065425	-0.181357	0.681196	1.417316	-1.068436	0.269393	-1.794130	2.484929	0.165300	-3.652554	-0.374579	0.955172	0.519432	1.106941	-0.121821	-0.772379	0.231599	2.684192	-1.496763	-2.227295	2.504635	0.183931	-1.446607	1.189162	-0.508026	1.526197	0.350613	-0.198871	-1.220866	1.044318	-0.291991	0.576107	0.591755	-1.546454	-3.307513	4.293737	-1.327118	-0.787146	-1.492766	-3.672798
-1.452419	0.608834	4.264140	-1.326058	4.030415	-4.058566	-0.324970	-0.945897	-0.584972	0.625190	-1.222068	-1.438118	0.591841	1.955087	2.168596	-0.524244	3.120428	-1.068096	-1.609581	0.304109	-0.704340	-0.417523	-0.955102	0.037829	-0.383461	-0.981279	0.480386	-4.192542	-0.692424	0.367835	-0.468738	1.724472	-0.414679	-1.992475	-1.589005	-0.726052	-1.881267	0.073514	0.456756	0.676916	1.164265	-0.559245	-0.767194	2.176018	1.896598	0.880761	0.235783	2.158091	0.500927	5.527734
-0.659183	-0.816081	2.274949	-1.193976	2.430562	-0.167227	0.133839	-1.686696	-0.184380	1.453109	2.111781	0.205714	-0.010272	0.951898	-0.770344	-0.861579	1.783968	0.029195	-0.667290	-1.172079	0.619570	2.080550	-1.232500	1.010224	-2.051788	-0.611927	1.362306	-2.998099	-0.253105	0.640974	0.554650	0.184145	-1.882859	-1.213239	-0.219515	0.054135	-1.719054	0.138158	0.703531	1.759951	0.218208	1.200155	-0.732655	-0.213852	2.033382	2.429884	0.915579	0.976900	-1.733938	2.484688
0.027140	-0.035584	-0.972464	0.280584	-2.391253	-0.975121	-0.846611	-2.883231	0.873258	1.801896	-0.430734	-0.342107	0.875657	-0.199820	0.276437	-2.221309	-2.441050	-0.250601	2.574864	0.110592	1.063818	-1.447627	-1.566665	-2.498202	1.347181	0.687030	-0.349370	1.271952	-0.596182	-1.311348	-0.033373	-1.313556	1.273315	1.199688	0.313585	0.796919	-0.618380	-0.464459	0.387931	-0.584302	-1.095505	0.109182	3.739191	-0.555085	-2.541924	0.410504	-0.339579	-0.833054	-0.397497	-2.721584
0.077160	0.340847	-0.860657	0.532325	0.327214	1.051904	-1.106754	1.341732	-1.697147	1.609982	0.515872	2.124193	0.270952	-1.585856	0.031118	0.718727	0.935457	-3.409421	0.931197	1.545000	-0.557644	-0.970508	0.377479	-1.148726	0.730098	-1.154544	0.028961	0.170786	0.620537	0.239501	-0.870595	0.389553	0.324240	-5.059397	0.208600	-0.392198	0.344158	1.541640	0.239178	-0.347628	0.306842	-0.205233	2.251961	-0.082209	0.619548	-0.346964	0.103616	-0.679188	0.592854	-1.459186
0.360063	-0.179626	2.637301	-1.367432	1.275334	-0.998005	1.333067	2.801849	0.158575	0.196657	-1.013210	-0.366839	2.153700	1.430645	1.084341	0.289400	0.163088	-0.844043	-0.425993	0.368277	1.036981	-3.500562	-0.174108	0.448615	2.199488	1.840843	-0.423280	1.568692	-1.873454	0.008436	-1.165922	0.104038	-0.108773	-2.205506	-0.403084	0.724844	0.548005	0.038462	3.188599	-0.671658	0.272492	0.704582	-0.176680	-1.132273	-1.044480	0.555966	-1.096714	0.100811	4.650372	1.497155
0.414085	-1.438660	-0.529313	-0.196309	2.203513	-3.382927	-0.825056	-0.152257	0.022505	-0.983653	-2.666563	0.385651	-0.118252	-1.380734	2.420828	-2.114445	-1.204722	0.544202	-0.389315	-0.384662	-1.279198	1.508870	1.355051	-0.222887	0.651848	0.338013	1.017566	-0.673499	0.549112	2.283919	-2.215659	0.600286	1.307452	-0.660353	0.534726	-1.820765	-0.700260	-0.165669	-1.239908	0.205152	-1.285175	-0.919658	-3.286203	1.786544	0.636945	-0.541293	-0.270309	-0.448480	0.317294	1.129004
0.382272	-0.029819	1.971098	-0.203800	1.320509	1.065703	-1.436833	-1.334197	-0.010355	-1.581078	-1.042270	0.001205	0.724788	-0.529123	-0.561858	0.313660	0.190294	-0.031001	-0.488915	0.723165	0.568780	-0.507978	1.044385	-0.313239	0.038903	0.120754	1.438293	0.512034	-1.503424	0.744186	-0.779466	0.171809	-0.083830	0.206765	-0.089862	0.136049	-1.142898	0.416004	-1.484419	0.611468	0.293396	0.531568	-2.178499	-0.659826	1.505249	-2.813072	-0.953173	-0.022695	0.750278	1.373542
-0.112535	0.171768	-1.503729	0.674809	-1.843552	0.009592	0.686752	1.668363	-0.854126	1.048364	-1.192722	-0.531949	1.515335	0.301234	0.178839	-1.391541	-0.641730	-2.288316	0.489169	1.815763	2.520644	-0.806893	0.213692	-0.654072	-0.541668	1.852002	0.554535	2.628797	0.696931	1.489836	1.615213	-0.662916	2.898949	-1.980492	1.399154	0.956870	0.568050	-0.583762	-0.356471	0.629001	0.904767	0.649101	-1.631274	-0.756571	-1.045590	-0.829781	0.537241	-0.659002	-0.404672	-2.649360
1.390248	-1.470350	-0.545915	2.000863	0.734050	3.502202	-0.103987	1.782522	-0.550931	1.473500	1.992802	-0.058646	0.449928	-1.992732	-3.302975	2.563843	-1.134161	-0.857648	-0.035561	-0.301414	0.126930	0.872951	0.168585	-0.976823	-0.325804	1.704278	2.499154	0.756449	2.701720	0.928542	-0.225618	0.171389	0.284901	-1.019206	2.075092	0.235287	0.705088	0.908053	-0.522835	1.393065	-0.683548	0.569006	-1.076693	-1.689872	0.096329	0.539967	-0.968356	-0.696974	-0.334385	-0.645707
0.154946	-2.031950	0.516822	2.532768	-0.737985	-0.992232	-2.200745	1.894586	2.779959	-1.570347	0.791660	3.141495	-0.635205	1.052147	0.977803	1.253267	-1.170435	2.368690	1.058411	-2.603973	-0.694046	1.483736	1.068800	1.702447	1.628532	-0.288432	-1.256032	1.009167	1.142780	-1.640647	0.895338	0.929779	1.056835	0.489458	-0.415118	0.970107	-0.163817	-0.260871	-1.211598	1.142856	-0.409513	0.726308	1.966461	0.814824	-2.382612	-0.525826	-1.605831	-1.479704	-0.716673	1.534513
-0.176573	0.064463	0.864680	1.452878	-0.409927	0.795163	0.145002	0.452856	-0.920548	1.509644	1.327364	-0.813934	0.683734	-0.137428	-0.715513	0.524312	-0.132992	-0.492154	0.644311	-1.290196	1.385482	-1.073921	-0.402398	-0.684853	-0.343388	1.009912	1.379247	-1.118738	0.041860	0.682540	-0.037910	-0.337752	1.453952	0.212381	-0.201983	-0.081930	-0.367463	0.202840	-0.352335	0.614101	-0.086040	0.151569	-1.365713	-0.043147	-0.735060	0.395449	0.345196	0.254327	0.322777	-0.638980
-1.378349	1.036678	1.446914	-1.375201	1.294836	-2.818314	0.028629	-1.447336	-0.595929	-0.803577	-1.451414	-0.862424	0.775893	0.492989	1.558274	-0.714829	1.188944	0.474193	1.078615	0.020376	2.131987	0.004174	1.183789	-0.220851	0.462767	1.866700	0.618738	-0.238448	0.979228	0.961381	-0.813491	-0.998055	1.132771	1.005825	0.392763	-0.375918	-0.175131	0.016489	0.408674	-0.418122	0.788047	-0.492937	0.652507	1.631819	2.053851	0.274419	1.323142	1.305593	1.746643	2.981756
-0.279795	1.944683	-0.020451	1.448904	-0.718030	2.291955	-0.102536	-0.729044	-1.102483	1.519591	1.043199	2.854879	-0.185706	2.755695	-1.449645	1.963472	1.005659	-0.956793	1.657943	0.367418	0.234783	0.045797	-0.070968	0.142777	0.830217	-0.530699	-0.823345	0.261739	0.071114	-0.424530	1.530765	0.176672	1.496875	-0.006005	-0.266916	-0.400562	1.134464	-0.793093	-0.142283	-0.075364	1.404490	0.343340	1.515717	-0.345530	-1.639412	0.326381	0.845178	-0.163093	-0.174435	-0.568436
0.385650	-0.773347	0.782653	0.194586	0.748362	0.830917	-1.070352	1.833478	-0.792493	-1.033366	-0.698144	-0.099857	-0.489547	-0.832106	-0.829836	1.349748	0.426645	0.883079	-1.046248	0.111008	-0.018889	0.844107	0.507306	0.652549	0.496466	1.261594	-0.467657	-0.937400	-1.451554	0.165538	-0.688671	-0.801277	0.640940	0.230348	0.402720	0.418999	1.056933	0.269355	0.386850	-0.440332	-1.181903	-0.254507	-1.552830	-1.255286	1.386916	-0.521704	-0.474456	0.563842	2.007615	0.797023
-0.641995	-0.268416	3.453953	-0.815301	3.330954	-3.415415	1.017277	-0.258155	-0.796559	0.798469	-1.238677	-1.842630	-0.010071	0.339236	0.938272	-1.120025	1.204137	0.165304	0.092158	0.174687	-1.047949	0.089626	-0.505176	-0.331796	1.059327	0.260367	-0.615521	-2.743426	0.272491	-0.331935	0.121208	0.733742	-0.833942	1.550233	-0.931226	-0.202625	-1.456775	0.216292	0.188695	-0.445761	-0.083217	1.077133	1.627175	0.010502	1.621160	2.430133	-0.064329	0.867263	0.435382	3.853126
0.312312	-1.867481	2.295301	-0.160715	2.102372	-3.097165	-0.151426	-1.443840	-0.619712	-1.291643	-2.406708	-3.987775	-0.140249	-0.099405	0.573947	-0.813004	-0.286769	-0.335235	-1.596518	-1.985925	-0.646352	-2.384071	-0.509924	-0.060650	0.252355	0.843265	0.984625	-0.308404	-0.484101	0.549026	-0.575341	-0.038014	-0.471934	-1.459015	0.042688	0.696167	-0.145686	0.691951	0.165758	1.321052	-0.487884	0.544255	-0.286686	-0.166048	-0.488091	-1.020392	1.339240	1.272418	1.601363	3.265010
0.048706	1.407856	-2.032164	0.937031	-2.602195	2.811060	1.373512	-0.182723	-0.863433	0.059141	1.358308	-1.917062	1.354208	2.529221	-0.582658	0.994880	-1.183658	0.425145	-0.909013	-1.797116	-0.111925	-0.465311	-0.010260	1.221426	-0.859096	1.567654	-2.572826	2.471392	1.517533	0.963572	1.663415	0.965362	0.261780	1.247309	1.504303	1.431203	0.525683	-2.012527	0.066107	-0.196418	0.587091	0.509425	-1.098008	-1.729859	-3.331044	0.518535	-1.013729	-2.398782	-0.167802	-2.876591
0.536566	-0.389789	-1.948053	-0.181119	-0.558644	1.731256	1.047389	0.940985	-0.988088	-0.148174	1.417958	3.073428	-0.714331	1.217944	-0.810544	1.375208	-1.200048	0.467245	0.272263	0.326334	2.158575	-1.423681	0.877658	1.087930	-1.083323	-0.259492	-0.459091	1.755224	0.893966	1.635143	0.162936	-1.032731	0.890978	0.853183	0.816800	-0.411145	1.630405	0.004528	0.991976	0.938295	-0.755638	0.536009	-2.097120	0.652793	-2.729173	-0.384704	0.207907	-1.427871	0.135021	-0.872668
1.597626	1.663131	-0.348701	-1.653532	-0.325836	1.595902	-0.409687	-0.004588	-0.500638	0.765878	1.117444	1.829105	0.850508	1.667751	0.098210	0.342355	1.669017	0.731456	0.098462	-1.144243	-0.987144	0.312483	-0.305253	0.717107	1.062841	-0.171483	-1.596320	-0.293877	0.644048	-0.288536	0.355609	1.256025	0.221992	0.146606	0.097724	0.545349	1.467982	-1.032832	-0.535413	0.644543	1.403615	0.064635	0.714904	0.676267	1.563201	1.331177	0.688543	-0.405199	0.704991	-0.431479
-1.682179	0.795976	-1.905420	2.660614	-1.567277	1.668738	-0.752800	2.262052	0.311868	0.261263	-0.103842	1.507133	-0.734476	-1.233988	-0.367440	1.176038	-0.843119	-1.695264	0.481966	0.667542	-0.454569	1.608377	-0.459294	-0.498677	-0.475963	-0.534552	1.406856	0.396810	-0.577397	0.445340	0.750180	-0.024953	0.036673	-0.009198	0.305722	0.182279	-0.185052	1.298768	-0.032349	0.564112	-0.446276	0.458680	0.513834	-0.520792	-1.239320	-0.078576	-0.861813	0.322415	-2.745566	-2.797181
-0.933904	1.303722	-0.319149	1.299068	1.120827	0.379500	0.158878	-1.864530	-1.786033	1.445826	-0.636996	-2.038543	0.626850	-0.964640	0.063062	-1.064749	-1.350320	-4.080947	1.073812	2.784073	0.814556	-1.728442	-0.597390	-2.179688	1.493224	1.912975	-1.510203	-1.359416	-0.328508	0.569639	-1.061273	-1.066363	1.086097	-1.347163	1.819841	0.034009	0.772360	-0.632735	0.006700	-1.298497	-1.313664	0.007532	-1.033894	-2.209784	-1.043732	-1.384097	-0.921368	-0.479721	1.053344	-0.577762
-0.329304	0.841594	-0.512053	-0.506719	0.730635	1.268463	0.631819	1.062388	0.350176	-0.801656	1.287429	3.146153	-0.676549	1.392848	-0.288084	3.156413	2.705157	2.593281	0.864228	-2.328588	-0.579053	1.193296	-0.119121	1.467704	1.705082	-1.507839	-1.158959	-1.859174	3.981689	-0.647886	-0.493881	1.679592	-0.856807	3.767499	0.081366	0.011124	-0.359158	-1.423267	0.294986	-0.174376	1.331283	-0.429931	0.577717	1.537541	1.483921	2.689844	-2.881876	-0.931828	-0.434787	1.737212
1.231153	0.269909	-1.443589	0.818435	-1.619186	1.392559	0.351563	-0.309312	1.030590	-0.044133	0.208930	-0.212927	0.569236	0.016645	-1.447848	0.336989	-1.472279	-0.662540	0.580758	-0.675057	-0.136121	0.642994	0.434079	-0.260059	0.060591	1.208021	-1.418186	0.836394	-0.552091	-0.819245	1.261829	-0.883888	1.078158	-2.385101	0.431866	-0.000448	-0.353909	-0.617696	-0.558656	-1.373526	-0.616363	-0.669839	-0.562956	-1.809777	-1.268425	-0.757676	-1.287117	-1.190284	-1.641023	-2.416658
-1.919065	-1.327708	2.780445	-0.397462	2.823064	-0.878937	-1.116440	0.806716	-1.279444	0.679350	-0.727597	-0.118814	1.718428	-1.548603	0.160718	0.458738	-0.098167	-2.570821	-0.150139	2.255225	-0.477763	-1.052673	-0.146221	-1.133771	0.057262	1.385606	0.624109	-1.877637	-0.703235	0.133345	-0.519006	-0.812526	-0.528150	-0.952288	-0.110700	-0.472318	0.931412	1.854178	2.024019	-0.194269	-1.255116	0.131331	1.148862	-0.287863	1.410956	-0.539867	2.399327	2.374680	1.038754	1.694873
-0.344114	1.152813	-2.730453	-1.767161	-0.727925	2.223175	-0.884926	0.060322	-2.241360	-2.690893	-0.271690	1.386418	-1.065542	1.933386	-1.593279	0.040421	-1.027129	-0.476451	-0.241868	0.159109	0.578617	-3.116195	0.579291	1.183274	0.115190	-0.740104	-1.427032	1.973646	0.858929	0.168474	-0.569994	-1.205992	-0.720519	0.583431	-0.616146	0.280879	0.202020	-0.654853	1.054988	-0.845456	-0.459399	-0.953318	-0.293022	1.319063	-2.718905	-2.706878	-0.063744	-1.774574	1.944806	-2.374811
-1.145185	-0.205147	-0.801366	-0.410905	0.047362	-1.254891	-0.161815	-1.590087	0.025586	1.362416	-0.170731	-2.658587	-0.290725	-0.884151	2.323540	-1.405409	-0.700360	-1.634699	1.656109	1.273617	2.089684	0.485595	-0.993660	-2.127712	0.576468	3.069078	2.530957	-2.238638	1.960648	0.469779	-1.127053	-1.490293	2.412585	-2.288710	1.046502	-0.334052	-1.509471	0.570628	1.040168	0.446386	-1.188939	0.237641	1.710161	0.650442	0.636107	-0.036468	0.574132	2.100477	0.180702	-0.963224
-0.066219	0.885004	-2.392223	0.043866	-2.190134	1.909288	-0.473842	-1.072801	0.219208	-0.409516	1.148213	-0.641194	0.072848	-0.862050	-1.782748	-0.698859	-0.871295	2.449729	0.614769	-0.307212	0.549139	-1.279947	-0.470279	-0.097525	0.778099	0.481846	0.030729	3.191609	0.199393	-0.735494	-0.432371	-0.912867	0.124820	3.085264	0.679703	0.696319	2.961265	0.029157	1.565796	0.198086	-0.222560	0.668505	0.075779	-1.310643	-1.066607	0.327565	-0.427808	-0.852570	1.604564	-2.915524
-1.487279	-0.142555	0.198787	1.175984	-1.161463	0.286798	0.954241	1.204233	1.648001	0.981974	1.214609	0.991247	-1.000096	0.773042	1.103687	0.579738	0.237123	0.417775	0.458859	-1.052266	-1.392909	0.569854	-1.990401	0.266478	1.848819	-0.222444	-0.105993	-0.305609	-0.689885	-1.667603	0.605447	0.652038	-0.626640	-0.079893	-1.342355	-0.007502	0.787668	0.207833	1.720655	0.176399	-0.349067	-0.521419	2.125205	1.639831	-1.642525	1.702998	-0.508801	-1.162405	-0.150532	-0.313017
0.623106	-0.000731	-0.053061	0.390897	2.467852	0.132573	-0.101016	-0.483527	-2.923234	0.566807	0.065325	2.923399	-1.823137	-0.257323	-1.139151	1.041604	-0.338463	0.536148	-2.425612	-0.243897	0.496907	0.967959	-0.665202	1.371637	-1.604294	-1.033161	-0.204617	-1.500620	-1.847599	0.632537	-1.302757	-0.193635	0.580168	1.026874	-1.531560	-1.402003	-0.204205	-0.241062	-0.259421	0.020893	-1.717690	-0.561004	-4.192980	1.466814	-0.188180	1.464190	-1.161276	-0.663557	0.197256	0.380310
1.277651	0.235092	0.842508	-0.461848	2.524116	-1.759655	1.582445	-0.336850	-0.749589	1.268102	-0.265546	2.582775	-0.409657	0.528704	1.754423	0.954539	0.335216	-1.759656	-0.216450	1.975985	1.413810	-3.316567	-1.576659	0.413400	1.221964	-1.251012	0.302297	-1.605133	0.054745	0.383384	-2.392600	-0.325897	-0.827195	-3.365506	0.343940	-0.984463	-1.561895	-0.685951	1.142603	-0.447092	-0.053391	-0.488347	0.011799	1.746241	-1.302611	1.448692	0.513070	0.221443	3.557241	2.372908
1.421690	0.414134	-0.907584	0.904115	-0.192758	0.663552	1.527410	-1.556328	0.122503	1.703530	0.894743	-0.837627	0.442147	1.904253	-1.007078	0.703007	0.926353	1.370915	-0.680106	-0.282217	0.524859	1.964306	-0.151224	0.872873	-1.044728	-0.321828	-1.301143	-0.506100	0.059829	1.175601	2.290198	1.291897	1.730404	0.546771	0.220463	-0.226260	-0.669622	-2.317044	-1.641209	0.011505	1.182510	-0.144249	-2.691684	-0.125524	-0.080054	2.010033	-2.875808	-0.942693	-2.382323	-0.829083
-1.115562	1.092115	-0.136832	0.498573	-0.310195	1.671358	0.604503	-0.881987	-0.951304	-0.386569	1.184090	-0.941442	0.536683	0.141193	-1.469351	-0.137435	-0.121047	-0.364641	-0.461760	-0.657506	-0.606749	0.547421	-0.673636	0.413032	0.150356	0.041787	0.130803	-0.452919	1.025369	0.394174	1.175436	0.045865	-0.932441	-0.583838	-0.117639	-0.718781	0.841774	0.221209	0.105304	0.591858	-0.845510	-0.296524	0.266373	-0.363512	-0.189919	0.012225	0.020164	-0.085044	-0.084943	-0.901253
0.924783	0.945308	-0.071288	-0.377990	-1.386892	-0.088135	0.203893	-1.348300	0.509051	1.317071	1.387249	-1.561794	0.323346	-0.369940	-0.002771	-0.148985	0.235400	0.919898	0.562571	1.162772	-0.800835	-1.199828	0.715678	-0.609397	0.273623	0.457657	0.780368	1.675102	0.788656	0.741077	0.703291	2.057698	-0.503371	0.838580	1.405636	1.007291	-0.264555	-0.347197	-0.269391	-0.552975	1.562906	0.239447	-0.000374	-1.236564	0.751000	2.021736	0.748899	-0.775214	0.173815	-1.067585
1.885596	-0.924247	-1.615730	-2.124261	-0.233427	0.533595	-0.387435	0.325124	-0.557432	1.398955	0.048246	0.689609	-1.261628	-1.615783	-0.542929	0.834504	-2.042415	0.500845	1.974474	0.495527	0.901589	1.536073	0.128023	-1.110684	-0.490484	0.715077	-0.495573	0.655286	-0.306306	-0.238915	-0.425255	-1.752057	2.198833	0.946025	0.609041	0.342921	0.179673	0.007625	-2.579672	0.531231	-2.352198	0.010273	1.170127	1.224612	1.163108	-0.713651	-0.356319	-0.186836	-1.841961	-0.809818
0.511371	2.595839	-3.073029	0.160656	-1.481926	1.044768	-1.279982	-1.707851	0.198717	-0.350287	0.173269	-0.885760	-1.005360	0.138307	-0.334458	-0.294789	0.765114	0.734945	0.060179	0.794682	1.176773	0.641894	1.655948	0.027140	-0.297688	0.222719	-0.178362	2.191972	-0.454179	-0.560396	0.522600	0.160330	0.438227	2.647708	0.754968	0.552784	1.886593	-0.253793	-0.014705	-0.891282	1.533542	0.064350	-0.214185	0.220656	-0.010724	-0.696767	-0.923564	-0.899153	-0.809360	-1.644063
0.627416	0.748428	-1.839844	2.457591	-2.140578	2.568187	0.241749	-0.762880	0.551903	0.296201	1.313847	0.407132	1.558745	0.535091	1.238013	0.044133	-0.317474	0.056123	0.056414	-1.949289	-0.042088	-0.501111	1.650513	-0.037971	0.817140	0.342388	-0.119169	3.128731	1.831726	0.983961	0.212309	0.905967	0.601554	-1.705583	1.768827	0.156131	0.778287	0.196093	-0.656128	1.517636	2.026615	0.235385	-1.612663	-0.507426	-2.266956	-0.041917	0.272870	-0.288412	0.313154	-1.562627
-0.925029	0.949388	0.273221	1.370952	-0.795574	0.226495	-0.791941	-1.602844	-0.026682	-1.551952	-0.740725	-0.117907	1.558106	-1.396196	-0.744237	-0.204754	-0.401793	-0.636973	-0.922621	-0.278115	-0.242997	-0.429815	0.063330	0.065891	1.184880	-0.569101	0.980784	2.097783	0.267892	-0.318103	-0.698133	0.408861	-1.847724	0.657378	0.088889	0.170335	0.455406	1.347678	1.029726	0.123796	-0.315295	0.450401	1.052351	-1.199052	-0.372235	-1.206009	-1.960232	-0.230742	1.236926	-0.818220
-1.160892	-0.176218	-0.190326	-1.021435	1.117269	0.293209	-0.669656	-2.124198	-2.174512	1.410997	0.595143	-2.173635	0.958102	-0.427326	0.459215	-1.512625	-0.608424	-0.745473	0.020759	0.807668	-1.076346	1.683873	0.412570	-0.886365	-0.560366	0.914864	-0.844878	-0.901020	-0.592690	0.491012	1.196896	0.346644	0.467843	0.143823	0.382214	-0.174201	-0.416688	-0.146721	0.552923	-0.888441	-0.806920	0.152046	-0.995922	-1.691442	1.050448	0.855560	0.189220	0.295324	-2.609455	-0.715537
-0.535616	0.553942	-0.119884	2.240478	0.035238	0.580960	0.374405	-0.336958	-0.169859	-0.350664	-0.069847	1.691297	-0.220943	0.485409	-1.218687	1.360250	0.780212	0.604252	0.632859	-0.121364	-0.022704	-0.955700	-0.669832	0.679206	0.759813	-1.325620	-0.757115	-0.125249	-0.173092	-0.310878	-0.680864	0.211670	0.025112	0.525011	-0.287808	-0.011040	0.460769	0.283007	0.931444	0.599706	0.490908	-0.320790	0.858529	0.003082	-1.675477	0.567395	0.114958	-0.743635	0.973947	-0.867746
-0.536254	-1.823081	-3.617978	1.825097	-2.968989	0.883367	-0.302417	0.753688	1.851691	2.027683	2.982544	-0.613237	-0.427350	0.366009	-0.196008	-0.797263	-1.972434	1.282980	-2.016363	-1.429937	-2.338694	0.764061	1.582710	1.483370	-0.304189	-1.732053	0.591371	3.812757	0.078048	-0.081408	0.381013	1.910216	-0.537162	1.572633	0.787409	-0.282521	0.356274	0.514579	0.237399	0.222494	-0.120845	0.643656	-0.331477	-0.439053	-3.288361	3.485497	-0.297097	-2.314575	0.559241	-3.766798
-0.952765	0.635064	0.946291	0.209781	0.969206	-1.377948	1.235551	-0.443150	0.563482	0.818403	-0.877766	0.073117	1.029186	1.436251	0.634920	-1.803779	-0.453459	-0.920748	-0.134361	1.636657	-0.049402	-1.922178	-0.873554	-0.308067	-0.033325	0.273859	0.730652	-0.727934	1.337421	1.275216	0.404364	0.271586	-0.454531	1.937810	0.342456	0.100500	-2.515620	-1.153870	0.655027	-0.229532	-0.104136	0.098750	-0.143392	-0.569880	-1.627113	1.536312	0.670532	-0.460087	0.321400	0.835793
1.211343	2.695665	-2.634338	-0.402719	-2.994059	2.143177	-0.019269	-1.359057	1.124343	-0.182969	0.625732	-2.420313	0.135900	-1.561388	-0.433168	-1.108546	-1.813494	-0.492761	-1.394508	1.493693	-2.837095	0.796440	0.274445	-0.771835	-1.977004	0.080862	-0.188009	0.989874	-0.519570	-0.299196	0.652695	0.523764	-0.417624	-0.100828	0.539318	-0.265732	0.321475	-1.482893	-1.050699	-2.821920	-0.549749	-1.386762	-0.602219	-0.874348	-0.456474	-1.467700	1.374401	-0.258305	-2.375120	-3.671898
-0.501017	1.665591	-1.374547	-0.842217	-2.341978	2.112112	-2.823024	-1.614583	0.053458	-1.904993	-0.940533	2.578574	-0.204711	-0.482357	-0.097377	-0.896279	1.469626	0.499126	1.418438	0.461130	-0.679966	1.219103	-0.871143	-0.699556	0.174658	-0.522704	-0.367283	-0.509873	-0.496802	-1.757570	-0.444513	-1.460955	0.192696	1.176526	-0.712756	0.068974	2.295613	0.311978	1.084199	-0.910668	0.429993	-0.767896	3.327779	-0.501926	1.687484	-3.084872	1.557096	0.832468	-1.122294	-2.567950
-1.276644	-0.162628	-0.433536	-0.881340	0.055791	1.052242	-1.800919	0.502302	-0.605388	-1.048520	-1.689976	-0.817139	0.792095	-2.499571	-1.445303	0.297759	0.436673	-3.080514	-0.804441	2.878951	-0.691301	0.314977	-0.442261	-1.034833	0.202160	1.002862	-0.134904	-0.626990	1.159906	1.400778	-1.540248	-0.615101	0.334113	-3.144050	0.831729	-0.479568	1.337377	1.665955	1.290662	-0.250804	-1.382907	-0.036782	0.486383	-0.094085	2.166576	-3.190239	-0.589943	1.516189	0.454620	-1.077015
0.762292	1.391681	-1.029178	0.849280	-2.510713	0.196431	-0.040170	-0.438610	1.896382	0.173488	-0.083129	-0.294096	0.569962	0.488024	0.665497	-0.091186	0.469813	-1.098360	2.445713	0.494413	-0.985635	3.990629	0.215295	-0.540973	1.321056	-0.507935	-2.068484	-0.183622	0.741393	-1.293474	1.977929	1.058738	0.876992	-0.006578	-0.577001	0.288983	0.634904	-0.611275	-1.774359	-0.473837	1.123314	-0.975164	2.016377	-0.879260	0.880805	-0.786001	-1.453965	-0.002265	-3.972874	-2.244094
1.132939	-2.910366	1.964147	0.862423	2.639245	-3.157170	-0.712746	1.315331	0.906010	-2.868225	-3.080154	-1.437859	-1.361561	-0.443457	2.703623	-1.269311	-0.011084	2.195685	1.249355	-0.961331	-1.074052	1.425874	0.692934	-0.334767	2.914429	-0.387262	0.566128	-1.455850	-1.511022	-1.395671	-0.804105	1.019080	-0.197093	1.291108	-0.897341	-0.334434	-2.241207	0.947737	-0.648038	0.654856	-0.245212	-0.463333	1.360872	2.030689	0.918805	-2.311885	-1.985466	1.191926	-0.482697	4.115075
-0.547544	0.786050	-0.250864	1.373913	-0.942686	1.026031	1.554514	1.345866	1.287214	2.355050	1.957191	-0.882908	-0.699118	0.436040	-0.481876	-0.671140	0.991484	-0.605460	-0.234923	-0.886595	1.178364	-1.068390	-1.581061	-0.270393	0.910584	0.570320	0.517094	-0.669024	0.246841	-0.299670	0.081421	0.466944	0.085791	-2.358216	-0.301614	0.116536	0.188865	-0.139568	1.510614	-0.406497	0.926122	-0.576328	0.664370	0.815825	-1.081776	2.249059	-1.618032	0.156323	1.759508	0.419001
0.831981	0.617873	0.008700	0.459175	-0.509031	0.925573	-0.733343	0.863878	-0.316346	0.985200	1.019891	-0.287544	2.290297	-0.012309	0.196455	0.330937	-0.846912	1.037623	-0.813491	1.037081	0.096022	3.144461	0.980707	0.524446	-1.880271	0.801250	1.350198	0.637909	-0.768180	-1.252526	1.844736	-0.163189	-0.492764	0.818584	0.584365	0.418897	-1.081865	-0.104903	-0.787722	0.115663	-0.480890	0.772350	0.648780	-1.904267	0.214544	1.479679	-1.090822	0.183086	-2.834843	-1.707433
0.149216	0.397961	-0.984602	-0.000759	-1.503254	0.234524	-0.660181	-2.037900	0.331992	0.233616	0.191907	-0.404836	-0.260507	1.096020	-0.718389	-0.499163	-0.676860	-0.810464	0.133056	-0.616762	0.204104	-2.287395	-0.100587	0.353059	0.324332	-0.281562	-0.155395	3.059805	-0.252142	-0.065393	0.163176	-0.068349	-0.141117	-0.728971	-0.450351	-0.273518	0.078199	0.179648	2.009487	0.062166	0.842595	0.543431	0.206308	-0.232470	-2.230662	-0.195334	0.495827	-1.547703	1.136961	-1.833696
0.815359	0.660791	-1.981527	-1.685611	-1.135543	0.541208	0.272518	0.171655	-0.515925	1.030276	0.471406	-1.742515	-0.472498	-0.006002	0.208976	-1.383131	0.446532	1.127957	-0.225687	-1.300269	-0.245284	0.967463	1.352743	0.407339	-1.609790	0.355646	0.685769	-0.565765	1.295845	1.591045	0.998541	0.822713	0.831954	0.430266	1.330062	-0.069884	-1.329145	-1.263685	-0.404485	-0.369145	0.166526	0.167810	-1.436055	-1.595788	1.646339	1.897841	0.078876	-0.153531	-2.089882	-1.440786
-0.116540	0.428056	1.188554	0.681771	0.518276	-0.306705	-0.670487	0.273959	0.759369	-0.803445	-0.022739	1.162247	2.166725	0.856560	1.113226	0.927365	1.059712	-0.569043	-0.539390	-0.950126	-1.647182	2.170528	1.229072	0.431604	0.265079	-0.185043	0.794853	0.366145	0.659352	0.707542	0.469752	1.950384	-1.475485	-1.375988	0.120934	-0.003386	0.025915	0.790389	0.204331	1.580550	1.173779	0.920405	-0.687028	-0.931062	0.617290	-0.261270	-0.501079	-0.208253	-1.780609	0.480239
-0.666829	-0.015772	-1.410805	0.598896	-1.811070	2.306604	1.613584	3.904017	0.433753	0.531884	1.684234	4.543196	-0.641457	3.278486	-2.024715	2.629249	1.001470	0.945542	0.797979	-0.096024	-0.151941	-0.215663	0.290283	1.782754	0.052352	-0.756101	-0.927635	1.100849	0.949557	-0.648570	0.480078	0.813026	0.913550	1.281159	0.148173	1.559746	1.644186	-1.199737	-0.179871	1.069513	1.987960	-0.208345	0.132008	-0.024053	-1.947650	1.013534	0.343547	-1.743452	-0.086519	-1.002489
0.827132	1.310385	-2.112633	-1.157201	-0.936052	2.942354	0.745602	1.028497	-2.027101	0.057269	0.830861	2.022383	-0.623846	2.142327	-2.237599	0.827441	0.331636	-1.151129	-0.232664	-0.657941	1.160265	1.132476	1.335348	0.248625	-3.036881	-0.601838	-0.750340	2.324556	2.052297	0.361518	2.228145	-0.119055	0.484172	-2.604019	1.647645	1.354317	0.945027	-1.279645	-0.349827	0.395307	1.888683	0.333292	-1.822388	-0.684782	-0.716751	-0.901788	1.342198	-1.495195	-1.763072	-1.904726
-1.019055	0.997359	0.038419	1.274850	-1.177005	-0.577360	0.756758	-0.396505	1.406624	0.630115	0.242256	0.542605	0.443824	0.837768	0.261978	0.929936	1.886942	-0.790765	0.090437	-0.456194	-1.110632	0.410021	-0.401387	0.209602	0.271631	-1.167508	2.346672	0.259681	0.303003	-0.966726	0.501343	2.743882	-0.138581	-1.169557	-0.185742	0.679714	-0.701966	0.181665	-1.064430	1.261319	3.127086	0.184287	1.859616	0.145797	0.494732	1.036688	0.122217	0.390816	-1.506790	-0.138192
-0.002560	-1.686568	-3.461424	2.352796	-2.825470	2.516931	-3.313341	1.022773	1.180973	0.078875	2.662739	-0.268324	-0.483437	-0.545499	-0.939689	2.782169	-1.733509	1.344024	1.017546	-2.372194	0.367961	0.288749	2.248168	0.483296	0.410392	-0.033415	3.052698	5.163186	-0.101197	-1.600129	0.568629	-0.685869	-0.359396	-0.431755	1.364504	1.128869	1.432271	2.416744	-0.560658	3.695298	0.011395	1.032196	0.623722	-1.376935	-2.044505	0.295618	0.256994	-0.164856	-0.452522	-3.205498
-0.890445	1.146643	-1.673760	0.791445	-2.150701	1.564997	2.353392	1.416933	1.856435	0.651486	1.053545	1.235295	-0.450720	2.796733	-0.744169	1.734026	1.275106	0.084771	0.186282	1.374758	-0.903385	0.335072	1.161295	2.010926	-0.441109	-2.676016	-0.253934	3.526521	-0.244121	0.771159	2.087838	2.767337	0.850892	1.766542	0.450802	0.101559	1.182982	-0.704727	-0.223264	0.957789	3.473748	0.823332	-1.608488	-0.261893	-1.721160	1.524177	0.284775	-1.539118	-0.690020	-1.260174
1.125686	1.210087	-4.940973	-0.818544	-3.136036	3.867930	1.458615	0.353927	-0.338219	2.879436	1.848880	2.862410	-1.730131	-0.010888	-1.164261	1.788507	0.908986	-1.994750	2.776785	1.418291	1.609164	-1.112532	1.173880	-0.747381	1.136909	-1.244825	-0.768996	2.607347	0.736095	-0.126836	-0.876804	0.103842	2.135519	-2.050170	1.976594	0.118934	0.975285	-0.020990	-1.369507	0.518470	2.596402	-0.435104	0.670302	0.243659	0.125276	0.264277	1.055901	0.218866	0.562968	-3.290550
0.413895	-1.159793	0.289175	0.003234	-0.352599	0.029833	-0.899087	0.993538	1.033535	-0.247168	0.848104	-1.027088	0.232469	0.860584	2.061734	0.495682	-1.659727	2.355580	0.976708	-2.060395	1.915049	-1.465074	0.000024	-0.210719	2.009496	0.418190	-0.594107	0.682633	1.157616	0.118910	0.788604	-0.602522	1.077283	3.400943	0.923079	-0.842272	-0.691328	-1.224786	-0.686292	0.142072	-0.756631	0.048144	0.365374	0.378751	-1.926344	0.488505	-2.021308	-1.448095	1.570269	0.728473
1.074021	0.790807	2.218243	-1.138295	1.771532	-1.422187	0.032501	-2.506313	-0.145799	-0.110628	-1.044755	-0.272310	-0.444388	-0.907741	1.130928	-1.694404	1.197559	-1.204888	0.912541	1.180488	-2.341748	2.592514	-0.628036	-1.312265	0.419477	-0.340773	-0.238319	-3.219118	-0.794808	-0.203864	0.023099	0.385142	-1.666630	-0.740284	-0.892273	-0.091902	-0.165020	0.354379	-0.955112	-0.651449	-0.752781	-1.567517	0.904356	0.918243	3.297376	-0.726223	0.788333	1.749313	-0.935957	1.726168
-1.684120	0.660941	0.679881	-0.403156	-0.014694	-2.816744	-0.725212	-1.987028	1.378723	0.591592	-1.697939	-0.680335	-0.560415	0.252395	2.092008	-1.856065	0.991934	-2.470679	-0.421037	0.422333	0.968603	1.379122	0.117230	-0.585753	-1.124164	-0.579460	0.040006	-0.320846	-0.969448	-0.046211	-0.296205	0.753809	0.765077	-3.047791	-0.540596	-0.596999	-0.531778	0.610272	0.211362	-0.426926	1.210466	-0.185459	0.506139	1.882536	1.112370	-0.217923	-0.144190	0.610811	-1.745000	1.146807
1.478165	-0.808877	-0.109154	-0.187138	0.930550	-0.566597	-1.333499	1.375219	-0.598512	0.539628	0.085994	-0.408912	-0.017668	-2.740346	0.269236	-0.597991	-1.176034	1.396526	2.052517	0.365274	0.567905	-0.171932	1.260283	-1.244563	2.689817	1.445492	0.964528	-0.067982	-0.315144	0.282367	-1.530101	-1.112695	2.331999	2.381016	0.907261	0.432595	0.861035	0.124859	-2.558141	-0.590481	-1.446570	-0.244619	-0.474296	-1.048889	2.284087	-0.568317	-1.040244	0.198194	1.343462	-0.651078
-0.506990	-0.407504	-0.749327	1.509009	-0.004315	1.229120	0.387087	1.313656	0.809846	-0.010235	1.477115	0.225729	-0.282088	0.114328	-1.438965	-1.253623	0.980013	0.412594	-0.669072	-1.039800	0.416706	-0.663481	0.460785	1.507125	-0.963036	-0.179616	1.456213	-0.910976	-0.615847	0.201225	0.628127	0.276158	-0.341273	0.520315	0.220973	0.341468	0.523407	0.031369	1.336087	-0.047327	0.410581	-0.001268	-1.152441	-0.161771	-0.948802	0.135148	-0.700030	-0.015702	-0.125082	0.330994
1.914746	-1.766548	0.674597	-0.424253	2.840636	-1.510150	-1.621936	0.778285	-0.885921	0.273760	-0.452673	-0.540163	-0.574223	-0.870942	1.037672	-0.213816	-1.605701	-0.788387	-0.173627	-0.318841	-0.351710	-2.401404	-1.000504	-0.653913	2.165438	0.980842	-0.274269	-2.423684	-0.138236	-0.923161	-2.363076	-1.536758	0.573997	-3.405217	0.354335	-0.410851	1.256120	0.188687	0.362377	-0.104632	-3.172553	-0.772146	0.532398	1.110154	-0.811079	-1.524421	-0.316731	0.225536	2.740360	1.634567
1.684611	1.383789	0.709300	-1.813861	-0.179180	-0.192342	1.887139	-1.343171	1.994403	0.735023	0.494308	-3.579987	1.123872	2.882891	-1.018392	-2.038788	0.350848	-0.820159	-0.242386	0.978930	-0.203462	1.390696	0.803702	-0.040128	-0.632722	0.255416	-1.181378	0.044424	0.950482	0.345225	1.597834	1.382697	-1.323777	-0.906142	0.315045	1.258062	-1.761709	-2.294738	-1.247167	-0.788263	1.442713	-0.795157	0.382039	-0.188736	0.088100	1.073763	-0.096877	-0.782164	-2.010621	1.139568
2.666378	-0.344355	-1.565390	0.933364	-2.553885	0.224348	0.974226	1.193575	1.507066	-0.532682	-0.228273	2.371788	-0.645496	2.772784	-0.349547	1.196229	0.770811	2.779809	0.555578	-0.808844	0.539887	1.021379	1.547307	2.299904	-0.811187	0.604394	0.274816	2.930152	-0.276031	-1.454076	2.483563	0.729667	2.220704	2.488022	-0.729905	0.877742	-0.239347	-0.340626	-1.945954	2.286123	2.527873	1.718296	0.939154	1.246228	-1.171262	0.713838	-0.447020	-0.994568	-2.116297	-1.260790
-0.474352	0.666279	1.682920	-1.111800	1.713668	-2.009442	2.187874	0.196967	-0.155754	1.037911	0.324249	-0.866984	-0.604035	1.356033	0.982211	-0.320808	1.992859	-0.343715	-1.754356	-0.262422	0.780426	0.388402	0.135900	0.784145	0.045372	-0.637334	-0.075527	-1.978422	0.118948	0.759904	-0.373043	1.188171	-0.635425	-0.632866	-0.568490	-1.101621	-0.729484	-0.414843	0.847728	-0.101451	0.714743	-0.473842	-2.507251	1.841061	1.059904	2.292373	-1.342097	1.640544	0.999309	3.129041
0.141754	-2.902110	2.420675	-0.172145	2.601249	-2.253489	-1.611939	2.186967	-2.249853	-0.011670	-1.042987	0.449070	-1.019747	-2.996690	0.811046	0.650744	0.703163	1.539373	1.729591	0.051913	0.516711	-0.376421	-1.544385	-1.369510	1.140712	1.202427	3.141954	-2.800788	0.383074	-0.168874	-2.294519	-1.816066	2.882653	2.338232	0.001363	-0.170406	-1.845012	1.266978	0.736379	0.176419	-1.016828	0.219834	0.231780	0.710702	3.097378	-0.979645	2.603688	2.253325	1.294773	2.874605
-0.552143	-0.160195	-1.136818	0.550479	-2.126857	2.099490	-2.209862	1.317719	-0.055892	-2.680673	-0.570783	0.121872	2.669641	-1.622736	-0.752472	0.329456	-1.831894	-1.558134	0.561517	1.970570	2.013188	-0.657286	1.448115	-1.052676	-1.866376	3.092527	1.027807	3.737640	0.905437	0.639944	0.186642	-1.735885	-0.111749	-1.811953	0.842240	1.117293	0.225454	1.014896	-0.201066	-0.027763	0.227101	0.137534	1.060303	-1.348892	-0.063387	-4.138435	1.492295	-0.587613	-0.662307	-2.762790
-2.382954	0.273660	-0.382976	-1.489259	0.201201	-0.448285	0.408032	0.446198	-1.717478	0.131383	-1.119797	-0.539338	-1.506726	-1.135356	-1.209533	1.174837	0.524629	0.011285	0.524362	-0.294194	1.084723	-0.063813	-1.257887	-0.262565	-0.979828	1.287051	0.207935	-0.850102	-1.172264	1.165483	0.576556	-0.682061	3.466920	-0.579263	-0.266254	-0.085229	-0.840591	0.583444	0.153281	0.729503	-0.082570	0.157900	-1.319344	1.765393	1.902824	-1.158171	0.396506	0.298125	-1.983322	-0.296678
0.301479	-0.490244	2.117429	1.688483	1.433928	-1.351587	-0.070464	-1.114950	-0.326773	-1.303643	-2.870151	-0.935749	-0.333608	-1.557031	1.666889	-1.717498	0.794958	-1.555979	-0.087072	0.925027	-0.750765	2.794439	-1.618450	-1.496166	-0.710040	0.778840	1.268062	-4.255980	-2.448611	-0.562152	-1.859293	-1.356628	-0.807358	-0.684332	-1.117471	0.313745	-0.831914	0.419335	-0.455316	-0.355775	-0.958904	-0.739002	-1.850991	0.255097	2.123223	-2.622716	1.260238	2.402868	-1.378943	1.564242
-0.097262	-0.236975	0.632490	-1.546146	-0.470777	-0.975629	-0.567055	0.797359	-0.574191	0.012557	0.199425	-1.229423	0.508060	0.829733	-1.112973	-1.308268	0.300538	-0.232364	1.088344	-1.126391	0.996583	-3.117458	-0.551477	-0.306503	1.476496	0.483083	-0.561358	1.042555	0.595783	-1.355848	0.718750	0.336114	0.719912	-0.446270	0.295113	1.311499	-0.403967	-0.336835	1.292561	-0.288443	1.304070	0.167316	1.938496	-0.221457	-0.602393	-0.136131	0.649004	-0.567327	2.313574	0.130737
-0.323596	-0.124154	-0.668257	1.114599	-1.974156	2.871264	0.933271	0.793848	-0.155641	-0.611620	1.764479	0.447961	1.000085	0.734406	-2.676022	1.610134	-1.019411	-0.303462	-0.585125	-0.301010	0.837429	-2.973317	0.898783	0.836715	-0.858432	-0.897609	0.383789	4.355573	1.417857	0.334548	0.468941	-0.064259	-0.798752	-0.848067	1.060791	0.646824	0.656713	1.009395	0.479509	2.116390	1.388221	2.033307	0.785105	-1.295618	-2.675592	-0.027865	1.476260	-1.148693	1.429742	-1.849466
-1.087012	1.563110	-2.096567	-0.654837	-0.385469	1.204991	0.357112	-2.234339	-1.626709	-1.701013	-0.475853	-1.378092	-0.410214	1.738124	-1.824760	-1.645141	-0.676233	0.615894	-0.798621	0.554700	-0.092597	-0.322556	0.817359	1.120804	-0.058709	-0.017241	-1.989634	2.306731	0.552059	1.061433	0.519685	0.408614	-0.704680	2.395674	0.660470	1.152808	1.662299	-1.335928	0.652193	-0.284444	0.570680	-0.168333	-0.698050	-1.607238	-2.209881	-0.391179	-0.426204	-1.904796	0.689562	-1.481112
0.591655	0.727804	0.736033	-1.152043	-0.194650	-2.861682	-0.955817	-1.476605	0.873436	-0.654638	-1.356420	-1.360630	0.755706	-0.869860	1.542756	-3.238529	-0.499885	0.118239	-0.479688	1.390160	-1.670438	2.422660	0.506726	-0.536603	-0.435130	0.101420	0.421772	-0.352237	-1.141353	-0.796465	0.265889	1.011361	-0.978326	1.514498	-0.592844	-0.708689	-0.745235	0.136182	-1.463568	-0.018270	-0.757485	-0.048465	1.435892	0.524627	2.261875	-0.327147	-1.208894	0.564747	-2.175080	-0.243187
-2.086227	-0.530425	2.112671	-1.067334	2.063663	-0.694716	0.125202	1.889485	-0.589867	-1.255931	-0.356379	-2.053984	2.285830	1.110790	-0.692675	0.035779	1.611363	0.268843	-0.369046	0.061004	1.766784	-2.735193	-0.554374	0.188810	1.201079	2.642419	-0.606433	-0.811579	1.724889	2.252539	-1.832830	0.072779	0.986950	0.742901	0.638497	0.371156	0.740866	-0.614936	1.761588	0.230121	0.918390	0.365097	-1.025382	-0.481755	0.763922	-0.713481	-0.772868	1.807654	4.870917	2.832832
-0.770919	0.576661	-0.762463	-0.513273	-0.594280	1.264180	1.919078	1.148620	0.949720	0.951510	1.441076	0.655503	-0.416699	0.771784	-1.132997	0.249240	1.862177	0.280747	-0.814422	0.342100	-0.051125	0.929705	0.050948	0.984921	-0.934475	-1.712059	1.109370	0.262590	-0.799971	0.804223	1.601836	1.933452	0.251444	-0.390044	-0.011414	0.416696	-0.587326	0.385958	0.797805	0.663854	1.811823	1.035014	-1.091660	-0.503681	0.752474	1.341553	-0.698262	0.073109	-1.076271	-0.101271
-1.687824	-0.893013	2.266400	-1.000753	1.486417	-1.408461	0.208136	0.099454	0.240412	-1.566036	-0.830913	-0.295706	1.254825	-0.803960	1.873453	-0.494554	0.515992	1.261077	-0.785797	-1.318223	0.848635	-0.853380	0.402421	0.326128	-0.782560	-0.035504	0.724448	-0.888367	-0.919030	-1.067592	-1.458764	-0.959872	-1.460781	1.793605	-0.996425	0.570301	-2.708604	0.903627	1.689412	-1.317365	-0.988845	-0.592919	1.580513	-1.047589	1.120620	0.000017	-0.564487	1.542733	0.770507	1.710932
-1.611554	-1.606484	-1.515106	1.235077	-1.757205	0.255702	1.406031	1.460514	-0.330575	1.213392	1.189608	1.361477	-0.684698	-1.143355	-0.411641	0.944220	-0.183916	1.072979	0.308063	-3.271761	-0.408160	1.040714	0.318870	-0.462362	0.030313	-0.449089	1.435131	0.806794	-0.247484	-0.881750	-0.686922	0.185483	0.182492	-0.727607	-0.238041	-0.874509	0.388747	2.319458	1.212485	2.306582	-0.560389	0.126154	-0.482279	0.903576	-0.670776	1.743701	-0.657464	0.255766	-0.667194	-1.870881
-0.295534	-1.399498	-0.734433	-0.040564	-0.563652	0.740151	-0.534157	0.799757	0.981424	-0.333277	0.548854	1.457406	-1.090702	-0.829523	-1.177108	0.172113	0.661306	-0.214688	-0.656710	-0.309190	0.608669	3.097560	-0.304186	0.265374	-2.455699	0.105614	-1.102636	-1.498777	0.272496	0.849250	0.999162	-0.063308	1.635524	-0.429012	-0.595526	-1.135120	0.397542	-0.107526	-0.805919	0.047584	-0.768592	-0.332685	-1.808781	1.015799	2.304441	-1.305672	-1.975928	0.473028	-3.287418	-1.106106
1.104689	1.645487	-1.489849	-1.291967	-1.191910	1.162851	-0.365753	-2.114056	0.288592	-1.757037	-0.630478	-1.511258	-0.277726	-0.781670	-0.868922	-2.175486	-0.453132	-0.060215	-0.236897	2.133053	-0.388177	2.303576	0.417562	-0.167380	-0.261582	-0.125446	-2.295708	0.769609	0.252767	-0.552314	1.220815	-0.141273	0.130533	1.373002	0.918310	-1.021128	0.943613	-0.256225	0.083604	-1.840051	-0.510205	1.006253	2.090758	-2.436913	1.261277	-2.644050	-1.040093	-0.359720	-0.926174	-1.812883
1.196547	0.666365	-0.819925	1.519581	0.140200	1.634840	-0.331472	-1.049878	-0.911281	-2.067934	0.438386	-0.930622	0.977294	1.463415	-0.311683	-0.110227	-0.795511	1.281854	-0.338803	1.416270	1.407884	-2.301160	0.044419	1.865478	0.433589	1.905975	-1.014300	0.293592	0.248319	0.508821	-0.435431	-1.228671	0.767604	1.096463	0.101619	0.941475	1.007568	-1.012592	0.143719	-0.047961	-0.723784	0.038248	-0.957064	-0.408385	-2.740362	-1.969556	-0.329336	-0.256814	1.630026	-0.990773
0.271816	0.376387	1.790747	-0.885658	1.055258	-3.534752	-1.158080	-0.925587	0.249295	-1.571041	-2.090588	-0.789962	-0.415262	-0.747765	2.467413	-0.987627	-0.220487	-1.976618	-1.545580	1.676920	0.398610	-1.571057	-1.209497	-1.106086	0.134296	-0.648628	0.008465	-1.115909	-0.115126	0.609154	-1.218213	-0.291701	-2.011013	-2.519924	-1.112534	-1.243990	-2.137774	-0.485692	0.193114	-1.424446	-0.699891	-0.488482	0.264940	1.137203	0.388324	-1.447961	-0.413558	0.532867	1.450323	1.615611
0.645285	-0.163166	-1.176162	-1.340939	-0.863275	0.491201	0.697894	0.631777	-0.565409	1.611239	-0.354740	0.807663	0.898748	0.275002	-1.027141	0.561319	0.249263	-1.653458	1.354838	1.024348	0.361346	0.319533	0.350164	-0.753854	0.448163	1.086570	-0.930838	0.528442	0.144067	0.919649	0.274809	-0.321254	1.671136	-2.491051	0.389805	0.115066	-0.098904	0.233325	-0.261647	0.422144	-0.361323	-0.443813	-1.155800	-0.148668	1.004773	-0.105193	-0.728920	-0.877895	-1.458516	-1.814575
0.365151	2.474663	-2.128869	-1.254620	1.361919	0.333061	1.201335	-1.878304	-1.159154	0.065344	-0.219012	-0.814380	-1.834120	0.921976	-2.250870	-1.796709	-0.104652	-1.024170	0.292913	2.629325	1.623291	-0.606387	1.023966	0.385840	0.357160	0.184813	-1.355300	-0.610304	0.017466	0.909706	0.579116	-0.356481	1.376276	0.291891	1.848655	0.254237	-0.212182	-2.028585	0.331288	-1.892675	0.264954	-0.116394	-1.128091	-1.717895	-0.314812	-0.364481	-0.636838	-0.761115	1.452700	0.142061
-0.974545	-1.871133	1.406720	-1.041751	3.445211	-3.732035	-2.679201	-0.949104	-2.943381	-4.209672	-4.286820	-1.876722	0.100774	-2.021564	1.859782	-0.812887	0.042139	1.075337	0.443603	0.809491	1.635787	-1.328594	0.412740	-1.398651	0.235323	0.272365	0.737834	-2.300416	-0.062702	0.866380	-1.822691	-2.057457	1.362918	0.689665	1.082898	-1.302623	-1.392397	1.069654	1.532238	0.060562	-1.611856	-0.265141	-0.652063	0.114692	1.770998	-4.567761	-0.086359	1.486191	1.475711	2.357116
1.010055	-0.707427	-0.929614	-0.114046	-0.400352	1.012950	-2.080894	0.211239	-1.218642	-0.205974	-0.113704	1.552782	1.000118	-3.662909	-1.924732	0.106604	-1.094598	-2.073659	-1.149719	-0.368067	-0.680986	-0.894522	0.329480	-0.517706	-0.476533	-0.128442	1.786896	0.614602	0.035615	0.914850	-1.047368	-0.686993	0.485932	-3.406659	0.510695	-0.482767	-0.241852	1.754478	-0.261967	-0.258460	-1.517046	0.364963	-1.209590	0.780956	1.470814	-2.516290	0.313591	0.215578	0.325110	-2.102923
0.479146	0.347813	0.545547	-1.249958	1.376532	-2.076219	2.227351	-0.870552	0.077498	1.514616	0.675044	2.749227	-1.465068	2.425209	1.207012	0.248202	0.718076	-0.817860	0.632435	0.649594	0.336172	-1.898999	0.518806	0.791435	1.483150	-2.588750	-1.602535	0.025117	1.123509	0.927122	0.345063	2.156983	-0.673943	0.561862	0.386446	-0.401143	-2.670443	-1.414525	-0.958222	-0.353283	1.485673	-0.397847	-0.978493	2.097033	-1.331917	3.186500	-0.839375	-1.492811	0.955147	2.051495
0.807269	-0.657116	-0.882543	-0.499551	-1.374124	1.224962	1.931467	1.601526	0.441276	0.641516	0.781598	-0.022094	-1.302732	1.577734	-0.185064	1.787969	-0.457664	1.803618	0.762772	-0.069544	1.699380	-0.346815	0.694085	0.966277	0.276790	-0.226920	1.101947	1.960151	0.561968	-0.231338	-0.212343	-0.714925	2.139713	2.248156	0.688482	0.407958	0.649163	-0.274324	0.488398	0.910053	0.613532	0.814530	0.527909	0.470076	-2.065438	1.201835	0.158528	-0.565827	0.738844	0.018929
-3.212775	0.038735	-1.213792	-0.357918	-1.742218	0.519899	1.865624	1.979319	0.229268	1.336007	1.271826	-0.484990	0.867933	0.627118	-0.184906	-0.961614	-0.002926	-1.788134	-0.858152	0.083422	0.711345	-2.415823	0.119310	-0.252445	0.336547	1.060241	-0.167507	1.504172	0.363309	1.083606	-0.566436	1.346697	1.087204	-2.789578	1.173227	0.753208	-0.947346	-0.310787	2.571421	-0.917304	1.152134	-0.184021	-1.526205	-0.635117	-1.708288	0.183853	-0.889781	0.289775	1.916183	-1.245858
1.898895	0.925057	0.062792	0.737261	0.190600	2.103145	-0.271390	-1.800388	-1.449035	-0.603292	0.849923	0.943837	0.089365	0.654739	-0.746167	-0.346261	0.501829	0.412314	-0.045805	-1.805064	0.231581	-1.917920	0.937301	0.327456	-0.018735	-0.176218	0.758691	1.869552	-2.007794	-1.751785	-2.305136	-0.526826	-0.801741	-2.055125	-0.594140	0.856475	2.084549	0.188620	-0.698783	0.575094	1.233422	-0.337465	0.557935	0.377958	-0.930901	-1.071924	1.808601	-1.414583	1.560958	-0.017675
-1.255136	-1.221949	0.802097	0.091968	0.924566	-0.064573	1.144845	0.137249	0.099277	0.379087	0.685014	1.194211	0.053348	-0.262881	2.304830	0.697794	-0.563059	3.779734	2.442961	-0.976124	0.685792	0.935031	-0.588787	0.265258	1.586911	0.224969	1.994410	-0.601834	-0.064011	-0.075026	0.702358	-1.130793	0.677634	5.321616	-0.544057	0.302417	-1.376142	0.204858	0.632817	1.498435	-0.730788	-0.554217	1.307963	0.591702	-0.231308	2.197137	0.808884	-0.180605	0.201639	1.550403
0.455234	-0.142669	-0.991131	2.730985	-1.453292	3.923873	-0.150038	-0.304409	-1.890119	0.729737	3.007761	1.866008	0.001832	-1.038387	-2.928798	0.726016	1.305466	1.193799	-2.450484	-2.735398	-2.835433	0.970829	-0.365372	1.456747	-1.199880	-2.247598	0.500043	0.443445	0.117121	-0.507871	-0.259430	1.886052	-1.956990	-0.646874	-1.070377	-0.084995	2.532852	0.964134	-1.376883	1.869913	0.652647	1.831141	-1.619132	-1.568883	0.885275	1.918065	-0.896100	-0.302374	-1.273734	-3.398924
0.469956	0.514619	-0.322799	-0.165053	-0.430544	-0.225520	-0.076663	0.049111	0.815475	-1.823472	1.030842	0.328752	0.109319	0.828550	-1.110417	0.008560	2.257954	4.214684	-1.572423	-2.354387	-1.175974	1.534796	0.282643	2.250486	-1.528943	-0.963295	-2.033547	-1.209670	-0.009457	-0.386483	0.579925	1.760403	-2.273869	3.268648	-0.666749	-0.261269	-0.188034	-1.081894	-0.025961	-0.338487	0.901995	0.131378	0.225219	-0.339249	1.561578	1.642267	-0.958900	-0.876488	-0.892812	-0.360274
0.904651	-0.446645	0.390309	1.109111	0.897030	-0.428981	-0.589839	1.359105	-2.066777	2.017304	1.509989	2.542029	-1.703772	0.552448	-0.225431	0.202053	-1.049828	-1.057410	0.017962	-0.359781	0.273368	-1.658769	-0.079836	0.409252	0.896461	-1.645463	-0.439111	-0.755154	-1.352326	-0.379061	-1.579927	-0.641867	-0.469751	-1.921809	-1.443745	-0.050345	-0.410473	0.107912	-1.431754	0.372623	-0.927681	-0.391263	-0.502852	0.904365	-2.143697	1.288525	1.275730	-0.644772	2.060610	0.511881
0.352019	-0.016590	-1.044835	-1.507667	-1.762841	1.442080	1.304518	0.732923	0.407593	0.160010	2.893525	1.191265	-0.135685	1.616781	-0.518834	0.669215	-0.088944	1.350580	0.551590	-0.776869	0.274763	-2.272446	-0.474122	0.503363	1.014495	-1.914389	-3.176450	1.973167	0.866276	-0.418376	-0.112063	0.790390	-2.154285	-0.231221	-0.327505	-0.203366	2.692498	-1.626593	0.526436	-1.016248	1.058789	-0.888454	0.691875	-0.045035	-1.567025	2.053293	0.026460	-1.731478	2.353850	-1.636025
1.072347	-1.001305	-1.644873	1.619684	-2.343738	1.763253	0.792537	2.133108	0.957212	-0.234723	0.783518	0.998106	-0.408336	1.750623	-0.460968	0.667101	0.669064	-0.722943	-0.541358	0.621068	-0.632135	3.061303	0.357311	0.697569	-1.118709	-1.760336	-0.612934	0.707500	-1.621927	-0.346846	1.976987	0.619202	-1.496215	-0.408078	-0.598352	-0.881004	1.595727	-0.619555	-0.934181	-0.181289	0.785715	-0.273943	-0.273551	0.161672	-0.912719	-0.516199	-0.809756	-1.091085	-2.572198	-2.462505
-0.926735	-1.854484	-0.526471	0.589057	0.671347	-0.716704	-1.866183	1.095830	-0.192254	-1.350804	-1.596572	1.328188	-0.792874	-1.533896	1.028910	-0.827970	-0.507975	-1.515710	1.192277	0.763904	1.977178	-1.295365	-0.210724	-1.932209	0.973062	1.220038	0.537079	0.090215	1.261478	-0.657073	-1.456250	-2.108638	-0.157187	-2.074204	0.590070	-0.486863	0.434847	1.191229	0.436488	0.676695	-1.461878	0.120499	2.003216	1.446893	-0.076087	-2.479824	-0.766926	1.147135	0.218690	0.533368
