X29	X46	X9	X18	X1	X36	X26	X41	X34	X44	X2	X48	X25	X35	X24	X33	X13	X3	X43	X7	X23	X12	X37	X27	X30	X4	X6	X10	X32	X14	X15	X22	X8	X45	X49	X5	X28	X50	X42	X16	X47	X39	X19	X11	X20	X17	X40	X38	X21	X31
0.826651	-1.821527	-1.026610	-2.058805	-0.133731	0.096358	-0.225981	-1.538281	-0.978447	0.212625	0.948339	-0.018876	1.306644	-0.832553	1.312176	1.247341	1.314400	0.444112	-0.552362	0.496450	-0.306962	1.492871	0.010637	-2.516175	-0.044133	2.238072	0.052106	-1.474662	-0.517741	-2.009376	1.308262	1.143365	0.058968	-0.463551	0.829635	0.514354	1.396935	-1.235545	-0.817043	1.022547	-0.407064	1.149747	0.467634	-1.497699	3.111503	-3.004443	-0.789075	-0.576065	1.953282	-1.280163
1.531781	-2.586623	-0.486645	2.145038	1.256693	-2.261384	-1.011330	1.149664	-0.800323	-0.306149	-0.600435	2.015419	0.898902	1.201456	0.622664	-0.987299	-1.473102	1.944767	0.906859	-1.162158	-0.372629	-0.997755	-2.679899	-0.801683	-0.630356	-3.285319	2.043245	1.371493	-0.657926	0.817033	-1.972491	-1.643793	-0.248119	-0.069821	1.858434	-2.471774	1.604251	2.110795	-1.448341	-0.104742	3.043916	-1.438857	-2.229368	0.339862	0.212348	0.319563	1.710334	-2.385769	0.532941	0.383206
-1.886927	1.708360	-2.045632	-0.876940	-1.890541	-0.221715	0.307190	0.603431	1.360613	-0.035729	-0.002225	0.708225	-1.619169	-0.794986	1.189258	-0.760866	0.641591	-1.611965	-1.936895	0.150444	-0.214024	1.813511	2.716399	1.454922	1.491958	1.054734	1.593706	1.651204	0.615850	0.025457	-1.310282	-0.285485	1.035577	0.044583	-0.585725	1.090882	1.388196	-2.088038	0.516264	0.632139	-1.902468	0.879714	-1.001571	2.059492	1.316560	-0.600711	-1.632290	0.652186	-1.163995	0.810733
1.617955	-1.379432	-0.140540	0.670756	2.671156	-0.757051	0.468622	-0.782089	-3.452238	2.590796	0.193236	-1.726217	0.327515	0.203143	-0.648132	0.263113	-2.355324	-0.846451	-0.039303	-2.172596	2.132404	-0.421149	0.996933	1.329081	-1.856352	-0.241877	0.680645	-0.742213	-0.936629	1.237659	0.905628	-0.058832	-0.487541	0.054398	1.291185	-1.480003	-1.358833	1.616731	0.878125	0.186718	3.997519	1.064525	0.414846	2.557752	-0.737706	0.299421	2.516961	-2.209739	-1.609316	1.880356
-0.018647	1.623148	0.780292	0.334180	-3.053656	0.590979	0.971017	1.030220	2.603460	-0.502644	0.179039	0.141983	-3.367945	-0.124455	0.973862	-1.583984	1.297966	-3.738022	0.624737	3.052182	-2.039762	0.534647	3.036983	0.164670	3.153531	-0.255690	-0.636991	0.622514	1.160259	-1.572973	0.088736	1.754227	1.621395	1.129737	-2.388645	1.406327	0.376180	-2.645230	-0.276033	-1.490677	-3.353866	-0.007387	0.813302	-2.989590	0.359666	-0.771914	-3.013666	1.062728	-1.462603	-0.213086
-1.698227	1.087416	-1.307401	0.934295	0.254245	-1.640124	-1.469090	-0.429336	-0.382148	0.569571	-1.743367	1.219267	0.519323	0.436054	-0.383861	1.201778	-0.435366	0.522778	-1.151424	-3.642785	-2.131033	1.410762	-0.030570	0.589195	-0.810191	-3.170868	1.924285	1.478742	0.609400	-0.020137	-1.039962	-0.623256	1.429225	-0.316185	1.286556	-0.132356	2.590876	0.150842	-3.347334	0.515772	1.041289	0.575578	0.685529	1.948656	0.000127	-0.207867	1.246711	-1.070841	0.009042	1.455958
-0.810203	-0.298639	-0.796091	1.133636	-0.979897	0.454796	1.381631	-0.175881	-2.024966	0.713583	-0.722754	2.132529	0.712629	-1.150977	-1.092211	1.700974	-2.554097	-0.837233	1.324292	-1.418832	-1.592087	-1.197652	-0.405028	-1.846357	-0.739857	-1.197953	2.355880	3.073184	2.506916	-2.739177	0.965847	0.988030	2.002306	0.422836	0.102243	0.396621	1.870019	-0.635604	-1.300874	-0.368561	-0.340776	-0.903552	1.287924	0.184563	-1.485929	-1.243024	-0.051481	-0.109508	-1.679143	3.515633
0.433182	0.739327	0.787199	0.188618	0.092458	2.005407	0.566745	1.121217	0.315891	0.544022	2.788881	-1.866993	0.281435	-0.600149	-1.282850	0.029161	1.538640	0.956958	0.619078	2.387630	1.973040	-1.893708	1.937019	1.597711	0.535295	-0.717896	-1.922168	2.837396	1.110078	1.770411	0.475302	-0.122794	1.263599	-1.105105	-1.526059	1.304881	-1.615330	-0.976846	0.710656	-0.637025	-0.546696	0.474534	1.532025	0.025700	-1.708293	1.913011	-0.934368	0.532451	-1.195642	-0.194683
-0.349368	1.087991	-3.319822	-0.457670	1.291672	1.368625	0.154228	0.225424	0.386373	-0.295015	1.008596	-0.556561	0.563866	0.157169	0.665156	-0.366286	-0.327418	2.083007	-2.027280	0.203366	1.010558	-2.142923	0.485262	1.196557	-0.251586	0.949123	0.006233	-1.450986	-2.116735	0.899280	0.430710	-0.390146	1.380456	-3.561228	0.005946	-1.547284	-0.187545	0.617508	1.448539	-0.278796	2.591505	-0.609561	-0.994678	0.730428	-0.125175	1.203025	1.201826	1.207992	1.506956	0.074601
0.210404	-1.391038	-1.447186	-1.680525	0.307892	-0.775548	3.054954	-0.663797	0.145666	-0.844030	-0.461401	-0.140387	-2.186409	0.638504	3.306892	0.896100	1.186957	-1.184568	0.144451	-0.648636	-0.826270	0.809769	-1.594485	-2.461305	-1.457219	-0.459924	-0.666692	-1.112201	-4.159798	0.263454	2.131633	0.161823	-0.364797	-1.563804	-1.245510	0.669440	-0.928368	0.459174	4.318550	-0.971325	-0.950064	-0.310873	-3.160762	-0.246082	1.275639	0.035590	-1.525675	1.255920	-0.107351	0.437726
-0.814395	0.503684	-0.433303	0.811488	-0.321590	1.963020	1.361438	-0.998146	-1.472557	0.110777	-0.421674	-0.746615	0.214626	-1.168562	-1.547951	-0.259040	-3.924195	0.640035	-0.059618	-0.392885	0.348390	-2.776081	-0.731882	0.574478	0.402415	0.990438	0.251762	3.456894	-2.297601	1.404211	-0.751663	-1.680555	-0.075472	-1.292578	0.473471	0.705673	-0.796772	1.031905	3.506953	-0.404371	0.461736	-1.071893	-1.705511	-0.714729	-2.855679	1.089336	1.935671	2.478776	-1.322231	2.080502
1.122715	-0.300666	0.135673	0.327116	0.604590	-1.351462	1.544144	-2.080316	0.225049	-0.016793	-0.529552	1.341310	0.447840	-0.219141	-2.299147	0.304584	-2.366628	1.942236	0.754405	-1.257861	0.022224	0.331864	-0.952912	-0.946764	1.170894	-0.947637	1.613925	0.124595	1.595689	-1.906143	0.778312	-0.252443	-1.511888	1.291028	1.771735	-0.768858	2.356285	-0.315452	-2.376263	-0.785112	1.399783	-0.181195	1.908937	-0.083818	-0.642486	0.645107	1.167599	-1.326581	0.945378	1.147543
0.658215	-0.731266	-1.299538	-0.265339	1.518038	-0.596197	0.248194	0.044346	0.391903	0.415535	0.529827	0.256465	2.154828	0.039749	-1.903942	0.323154	-2.924233	0.355786	-0.722035	1.246061	0.359467	-0.751604	0.300436	-0.102780	0.503325	0.384060	1.904959	2.765544	-1.991166	1.644162	0.284162	-2.884570	-0.604145	-0.126781	1.370553	-0.979647	-0.131374	-0.131514	3.242479	0.233729	3.773975	0.610462	-3.280932	1.108356	-1.436266	0.882190	2.357087	1.102813	-1.511215	2.202880
1.119264	-1.755459	-0.668772	-1.519527	-0.251992	-0.004611	0.522145	0.980259	0.772094	-1.815820	-0.038517	3.521926	-0.490662	0.628945	-1.267878	0.192212	-0.467729	-0.069601	0.142557	0.163909	0.721606	2.806389	-2.103999	0.839855	0.673097	2.716500	2.043690	-2.561314	-0.136976	-1.806662	0.821051	-0.128330	0.541956	0.296621	1.490312	-0.530449	2.449550	0.989144	-1.387611	2.484236	-0.795445	-1.985579	0.117770	-1.870759	2.930606	-2.604406	-0.196171	0.099952	1.448949	0.441907
-1.070087	1.434784	0.321167	2.455920	-2.177008	0.102832	0.161047	0.558025	0.849775	-0.755261	1.146384	-0.947863	-2.705054	0.811308	-0.003586	-1.352127	-1.057533	0.769766	0.587663	-0.371179	0.372524	-2.966816	-0.595089	-0.027143	1.070310	-4.105653	-0.209100	-0.793380	-2.354417	0.064081	1.076397	-1.150408	0.017603	-0.634899	0.134783	1.298889	-0.030466	-0.385135	2.598224	-0.146550	0.388541	0.996312	-1.191293	-1.581565	-1.579161	0.188717	1.638948	2.134677	0.876340	-1.353340
0.928569	0.374374	0.139358	-0.899914	-1.078647	-0.279220	-0.398925	-0.253266	2.425405	-0.593656	0.697865	0.179985	0.567791	0.081753	-2.116358	0.539561	-0.071689	-0.919159	0.206321	0.420878	-1.329400	1.671440	1.012768	0.353216	0.638523	0.367561	-0.077024	-0.196890	0.862258	-0.403335	-0.783527	-0.645912	-0.346758	0.476313	0.525391	0.014859	0.389027	-0.002724	-0.640359	0.670981	-0.062756	0.200775	-0.083716	-0.472055	-0.458512	-0.511484	0.589325	-0.444555	-0.560028	0.815763
1.742574	-2.320529	0.659992	-0.237634	0.017035	0.445468	0.260834	-1.750488	-1.684176	0.527321	1.168267	-0.606789	1.258303	-1.547488	-0.135040	1.522227	1.027577	-0.018033	0.260434	-2.260124	-1.243880	0.420227	-0.597695	0.354585	-1.498654	-0.668607	-1.096402	0.684613	3.245710	0.370539	-0.998005	-0.301414	0.292544	0.392886	0.989106	-0.687268	-0.675725	-0.046736	-2.057581	1.729476	1.578698	0.405164	1.127054	1.705997	0.517106	-1.397664	0.220590	-2.457919	0.201896	0.030764
0.929765	0.365888	-0.003940	1.489255	0.307174	-1.192985	-0.559043	-0.983740	0.657178	0.683440	1.795748	0.026728	2.267223	-0.544816	-3.190596	1.051040	-0.339939	0.326227	0.177710	0.428580	-0.744568	-1.819398	1.082638	0.849039	0.059448	-4.048309	-0.579093	-3.095737	1.425675	-0.703341	0.833579	-0.855445	0.644482	-0.261666	1.852103	0.126250	1.022126	0.803247	-2.931145	-0.550035	3.552693	0.724753	2.646085	0.540366	1.184963	-0.302096	2.021227	-1.276898	1.034932	-0.866858
-1.201541	2.067673	0.151147	0.449172	0.092807	0.304791	2.652179	0.036079	-0.761311	-1.630798	-1.133210	0.322168	-0.801079	-0.302110	1.026563	-0.411703	0.308508	1.192745	-0.621019	-0.054116	-0.099710	1.571846	-2.417441	0.429417	0.259045	-0.081862	-0.200452	-2.513898	-1.897992	-0.614361	1.554764	-0.877665	0.417152	-0.948404	0.145022	0.964010	0.638903	-1.088267	1.771497	-0.851403	1.876585	0.922620	-1.030410	-0.414979	1.999073	-0.095161	0.180016	1.988436	1.971270	-0.953904
0.429109	-2.099927	1.017216	-0.652535	0.146044	0.297971	0.773836	0.785860	0.974857	-0.773600	0.099818	-0.222682	-0.715882	-0.214895	1.783787	0.339071	2.403672	-0.967138	1.507220	-2.325247	-0.819796	1.330881	-0.210958	-3.053411	-1.352378	0.721348	-0.639532	1.280584	-2.052415	0.120302	1.242784	1.068386	1.913715	-0.873965	-0.901231	0.354231	-0.946042	0.176201	0.170125	1.393950	-0.755382	-0.374751	-0.686770	0.882850	1.706837	-1.175556	-0.499388	1.076413	-0.795745	0.054424
-2.031542	0.456458	-0.957361	-1.865421	-1.660299	-3.929828	-0.414517	-0.340314	0.158676	0.334919	-1.729218	0.540219	0.395443	0.384132	-0.358759	0.508184	2.044924	-1.020434	-0.566292	-1.839283	0.528914	4.593153	-0.499815	0.121409	-0.685677	-0.037682	1.545385	2.562630	-0.417010	-0.172912	0.205919	-0.054158	-2.027785	1.475968	-0.957851	0.573633	1.050149	-1.773703	-1.801353	1.496099	-2.789434	0.922033	1.034971	-1.444943	1.714559	-1.692964	-2.728406	-0.987724	-0.446585	3.115555
-1.639767	0.531004	0.818446	-0.049676	-1.502449	-3.069945	0.085336	1.039795	0.686614	-0.057504	-0.984568	-0.887230	-1.455342	0.626133	-0.786616	-0.199927	2.735367	-2.513615	0.314927	2.363064	-1.583392	3.681520	-0.329476	-0.570781	1.462967	-1.977502	-1.033357	-1.725713	0.732248	-0.752951	-0.188178	0.101082	-1.552999	1.643745	-0.557178	1.044173	0.109273	-2.043707	-2.087136	1.493699	-1.157624	1.057643	1.112917	-1.019896	2.332257	-1.592047	-2.140668	-2.057654	0.724377	-0.519706
-0.550711	0.324372	0.559833	-0.655289	0.272826	-0.662309	-1.815599	-1.632781	-0.466604	0.800620	0.294893	-0.010299	1.588115	0.315883	-2.986347	1.119883	-4.041507	-0.908744	0.412770	1.464079	-0.218666	-2.743999	0.423381	-1.088015	0.055655	-0.495154	1.577267	-1.184118	1.570166	-0.238457	-0.310355	-1.153286	-1.187790	1.979682	1.463631	1.875951	0.949282	-0.302781	-1.358346	-0.879939	0.229240	1.664198	0.081641	-0.485553	-1.631275	-0.241534	1.214562	-0.999281	-1.050715	2.278488
-0.607765	0.997426	0.096199	0.704824	-0.956625	-0.362946	0.353246	-0.147604	-0.154365	-0.268726	0.106646	0.917884	0.737104	0.221057	-1.610197	1.017592	-1.097825	-0.248508	-0.003910	-0.034835	-3.471756	-2.139264	-0.300721	0.798389	0.507331	-2.861745	0.285373	0.113289	-0.165037	-1.582745	-0.804956	-0.641849	1.265636	0.335727	-0.630407	-0.655702	2.456575	-1.523535	-0.652884	-0.386154	-2.433974	-0.114859	0.311832	-2.576023	0.791409	-1.605900	-3.466704	0.769170	1.142823	0.117798
1.153335	0.186300	-0.006036	1.355269	0.558088	1.122646	-1.212480	1.438202	-0.196362	-0.756131	0.522026	0.741085	-0.022120	0.166989	-1.036836	-1.919738	-1.212537	1.189087	-0.061454	1.668407	-1.579791	-0.812165	-0.130238	0.113740	1.714662	0.866897	1.104540	-1.249241	-1.594489	1.332141	0.237101	-0.151253	0.918678	-1.023707	2.304493	-0.298071	1.400811	0.364030	-0.247995	-1.104088	2.602797	0.054367	-1.708861	2.425360	0.389415	2.327426	4.270793	0.752474	0.694456	1.154180
-0.809689	1.455816	-0.883967	-1.654096	2.327577	0.634536	1.134571	0.243537	-0.433098	-0.385013	1.163065	-0.213490	1.501636	-1.302177	-2.367008	0.502056	0.482630	1.486772	-0.867549	0.873878	-0.461161	1.657780	-0.690857	0.137290	0.228103	1.562774	-0.807278	0.348787	-0.222539	0.062164	1.877678	0.083391	-0.262543	-1.711659	1.978529	1.042854	-0.668186	0.550947	0.863388	0.652683	2.596977	-0.709337	1.323236	2.635746	-0.178436	-0.343189	3.766518	0.645474	0.664412	-1.836090
2.206883	-2.518858	2.472118	0.167852	-1.946777	0.678562	-1.668658	1.538865	0.696562	-0.511043	0.936061	0.369649	-3.605091	-0.194848	-0.283646	-0.793334	1.006629	-2.048559	1.785599	-1.488109	-1.373600	-0.949581	0.726567	-0.161973	-0.515193	-1.236552	-2.053495	-5.029455	2.006134	-1.289792	-0.823418	1.583693	1.260871	0.943072	0.188838	-0.757927	-0.092335	-0.017610	-1.703430	2.469198	0.632839	-1.808033	1.526730	-0.838920	3.446751	-2.659439	-1.269565	-1.457480	1.820985	-4.389161
-1.474953	2.201851	-1.565030	0.573513	-0.564370	0.385012	0.177638	-0.477602	0.297195	-0.605076	0.629029	-1.154756	-1.786401	-1.474728	0.721005	-0.507014	1.824545	-0.771156	-0.864972	1.961203	1.175599	0.649729	0.298885	1.305075	0.143273	0.392636	-2.832965	-1.882361	-0.671159	0.372592	1.419245	-0.050129	-1.505085	-1.503044	-1.996236	0.827068	-2.871993	0.894123	1.595645	-0.456505	-1.639393	-1.806813	0.678943	-1.874696	-0.202960	1.069218	-1.386272	1.252754	-0.613659	-2.527332
-0.812476	0.485605	-0.624862	-0.823273	1.885443	0.860411	-0.472474	-1.087645	-1.273139	-0.542002	-0.162618	2.296588	3.210229	1.451746	0.102400	2.912117	0.239351	2.515151	-0.027158	-0.836255	2.163499	0.650383	-2.650803	0.059670	-1.777190	0.884567	1.128786	-0.898698	-1.752107	0.622667	1.044718	0.163358	1.537206	-1.680879	1.779014	0.545089	0.618482	2.821541	1.113508	-0.145506	0.456796	-0.882110	-0.574254	3.564807	1.031599	0.233017	2.670527	1.219904	1.737116	0.001222
-1.546477	1.354468	0.382829	0.142189	0.133021	-2.667912	-0.838235	-2.073415	1.291002	0.159458	-0.261971	-0.597673	0.318740	-0.272444	-0.718915	0.462707	-0.522416	1.026118	0.145962	2.495812	-1.386480	-1.854455	-0.209707	0.522095	0.999451	-3.803100	-1.146246	-0.901713	1.481007	-0.594227	-2.573368	0.508497	-2.169274	0.828745	-0.256792	1.999182	-0.422948	-0.654438	-0.926076	-0.757592	-0.974899	-0.285476	-0.037466	0.508190	-0.965833	0.926198	-1.050491	-1.644598	0.381817	-1.592593
0.512231	-0.559549	-1.501782	-0.062497	1.064786	1.003081	0.786503	1.453240	0.298672	-1.039810	1.793762	2.266224	1.146210	0.114797	-0.030775	-0.173243	1.158726	0.927009	-0.216116	1.072197	0.786370	2.144141	-1.105090	0.853695	0.086365	1.068281	0.803157	2.605547	3.034667	1.591598	-1.896514	-1.457234	0.755163	-0.583349	0.571332	0.935852	0.208941	1.103292	-1.176081	2.547267	-1.408995	-1.715933	0.683566	2.088715	-0.590863	0.259758	-0.133022	-0.870334	0.368715	0.313518
2.442922	-2.615806	2.024456	-1.532759	-0.256840	1.063618	1.208154	0.343476	1.379419	-0.763494	0.665867	0.623193	-0.675449	-1.252838	0.339646	-0.583412	-0.088285	0.316314	1.272779	1.731561	-1.180738	0.134435	0.386415	-0.780849	0.648555	0.667254	-0.126147	1.271927	0.556842	-0.452694	0.194125	0.268598	0.627468	1.023554	0.091794	-0.326193	0.837669	-0.871551	-0.138797	0.061524	0.917414	-0.666731	0.684222	-0.082672	0.212043	-1.647934	-0.790799	0.089936	0.201198	-1.224472
-0.225346	-0.270109	-0.052424	0.196444	-0.879730	0.432814	-1.573708	1.753726	0.718792	-0.793019	0.496998	-0.590563	-1.768496	1.598770	1.924628	-0.678955	1.289521	-1.629716	-0.532335	0.690563	-1.084732	-0.740175	-0.162604	0.910583	0.176289	0.028519	-0.550742	-0.716795	-0.466538	0.030062	-2.024709	0.691051	0.525647	-0.127762	-0.119657	1.018052	0.017474	0.714021	0.711228	-0.855511	1.902341	0.804402	-0.951187	1.266969	0.587596	-0.271931	1.118781	0.913096	0.015833	-1.079422
-2.500877	2.268182	0.673803	1.216120	-0.203906	1.031732	0.022552	-0.118708	1.008203	-1.946192	-2.627224	2.012566	0.955404	0.093309	-5.093130	-0.046237	-4.136337	-0.038557	-0.635188	0.753535	-0.792109	-2.893393	-1.210294	-0.012077	1.027175	0.247053	0.884367	-1.581815	2.292253	0.208669	-0.640694	-2.194022	1.603994	0.051536	1.571171	2.086276	1.219253	0.957814	0.470417	-3.329556	2.311413	0.545585	1.521838	-0.896592	-1.086989	2.222541	2.484294	1.838974	-1.150452	0.834208
-1.234016	0.147472	-2.208342	-1.578976	1.651989	1.336592	0.726434	1.279707	-2.644686	1.158943	-0.234441	0.668178	1.400694	0.313177	0.041885	1.007007	-1.579026	-0.491952	-0.990459	-1.320311	1.419335	-2.519794	0.180351	-0.566231	-1.700660	1.120684	0.584204	-1.912562	1.792139	1.368879	-0.038565	0.276106	1.239579	-1.184830	0.364131	0.451169	-0.807477	1.568594	0.653116	-0.809944	0.850627	-0.200983	1.264943	-0.515726	-0.534950	1.762240	1.041373	0.001518	-0.801786	0.862118
-0.249829	-0.046075	0.358774	1.407839	-0.235943	-0.343206	-1.430301	1.047495	0.312447	0.665937	-0.736635	0.682812	-1.928677	-1.529473	-1.920075	-0.870821	-0.234182	-1.775621	1.059471	0.444328	2.071712	1.893871	1.948502	0.170824	0.816406	-0.904658	0.126515	-1.070189	3.067429	0.313621	-0.662595	-1.538059	0.758680	1.053275	0.258449	-0.193074	-0.534444	-0.480816	-1.162927	0.370222	0.967467	-1.067227	2.528311	-1.899172	0.738970	0.016698	-0.567145	-1.309533	-1.190316	1.121131
-1.504674	1.591515	-0.383096	-0.559152	-0.549697	-1.700601	0.284590	-0.079222	2.472505	-0.892125	-0.500141	0.982376	-0.327672	0.587802	0.066782	0.457745	0.604881	-1.027007	-1.091879	1.168118	-3.606227	1.142311	0.525859	1.494406	1.602608	0.514711	0.729495	0.799156	1.291070	-1.494389	-0.798285	0.697280	-0.856979	1.240648	0.777420	1.219746	1.590751	-0.323086	-1.685351	0.752007	0.691674	0.742465	0.953522	1.020701	0.691203	-1.823731	0.259194	0.393664	-0.264585	0.854169
2.903480	-2.818750	0.550251	-1.010049	0.972116	2.243436	0.108674	2.817468	-1.711187	-0.256633	0.609331	-0.717259	0.461588	1.763125	1.863694	-0.736202	1.264079	0.476162	1.021108	-0.426787	2.324960	1.979036	-1.278217	-1.032923	-0.911398	0.768636	-0.401121	-0.319873	-0.159434	1.182241	0.820015	1.239790	2.680844	-1.113724	-0.636094	-2.333096	-0.870688	-0.202010	-1.452165	1.554332	-0.639011	0.795996	1.512321	-0.516173	0.430076	-0.195343	-1.464545	-0.671561	0.379589	-0.096008
-1.063510	0.666818	0.620752	0.406265	0.414277	0.671147	-2.349046	0.834538	-0.096416	0.554450	2.138588	-0.284666	0.523220	0.852678	-1.452645	-0.522308	-0.320751	0.702260	-0.152064	1.457684	0.317266	-0.056465	1.161212	1.016543	1.604712	1.843659	0.332123	-0.756424	1.927583	0.762179	-1.780837	-1.239039	-0.203271	1.127203	-1.983715	1.947530	0.305370	-2.237600	-0.557264	-0.126606	-3.297252	1.142491	0.349641	-2.054228	-0.220064	0.842328	-4.067567	-0.996137	-0.025642	1.016011
3.489923	-3.269862	1.737345	0.845908	0.664381	0.645068	-1.904131	-0.002326	-2.631697	0.798629	0.065181	-0.361932	0.085215	-0.038356	-1.280654	-1.023319	0.851754	1.819603	0.906408	0.140426	-0.987964	0.898792	-1.177080	-0.956568	-0.296472	-1.712970	-0.955913	-0.431479	3.712572	0.126540	-1.494103	-0.122019	0.756708	0.865919	0.491372	-1.928424	0.580970	0.595437	-3.368870	0.058832	0.822567	-0.987900	1.820729	-0.204382	0.473108	-0.455505	-0.314190	-3.460720	1.859334	-2.504746
0.162235	0.238613	-1.119151	-0.934426	-1.629670	-0.831599	0.893781	-2.108435	-0.136614	0.494314	0.061103	0.662882	0.297181	-1.829252	-2.388759	0.263604	-2.173915	-1.412577	-0.890317	-0.087913	-1.742944	-0.510269	0.813086	1.103561	0.908207	-0.476204	1.198597	1.439084	0.687527	-2.239976	-0.434778	-0.670834	-1.260033	1.235673	1.554291	-2.294863	2.489741	-0.815734	-2.152773	1.074183	0.675424	-0.269529	0.970564	-1.812892	-0.127106	-2.381933	1.116619	0.036604	0.920300	0.782143
1.040734	-0.791766	0.431352	-0.552042	-0.232513	-0.849457	2.254742	-0.691789	0.916807	-0.198327	-0.999307	-0.026575	-1.417076	-0.574807	-1.162315	-0.432569	0.606490	0.668473	-0.549874	0.248016	-1.088482	-0.056348	-0.271563	0.017324	0.803105	1.051690	0.407365	0.437952	1.020801	0.170105	1.389718	1.074191	-0.794552	0.750207	1.109482	-0.588041	0.937169	-0.783961	-1.290147	-0.123525	2.237481	0.995511	1.773104	0.989048	0.460475	0.241643	1.467782	-0.263938	0.373561	0.063746
-0.850874	0.174006	0.094372	0.909015	0.675237	1.389427	-0.084713	0.051971	-1.000738	-0.194922	0.022485	-0.201601	0.780857	0.176523	-0.527808	1.121507	0.703923	1.184807	0.039330	0.827296	1.354706	1.366440	-0.625027	-0.486853	-0.722483	-0.184132	-0.927230	1.445044	-0.315502	-0.605192	1.084031	0.004628	1.963437	-1.726159	-0.247731	0.759491	-0.770577	0.623585	0.933377	0.144937	-0.591394	-0.438818	1.239540	1.859128	-0.370824	-0.176158	0.356051	1.341276	0.805674	-1.211909
-0.501584	1.443768	0.344496	-0.139379	-0.101465	-0.690341	0.253904	0.586441	0.684873	0.349405	0.685461	0.853883	0.377761	0.224708	-0.799806	-0.312430	-0.576575	-0.466252	0.840867	0.418225	0.516971	-0.868338	1.702752	1.928908	0.143765	-0.248302	0.617715	-1.497316	0.828020	0.950172	0.408256	0.033868	0.242858	0.267984	1.365009	-0.299783	0.264057	1.311874	-0.738711	-0.553326	3.644489	-1.176552	1.627977	0.593876	0.867296	0.769912	2.479898	-0.167384	-0.589760	0.845341
-0.032755	-0.082037	1.031913	1.051945	-1.195475	2.627674	2.273821	1.677904	-0.973821	0.117789	-2.183959	-1.259024	-1.001663	-0.456761	0.101576	-1.661356	0.293421	-0.531167	0.912303	2.641941	3.357404	-0.008459	0.783111	-1.151002	1.558829	-0.879717	0.312520	1.447563	-2.747748	1.027599	-0.782721	-0.726431	3.437354	-1.408494	-0.403246	0.423263	-1.157440	-0.266530	1.926459	-0.995545	-0.295331	0.230428	-1.633008	-0.104362	-0.938473	0.843706	0.538497	2.838570	-0.478522	0.542246
-0.149222	0.341707	1.271532	-0.531322	1.368300	1.113312	1.586062	-0.038796	0.597462	-0.381732	-0.145529	0.517750	1.984258	-0.669640	-1.413702	1.572071	-1.537967	-0.328361	0.990335	0.020230	-1.412674	-2.018019	-0.295111	-0.071013	-0.281038	-0.583402	0.688996	2.547285	-2.406007	0.113893	1.569447	0.010843	1.469802	-0.525788	1.574039	1.171535	0.055096	0.376294	1.786484	0.349144	4.118618	-0.290927	-1.072594	2.046007	-0.848628	0.755073	3.116785	2.371035	-1.830471	1.572800
-0.125617	0.357074	-0.066160	-0.122241	1.248777	1.582445	-2.093803	0.786531	-1.009612	-0.151847	-1.510417	-1.699167	1.097594	2.061205	2.074376	0.120385	3.497955	0.907694	-2.198069	2.187448	-1.149781	2.133696	-0.783348	0.633243	-0.006513	2.202164	-2.996691	-1.096561	-0.784828	0.104723	-1.534108	0.499306	-0.860782	-1.150821	-2.114752	-0.396901	-1.511911	0.963637	1.135551	-0.271083	-1.533194	0.450499	0.667136	-0.691813	-0.058669	0.859930	-2.112576	-0.054315	1.319286	-3.715224
1.347305	1.391921	0.772000	1.861321	0.385520	0.461447	0.203879	-1.957357	-0.239791	0.460258	1.536335	-0.944036	1.928635	-1.523475	-0.726874	0.691800	-0.221846	3.245849	-0.505329	1.223926	-0.828655	-4.482015	-0.357553	3.012281	-0.569040	-2.655944	-1.750072	0.474695	0.282967	-0.887132	0.596261	-0.187558	-0.727445	-0.647634	-0.242127	-0.915833	0.773183	-0.278135	-1.249346	-1.789941	1.921740	-0.206603	1.168873	0.862488	-0.748713	0.496776	-0.037256	-0.308275	2.524965	-3.063703
-1.545341	0.744301	-2.063030	-0.279837	2.406899	-0.373989	-0.414693	-0.340581	-0.218529	-0.837859	-0.871305	1.723623	0.755750	0.210351	0.252913	0.619963	0.034367	3.606283	-1.831495	0.711566	1.126833	1.434932	-2.411488	0.366078	0.197858	1.429072	1.689128	-0.707161	-0.431830	0.673900	-0.904250	-1.045099	-0.507375	-1.377966	1.064538	0.029568	1.382933	-0.020268	-0.628967	0.901433	2.207055	0.476149	-0.346713	3.107936	1.495181	0.299100	1.347193	0.531363	2.386426	0.408283
0.442099	0.934780	-0.004316	2.539330	0.413346	0.042511	-1.221385	0.700369	1.087221	0.643072	2.648996	-1.204899	-1.018905	-0.219099	-0.125092	-1.321455	1.563604	0.336021	-0.343928	0.909572	0.603412	0.305538	2.301009	3.498046	0.056972	-0.743010	-1.459358	-0.330218	-0.030046	1.647023	0.578658	0.685620	-0.591323	-0.451680	-1.509319	-1.134205	-1.924743	0.164677	1.125466	1.101175	-1.879941	-0.742645	0.453754	-0.673368	-0.210262	0.326416	-0.863366	0.182693	0.356709	-2.361007
0.779333	-1.525884	0.847186	0.882738	-0.803705	-2.344833	-0.279565	0.310662	-2.200777	1.870178	1.353198	-1.775870	-3.687031	2.566695	3.442984	-1.249361	0.709034	0.179200	1.035967	-2.662193	1.142019	0.618181	0.328420	0.329603	-0.883555	-0.212176	-0.061130	2.603160	-1.966149	-0.816239	-1.480363	0.888538	-2.453463	1.167805	0.055306	0.005068	-0.862475	1.497808	0.374166	0.336695	-2.701719	0.138662	-2.740726	-1.906836	-0.533597	0.105806	-0.502079	-1.247110	-0.124318	0.277066
0.894220	-1.045607	-1.547389	-1.923743	-0.741223	1.139249	0.446360	1.616353	1.406156	-1.409423	-0.254449	-0.177374	-3.028132	0.183208	2.742208	-0.635645	1.801070	-2.163218	-1.759270	-0.707818	-3.242516	0.494716	-0.172034	0.447965	-0.256131	1.219651	-1.089614	0.628939	0.045691	-2.248206	-1.919052	0.018919	0.692505	-1.074294	0.318073	-0.910853	-0.146728	0.229746	0.779552	0.541927	0.697766	0.314531	-2.242939	0.199769	0.875049	-2.457830	0.761416	0.662916	-0.483287	-0.524207
0.513983	0.299985	0.537130	2.711175	0.867034	1.151232	1.220593	0.896608	-1.340044	-0.147304	-0.881107	1.384658	-1.171617	0.428820	1.658719	-0.379094	0.265363	1.388148	0.375378	1.406120	-0.782098	0.745413	-1.023124	-0.656509	1.503404	-0.850957	1.151609	-0.394312	-0.566561	0.826100	1.847697	-0.197845	2.836332	-0.565052	-0.460492	0.627077	1.571899	0.251006	0.305652	-0.826305	-0.675654	-0.422695	-0.758335	-0.469186	0.456075	1.955654	-0.545571	0.517046	1.024175	-0.857725
0.337553	-1.572169	-0.478328	-0.044351	-0.515634	-0.547502	0.247905	-1.106990	-0.065842	0.611100	0.144116	-0.478581	0.900686	-1.587874	-1.807410	0.395911	0.233126	0.328574	0.862814	1.031458	1.675143	0.023295	0.143826	-0.818570	-1.103539	-2.343685	-0.332272	0.829717	1.526223	0.670384	-0.326765	0.239820	0.047478	-0.144032	-0.281693	-0.325337	-0.871351	0.720601	-0.184521	-0.288561	-0.513761	-0.651320	2.040740	-0.512974	-0.751460	0.750618	-1.018545	-1.132977	-0.479890	0.427713
0.530542	0.628383	0.282327	0.085884	-1.087068	1.441238	0.828837	1.417589	-0.339525	-0.129594	-0.244446	-1.762637	-0.899795	0.680229	0.821495	-0.819582	0.632291	-1.059383	-0.168605	0.825344	-2.303561	0.914104	0.337337	-0.358003	-0.150536	0.331296	-1.286394	1.761463	-2.108718	-0.817760	0.912593	-0.434719	1.218276	-1.041237	-1.878476	-0.224537	-0.853651	-1.295048	3.224440	1.164237	-1.530536	0.514066	-1.446692	-1.697328	0.288904	-0.846960	-3.493720	1.177497	-0.287708	0.582090
0.288197	-0.100266	-0.902881	2.000267	-0.794337	-1.382162	0.612085	-1.829224	-1.047008	0.297721	-0.584223	1.095953	-0.398059	-0.662811	-1.232667	0.166078	-2.197863	0.141370	0.482258	-0.759361	-1.269853	-0.604573	-1.237675	-0.684161	0.311351	-2.014659	2.153549	0.142660	-1.249255	0.355375	2.105523	0.744119	-0.188253	0.244918	0.865171	-0.935664	2.679989	-0.051804	-0.974510	0.110414	0.236827	-0.780135	0.495150	-0.364223	-0.365734	0.159144	0.860452	0.082928	0.492612	1.967617
0.470843	1.774687	0.840657	0.867527	-0.080280	-1.882464	-0.688171	-0.151272	1.014002	0.378196	0.864305	-0.029456	0.557713	-0.251501	-0.707833	-0.398110	-2.928564	-1.755722	0.271923	0.520213	0.052165	-3.422088	0.537025	2.030200	0.851193	-2.760890	1.311383	-2.983226	-3.385663	-0.033610	1.104514	-1.149487	-0.337982	0.640983	1.499344	-0.269030	0.595262	-0.929425	1.140945	-0.913875	1.318739	0.983897	-2.412987	0.768780	0.237661	-0.251056	2.110507	0.433661	-1.196638	0.051601
-0.425965	-0.528103	-1.708678	1.015087	-0.550061	-2.915960	-0.514561	-1.428613	-1.750297	1.881392	-0.252003	0.032934	1.580101	0.180294	-1.655310	0.456584	-2.329507	-1.175805	-0.483681	0.775433	-1.746144	-1.887992	0.562047	-0.429559	0.044486	-2.169809	0.322567	-0.880528	0.599117	-1.478467	0.381153	-0.738559	-2.005441	1.250009	0.182671	-0.955561	1.190637	-0.605841	-1.677000	0.318293	-0.324636	-1.082938	-0.515137	-1.368683	-0.181210	-1.212613	-1.425492	-2.803439	-0.638752	-0.749552
2.761441	-1.058363	-0.767428	0.545398	-0.381393	-1.689355	-1.238016	1.832704	0.262778	0.695215	0.097954	1.023328	0.311954	1.348640	-1.015123	-1.378071	0.250215	-1.067691	-0.579837	-1.603271	1.007947	0.246197	0.903028	1.819152	0.268421	-0.297594	1.688070	-0.178287	0.082500	1.305977	0.263088	-0.260517	0.259342	0.434939	1.071673	-3.532274	0.824640	0.893680	-2.296288	0.556215	-0.479446	-0.036801	1.315744	1.009554	0.705984	0.588937	0.986371	-2.001038	-0.768439	1.147808
1.063860	0.476138	-0.283305	1.468852	-1.983233	-0.605214	0.046559	0.676469	-0.515000	-0.154669	1.102122	3.147485	-0.653034	-0.651955	-0.631574	-2.740896	-1.294167	2.078733	0.773214	1.880256	1.458683	3.325498	0.159970	2.159987	3.125663	-3.146649	4.003634	-0.611145	1.566977	0.950348	0.165063	0.582193	2.038344	1.149083	1.375997	-0.407722	4.311117	-1.222914	-2.803449	0.660023	-0.744196	-1.154487	1.240326	-1.264049	0.756236	0.257317	-1.053742	-0.996221	2.503385	0.827429
2.950682	-3.118671	1.159151	0.630368	1.149344	-1.248230	-1.215156	0.618505	-1.091263	2.457768	0.201765	-0.178981	1.658430	0.513836	-1.770381	-0.683808	-2.280193	-1.660743	1.521567	-0.420705	1.563472	0.153176	3.236063	-1.200625	-0.239814	-1.198236	2.283124	-1.716821	-1.321017	0.815503	0.085789	-0.859945	0.335439	1.644253	2.236755	-2.580629	0.047841	0.949172	-1.228566	-0.201001	2.225050	0.626156	-0.178291	1.829461	0.866146	-0.040067	2.702961	-2.253294	-1.088890	1.777292
1.703398	0.221808	-1.345259	-1.289031	1.185739	0.446863	-0.514864	0.621262	-1.608884	2.217564	3.007586	-0.274086	2.727377	-0.083565	-2.618649	-0.936654	-1.994382	-0.692920	-1.461072	0.481536	2.097529	-2.015743	2.870133	2.567461	-0.041154	1.742952	0.543913	-2.236879	2.141986	-0.169841	-1.179975	-0.888997	-0.263758	0.398339	-0.095188	-3.441357	-0.520531	-0.083426	-0.737187	0.147348	-0.729275	0.349006	1.167828	-0.626750	0.147776	-0.047484	-1.153043	-1.756445	-0.102851	-0.040823
0.416241	-0.416253	2.231595	-0.382257	-1.722559	0.655450	0.288831	1.366388	0.751932	-0.019327	1.057891	-1.176527	-2.938772	-0.135853	0.290214	-0.943546	1.876380	-0.277590	2.071414	0.304655	-0.493357	1.932717	1.694898	0.108617	1.426649	-2.291123	-1.433616	-0.621557	0.882617	-0.852941	-0.903154	-0.017450	0.283816	1.314840	-0.840053	1.620034	0.312499	-0.557895	-0.141960	1.646081	-2.855687	-0.378919	-0.769222	-1.609652	0.715394	-1.367687	-2.357870	0.167726	2.030765	-1.400083
-0.916653	1.240380	-0.485752	0.785265	0.986928	0.777813	0.414377	-1.053925	-1.618703	0.383655	0.988389	-0.568808	1.197752	-0.553986	0.200892	0.994649	-0.121694	0.667118	-0.836570	-0.953802	-1.242047	-1.428975	-0.678082	2.460499	-0.882224	1.332026	-0.691011	1.960051	0.868108	-0.600650	-0.514973	2.057794	-0.236625	-0.285133	-0.857210	0.342090	-0.238853	-1.232202	-1.696468	-0.373936	0.237021	0.378055	1.543308	-0.690243	-1.150452	-0.233854	-0.737249	-0.675293	-0.349569	0.121620
0.052623	-0.888076	-1.999868	1.588596	0.353084	0.828182	-2.047001	0.403338	-2.580253	1.147005	-0.456033	-0.701142	0.707701	1.161774	-1.521705	-0.183446	-0.058415	1.014364	-1.188169	-1.422639	0.739306	-1.042452	0.021137	-0.270634	-1.112590	-1.218532	-0.247013	2.431721	2.778318	1.146858	-1.631392	-1.238423	0.612496	-1.388809	0.991839	-1.419063	-0.711310	1.824832	-1.875716	-0.586831	0.305611	0.199908	0.764923	2.296760	-1.259089	1.056645	1.932220	-1.832682	-0.237356	0.181494
2.635686	-0.398762	1.562350	-0.960625	0.305381	3.141641	2.083099	0.320176	1.651829	-1.144861	2.223118	-0.919595	-0.930557	-2.219896	0.408246	-1.589335	-0.245912	1.620829	1.613196	0.393050	0.216682	-0.076211	0.412716	0.799499	1.258746	2.325743	-1.561317	0.333703	-3.241683	0.858130	1.390238	-0.830175	0.727569	-1.487361	-1.085003	-0.059555	-1.629798	-1.406067	3.944092	0.321009	-1.134850	-1.991125	-2.213334	-1.622743	-1.490081	0.097515	-0.999898	3.375248	0.465929	-0.916419
1.842884	-0.482093	0.341415	-1.067000	-0.869307	0.423537	0.048167	-0.924234	-1.129126	0.790558	-0.724684	-1.040813	-1.306133	-0.290428	0.414199	0.849477	-1.104360	-1.025248	0.234726	-0.435089	-2.271134	-1.641904	-0.347281	-0.607917	-1.088811	0.295509	-0.433545	1.881768	-1.983599	-2.867605	-0.093372	-0.087338	-0.723511	-0.054965	0.753910	-0.460664	-1.003768	0.754825	2.407906	-0.950110	1.689249	-0.423854	-2.724649	0.068055	-1.560137	-1.671202	2.416464	-0.142514	-1.244319	0.502435
-3.637613	3.305855	-2.234399	-1.186687	-0.266561	-0.230554	-0.511179	0.521637	-0.181527	-0.380338	-0.188058	0.344820	-1.012363	0.809674	1.376105	0.437894	0.682804	1.518041	-1.368385	0.651698	-0.611987	0.511910	-1.200459	1.425669	0.341280	-0.679762	-0.289095	0.225069	-1.742471	0.194974	-0.899920	-0.683808	-0.439634	-1.598402	-1.000702	3.568521	0.513956	0.141020	1.344916	-0.065545	-3.629676	-1.364346	-1.141144	-2.525102	-0.611052	-0.466115	-2.321853	2.130193	1.332654	-1.259744
-1.041090	-0.433166	-0.594583	0.751696	0.818418	-1.227886	-0.652266	0.085122	-1.620172	1.217739	-0.262533	-0.386984	-0.746624	1.534695	2.721886	1.517420	2.619134	-1.405067	-0.013361	-0.657746	-1.733061	2.731688	0.568545	0.625375	-0.690796	-1.873194	-0.555163	2.354048	1.344020	-1.853383	-1.165045	1.737688	0.039398	0.305433	-2.293951	0.167260	-0.784540	-0.815595	0.297113	2.039785	-2.897931	-0.341596	-0.184340	-1.548826	0.746062	-2.013363	-3.898517	-1.067388	-1.419578	0.455247
2.035087	-1.252682	1.632564	2.172012	-0.676220	-2.849125	-1.942218	-0.954060	0.677767	0.262635	0.601757	1.330773	0.384953	-0.730020	-2.832758	-1.115286	-2.662205	-1.506137	1.902697	0.170866	1.515881	-1.974052	-0.139364	-1.176620	0.728312	-2.797454	2.909124	0.429620	0.239934	1.366461	-0.959341	-2.813414	-0.475034	3.207046	-0.154287	-1.347028	0.978413	-0.458739	-1.581486	-0.983771	-1.926415	0.960128	-0.386737	-3.711224	-0.170627	1.507914	-2.014812	-2.415185	-2.001853	2.642413
-0.444647	-0.699540	-0.415267	-0.507762	-0.219394	-0.159110	-0.365320	-0.067270	-0.734099	0.173810	-1.900174	0.248849	-1.353881	0.124566	0.042337	0.102764	-0.418117	-2.459153	-0.919079	-2.011333	-2.317646	0.845430	0.123981	-1.249113	-0.825782	0.658745	0.402008	0.392841	1.690258	-0.484770	-1.595864	-0.001575	0.502228	0.760215	0.268196	0.030895	0.164568	0.066237	-0.282247	0.413183	0.475087	1.210164	-0.527353	0.443183	0.086603	-1.285548	0.288697	-0.349269	-1.584141	0.568878
2.659180	-3.124200	1.534276	-0.854543	0.043401	1.488702	1.044954	0.083051	-0.355496	0.364943	1.873352	-0.845706	2.463552	-1.462445	-0.221855	1.146078	-0.422464	1.727782	0.936161	-2.250692	2.966235	0.077343	-0.292381	0.006968	-2.783872	2.361278	-0.401105	-0.826022	-3.020451	0.777054	0.695486	-1.867885	0.351863	-0.757898	0.116364	-0.812370	-1.256244	0.389240	1.640031	1.185654	2.447461	0.061558	-2.087089	-0.146600	-0.794813	0.738800	0.548449	1.491042	0.594546	-0.894197
0.733761	-0.588561	-1.188948	0.281323	1.647462	-0.586113	-0.064096	-1.813774	0.083235	-1.547953	0.608189	1.627577	1.654969	0.997548	1.544654	0.998417	-0.385269	3.497118	-0.630657	1.085297	1.955889	0.183517	-3.838517	0.588396	0.511478	-0.304732	0.926292	-0.534452	0.286444	0.578192	0.572089	0.113649	-1.674400	-0.573726	1.391098	-1.468379	0.655935	1.308736	0.558690	0.545788	1.217480	-0.374259	-1.313569	1.731687	-0.682628	1.439073	1.481888	-1.196773	2.117087	-0.137411
-0.295196	-0.530514	-0.380094	-0.291554	-0.245956	-1.789908	-4.212681	0.878824	0.714292	0.139318	0.567946	0.060461	0.964274	0.686937	-1.800329	-0.760642	-0.357179	-0.604330	-0.420531	-0.147206	-0.285214	1.987332	0.447934	-0.006203	0.249086	2.101119	0.763211	-1.083163	1.789984	1.502741	-2.644533	-2.864793	-1.808147	1.378664	0.600877	-0.708045	-0.054592	0.233934	-1.474875	-0.025114	-0.391973	0.829165	0.506294	2.773435	0.029384	1.563358	0.232921	-1.723408	-1.487788	2.432448
-0.196447	0.702667	-0.449038	1.041597	0.773354	-0.419555	0.930096	-1.859182	-1.763246	0.565850	-0.094310	-0.032240	1.961535	-1.214539	-0.909469	1.091395	-1.527005	0.623742	-1.011037	-0.942296	-0.202391	-0.545556	-1.245058	0.327921	-1.038552	2.135324	0.034935	2.289180	0.283756	-0.641381	0.043255	0.893329	-2.400917	0.164299	1.508679	0.147307	-0.073062	-0.068939	-0.239109	-1.433730	3.776721	0.126563	-0.175491	0.123376	-1.498088	1.054188	3.423248	-0.589207	-0.573308	-0.581881
0.797729	-1.204841	-0.292829	-1.254995	-0.941701	-1.238100	1.173092	1.077236	0.151754	0.687301	1.178805	-1.715939	-0.619859	1.280111	1.585298	0.530109	2.044636	-0.072236	0.321530	-0.624874	-0.105053	0.291496	0.646760	0.159749	-1.357731	-1.853936	-1.593846	1.726418	-2.249575	-0.220681	0.139176	0.020246	-0.229772	-0.644333	-2.475676	-1.127274	-1.977779	0.190951	2.177111	1.137146	-3.276763	-0.192089	-2.143394	-0.482090	-0.675214	-0.862127	-3.034566	0.060110	-0.954768	-1.440939
0.021117	-0.766054	-0.556476	-1.975678	-0.251654	-3.091722	0.419077	-1.070088	1.670492	0.267335	-0.633760	2.043077	1.457222	0.081641	-0.655001	0.438507	-0.867193	-1.161316	0.626730	0.571149	0.247269	1.098977	1.639719	-1.874653	1.084457	0.058741	3.419481	-0.375736	0.277145	-0.786174	0.523636	-0.053906	-1.009167	2.206807	1.746740	-1.307174	2.548513	-0.560177	-1.995639	0.859051	-0.984171	0.662737	0.471358	0.237167	1.271248	-1.015133	-0.035896	-1.128722	-0.621034	3.083491
-0.742882	0.469845	1.571968	0.043043	0.463747	-2.147615	1.743961	-0.634474	0.427537	-0.180561	-0.865001	0.048425	0.275918	-0.814529	-0.940989	-0.140824	-0.164376	-0.046394	0.676007	1.196965	-1.524015	0.136766	-0.509058	0.885543	0.764673	-2.053907	0.215705	2.248685	0.654419	-1.211582	0.828535	0.301803	-0.468776	1.092785	0.110245	0.496438	0.402320	-1.600686	0.134778	0.161309	-0.053479	0.263981	1.255432	1.633137	0.607732	-1.629263	0.520292	-0.401606	-0.498888	0.761271
0.028210	0.779166	0.993767	1.961622	1.162220	0.928711	0.335782	0.158244	-0.917449	-0.289278	-0.519558	-0.498054	-0.495074	0.250284	0.187932	-0.787376	-0.666361	1.832119	-0.165304	0.337457	-1.669686	-1.581377	-1.218807	0.223690	1.222337	0.107582	1.016598	4.964500	-1.246578	1.610609	-0.292979	0.070128	1.190040	-0.194173	-0.506454	0.375578	0.528019	-0.524805	1.238341	-1.128992	-1.620164	1.617095	-1.094635	0.014981	-2.699596	1.980325	-0.773216	0.545245	-1.302903	1.324574
0.584372	-1.534242	0.487469	-2.046291	0.051001	-1.876603	2.856981	-1.060363	2.055851	-1.418058	-0.399720	1.815885	-1.275295	-1.848358	1.461780	1.377327	0.792186	-0.095561	1.147863	-2.033184	-1.128731	2.849100	-1.725257	-0.785423	-0.300324	-1.434603	0.554887	0.173458	-1.851207	-1.424029	0.532385	-0.770838	-0.878320	0.135722	1.168609	-0.414939	0.703425	-0.769058	0.806852	2.595350	1.395664	-0.812459	-2.274092	2.598260	1.508562	-3.191865	0.874119	-0.248652	0.689595	1.304704
1.906841	-1.760631	-0.255935	0.016572	0.286007	-0.432966	0.445967	0.526313	-0.384427	0.966348	-0.882115	-0.133057	-0.541837	0.930714	0.187729	-0.509014	-1.608942	-1.817033	-0.069624	-0.816412	-0.990864	-0.632097	1.629651	-2.020439	-0.356225	1.172966	1.598911	0.275726	-1.205287	-1.107562	0.500209	-0.941128	-0.015471	0.850150	0.566014	-1.840446	0.582459	-0.307056	-0.392657	-0.855310	0.567679	0.847343	-1.178937	1.130833	-0.421006	-0.069644	0.891033	-0.222907	-1.866091	2.744670
-0.326765	1.244145	1.176909	-0.576031	-1.102078	0.599945	2.465145	-1.022169	0.817656	-0.318819	-0.851111	-1.022748	-2.230312	0.221387	2.604566	0.318079	3.084835	-1.002273	0.318288	-0.758536	0.259794	-0.121158	0.302690	0.797108	-1.060762	1.392141	-2.572680	-0.547223	-0.792789	-0.465899	2.254987	1.266179	-0.859742	-0.419703	-1.681833	0.728967	-2.201857	0.091691	1.606664	-0.644466	1.675608	-1.294567	-0.563754	1.371531	0.103536	1.178169	-0.663463	0.452458	0.120256	-1.912121
-0.350793	1.633557	-0.477433	-0.606149	-2.735301	-0.878609	-0.166364	-0.316685	1.492870	-0.086844	0.333669	-0.320460	-1.885800	0.013259	-0.694906	-1.873873	-1.813481	-3.423940	-1.256966	1.172184	-0.338120	-0.859314	1.860860	1.372173	1.581237	3.294446	1.541497	0.837664	-0.261384	0.941812	-1.097645	-0.294463	-0.965784	1.613119	0.321540	-0.081928	1.011634	-0.240112	-0.110947	-0.802832	0.065696	1.425879	-0.937951	0.234177	-0.853531	0.327891	0.561871	0.190168	-2.842110	2.006069
-1.449098	1.520385	-0.281505	1.724946	-0.258493	0.695039	-2.241076	-0.235427	0.838839	-1.027440	-0.711295	0.837367	-0.930885	-0.390864	-2.400575	-0.689053	-2.182474	0.378633	-0.025269	0.917173	1.854223	-1.811580	-0.760813	0.474060	0.566967	0.549473	0.157731	-0.217554	0.997194	0.064250	-1.254540	-2.178399	-1.149600	0.193320	0.746067	0.419301	-0.763675	0.884060	1.069063	-0.914063	1.630254	-0.479256	-0.822142	0.198286	-2.109862	0.788865	1.230914	0.244492	-0.780136	0.529780
0.093887	-0.840601	0.900922	0.848645	1.783303	-0.433285	2.729922	-0.120655	-0.889135	0.587263	-0.256587	-1.654806	-0.237283	0.020521	0.797393	-0.265783	2.316708	1.652295	0.170255	1.227589	-0.692465	-0.244899	-0.199606	-1.928943	-0.499637	0.680722	-1.524267	1.519958	-0.361847	-0.823636	1.892409	-0.302140	-1.544660	0.304704	-1.614960	0.112051	-1.171397	0.685732	-0.581662	0.037034	-1.961661	0.261262	0.634243	-0.219112	-0.344863	-0.332156	-2.135161	-0.131453	0.705409	-1.743679
-1.174174	1.263906	0.719466	-0.432194	1.184049	-1.894351	-0.133426	-0.891952	1.588275	-0.888864	-0.366964	2.120230	0.419522	-0.075711	-0.074976	1.262892	-0.502935	1.190363	0.910100	1.605043	-0.596800	1.156434	-1.597064	-0.034894	0.723052	-2.477935	0.927282	0.121966	1.843425	-0.772466	-0.732363	-0.879181	-1.187079	1.121007	1.165754	2.010519	0.612011	-0.085726	-1.386898	0.163797	1.206042	-0.646774	1.182768	-0.714976	-0.405517	-0.459672	1.131434	-0.444362	1.039178	-0.081356
-1.518313	0.109473	-1.653498	0.321406	1.401961	1.010028	0.219550	0.684136	-0.257224	-1.194520	-1.674046	-0.352738	-0.295776	-0.200796	1.764246	-0.937084	1.038580	2.215413	-1.200335	-0.860548	1.237832	0.030991	-1.847218	-1.546439	-0.369654	-0.305945	-0.602792	0.105065	1.061633	2.571311	-0.242329	1.130383	0.260254	-1.774540	-0.680761	0.387300	-0.583780	0.193337	1.639015	-0.162697	1.664017	0.898418	0.246251	0.561507	-1.419622	2.916838	0.223460	0.644898	0.567434	-0.205786
-1.553053	2.034420	-1.634552	0.501050	0.856389	-0.105333	-1.109821	-0.633733	0.341054	0.175584	1.467450	-0.386423	0.347600	-0.589792	-1.222759	0.267059	-1.987023	-0.126127	-1.047321	1.498831	1.281899	-0.508509	0.454968	1.641734	0.439561	0.434636	0.736813	-0.444437	-0.472073	1.573447	0.042587	-0.911396	-0.208316	-0.698174	-0.721943	0.675768	-0.588019	-0.966706	0.853316	-0.136269	1.200605	0.511683	-0.268985	-0.246386	-0.663756	1.396030	-0.984571	1.070630	-1.463172	1.547707
0.395758	0.090496	0.191530	-0.537154	2.198203	0.402947	3.084221	0.108333	-2.285521	0.818963	0.317259	-0.921552	1.037740	-1.178364	-0.816265	0.052301	-0.078877	0.297407	0.197207	0.058136	-2.038223	-0.795885	-0.052757	-0.563129	-1.070290	0.108921	-1.523587	0.884936	0.207053	-1.022063	1.935954	-0.887998	-0.119834	-0.703425	0.245511	0.313266	-2.135333	0.676787	2.662545	0.028190	0.095838	-1.280453	0.685320	0.955485	-0.933602	-0.477172	0.847795	0.137897	-1.668120	-0.663834
-0.548424	0.618875	0.452537	0.059664	0.676761	-2.106016	0.884059	-1.225018	-2.501059	2.216751	0.480474	-1.073507	0.082933	-0.814521	0.554572	-0.102021	-0.258337	3.301404	0.913262	-1.202146	2.855110	1.704118	0.669766	0.627279	-1.052477	-0.292237	0.407049	1.310805	0.431804	2.082478	0.908923	-0.948620	-2.336579	0.807538	1.251286	0.676406	-0.017715	0.958467	-1.425506	1.109490	1.014126	-0.950422	0.431256	1.630930	-1.163035	1.836807	0.857215	-2.380131	1.012429	0.190559
-0.353337	0.176696	-2.235346	-0.778245	-0.307716	1.122733	-0.227645	-1.725820	-0.627349	0.211663	-1.245282	-0.554769	1.117355	-0.782734	-2.433499	1.052303	-1.723106	1.971956	-1.635995	1.059585	0.896679	-2.011766	-0.864876	-1.488093	0.153199	2.755260	-0.161087	-0.420662	-0.521500	0.484549	-1.184034	-1.415142	-1.170793	-1.256464	-0.296038	-0.630423	-0.556227	-0.271787	1.254871	-1.309517	-0.649981	0.209332	-0.162459	-1.438797	-2.226317	2.155478	-0.402636	1.342156	-0.085780	0.860183
-0.223367	-0.562685	0.368676	-0.246327	0.543082	1.554512	-0.457339	1.505878	-2.347184	1.460738	0.685002	-1.422819	0.581993	0.232954	-2.460608	-0.292417	-2.329888	-1.958879	1.305655	-1.433345	1.850535	-3.498645	1.754495	-1.072073	-0.865200	-0.818084	-0.425707	-0.732675	1.368991	1.116884	-0.391232	0.816835	1.936598	-0.190604	-0.630495	-0.218994	-2.340904	0.109641	-0.253297	-0.099151	0.605325	0.613645	1.284512	-0.242256	-1.749675	1.262610	0.792105	0.017565	-2.635605	0.922679
2.082949	-2.450314	1.475171	-0.681749	-0.058141	-1.487757	-0.921990	0.195756	-0.008546	1.436248	0.826172	-0.250517	0.212747	0.233664	-0.248776	-0.187054	0.711865	-2.074635	1.009273	0.143166	0.930685	1.931380	2.593630	-0.536675	-0.408028	0.039157	1.088747	-1.847216	1.133765	-0.188161	-1.170832	-1.596758	-0.394017	2.458861	-0.636568	0.324321	0.361815	-1.067763	-1.440953	1.040950	-2.960949	1.332644	-0.355334	-1.029940	2.366498	-1.345799	-2.378246	-2.310343	0.005965	0.686641
-0.025886	0.197681	-1.830436	-1.723511	0.069744	-0.191985	1.889407	0.393038	-0.158647	0.066646	-0.929480	-1.933434	-1.449880	0.749467	1.654191	-0.244751	0.131194	-1.914443	-2.042385	0.292904	0.162729	-0.358731	-0.661171	-0.624685	-0.360716	1.315812	-1.052481	0.568626	-3.483679	-0.258663	0.207074	-1.250001	-1.397634	-1.631794	0.422038	-1.072196	-2.232755	0.295771	3.971318	-0.060643	2.243738	1.529900	-3.275887	3.995679	-1.915865	0.222509	2.911601	1.365806	-1.996711	-0.116511
0.518061	0.479064	-1.348510	-1.199608	-1.509093	-2.436346	-0.236934	-2.765934	-0.079584	0.539547	-0.049612	0.110485	1.034106	0.346358	-0.666905	1.262269	-0.523637	-0.786695	-1.048902	-0.544365	-2.349224	-1.659902	0.107904	1.365612	0.081721	-1.254412	-0.168517	1.103798	2.184406	-3.175095	-0.934626	0.488257	-1.886879	0.758206	-0.195370	-1.159810	1.696968	-0.148682	-2.137802	-1.826075	-0.287199	-0.596616	1.887628	-3.299531	-0.356196	-1.850062	-1.806420	-2.488529	0.232067	-0.211243
1.778655	-0.748581	3.491882	-0.411256	-0.816072	1.427004	1.369641	-0.460010	1.221539	0.312688	2.646015	0.201968	0.290995	-1.327554	-0.082413	0.598113	-0.995507	-1.785135	1.829565	-0.631483	-0.607799	-0.892419	2.319696	3.071467	-0.091030	1.730445	0.777810	0.414328	1.041936	-0.951775	0.074796	0.429488	0.949950	2.648872	0.535730	0.777181	0.778752	-1.167841	1.230558	0.341940	0.539451	0.024173	0.456656	1.022150	0.420904	-0.668574	0.837410	0.575657	-0.210330	1.520634
0.297078	0.935861	-0.424459	-0.512597	-2.286884	-0.847050	0.620590	0.118999	5.065343	-2.445652	-2.654164	2.466906	-1.237360	-1.019441	-2.146176	-1.708100	-2.800348	-1.467161	-0.189876	1.429099	-1.133164	-1.781824	0.427803	-2.447554	2.891610	1.302016	2.312171	0.739777	-1.340027	-2.077633	0.864463	-0.022906	0.877766	0.252219	1.560894	-1.610508	3.034471	-1.715522	-0.907954	-1.697329	1.649498	0.379014	1.020938	-2.021070	0.220551	-1.471242	0.963274	2.319547	-0.457100	1.323508
-0.374962	0.863542	2.144787	1.299950	-1.968346	0.006179	0.715291	1.482160	-0.311675	-0.535335	-1.703119	-0.721428	-3.232621	0.986825	2.954651	-1.329496	1.405179	-1.318045	1.971654	-0.052530	-0.990987	-0.440824	-0.964599	-1.412257	0.303443	-1.271479	-1.325434	-0.349282	-0.229744	-0.112854	0.660770	1.484114	0.699526	0.519905	-1.905799	-0.596415	-0.743382	0.307926	0.698593	-0.598036	0.633796	-0.655280	-0.052282	-1.835644	0.110183	-0.041257	-2.317591	-0.082478	-0.794923	-0.006738
-2.595975	3.889466	-1.261033	0.250566	-0.300789	1.053080	1.346510	-0.188244	1.993383	-0.897761	0.019455	-0.778941	1.363450	-0.623885	-0.932142	-0.415754	-2.605758	0.407196	-1.451379	0.447013	-1.431510	-3.264146	0.734490	0.566870	1.375358	-1.485786	0.365067	0.059139	-1.500566	0.126530	0.226327	-0.037092	1.779174	-2.116982	-0.077695	1.624435	0.269706	-1.477454	3.179706	-2.272321	0.209695	1.966367	-1.478040	-1.304743	-2.600408	1.567619	1.698662	3.965285	-1.158533	1.061776
-0.388910	-0.186799	-0.151720	-1.593128	-0.649488	1.108156	-0.260960	2.007236	1.330817	-0.435467	0.597438	-1.133397	-2.121144	1.465056	4.250825	-0.842863	1.499768	-1.834850	0.576825	0.946087	1.945674	-0.918776	1.906653	-0.027963	0.048267	-0.758979	-2.315506	-2.038738	0.322124	-0.104378	-0.268334	2.773403	0.750129	-0.784309	-2.354546	-0.236389	-2.145721	0.049079	1.985636	0.084032	-2.871531	-0.198104	-0.295922	-0.847912	0.148855	-1.882130	-2.830456	0.499156	0.017791	-2.033002
