X30	X35	X23	X26	X25	X21	X40	X5	X17	X4	X37	X42	X31	X44	X48	X24	X9	X3	X32	X38	X6	X16	X50	X7	X47	X43	X8	X15	X46	X34	X10	X11	X13	X27	X36	X22	X2	X14	X20	X29	X33	X19	X45	X28	X49	X39	X18	X1	X41	X12
-4.325466	-0.566695	-2.584735	-1.323127	-1.466244	1.261209	4.526939	-2.913482	-2.721763	-1.338198	0.656393	2.832126	-3.922256	4.163761	-1.649148	-0.736362	-0.780360	-0.392195	-3.252340	-0.616053	0.327055	-0.394297	6.312625	-1.610124	0.470244	1.726550	-0.276226	-2.555200	-2.389957	-0.062907	1.937713	0.736390	0.289390	-1.005190	-5.793469	-0.755641	-1.908826	-1.632297	0.612888	3.687936	-3.312347	0.517826	-1.191579	0.280335	-3.355187	2.346411	0.074131	-1.423087	-5.324203	1.357045
2.038523	-0.209566	-0.759868	2.545919	1.654051	0.380079	-3.155692	1.170515	1.877345	4.450939	-2.175865	-1.738830	-1.535713	5.307140	-2.509160	0.829473	0.377785	1.402613	2.613687	2.091132	-1.465700	0.269523	-1.330783	-0.231280	-0.403832	1.507698	0.890773	0.204630	0.524719	-0.142363	-2.491264	4.206283	0.391988	4.597853	1.631948	-1.117868	1.258296	0.201427	-0.301640	-0.747527	-4.553126	-0.573573	0.490959	-6.459433	5.274325	0.864067	3.852089	3.232710	-1.850477	-1.711942
-0.786267	-0.876566	0.023248	-0.307817	2.974200	2.147297	-3.543764	0.499027	1.406147	-1.544756	-0.220917	-1.432820	0.142379	0.154110	-1.070085	0.907964	0.931822	-0.596182	-1.836572	2.738935	1.271225	-0.129560	0.765314	-0.021088	-0.809409	1.369247	0.718810	-0.327987	-3.713437	0.772752	-1.230204	-0.916688	-0.232768	-2.115991	-1.429161	-1.478319	1.230536	0.181199	0.061014	4.075732	5.544904	-2.712235	0.046289	2.276757	0.512754	0.730439	-1.517234	-1.158783	1.616446	2.340760
6.181870	-0.839589	0.938197	-2.956934	-2.161640	-3.286773	0.057126	0.732349	5.439746	1.114423	0.861289	0.758005	-0.782001	-1.213580	3.330064	-1.078019	0.879752	1.663756	0.929315	-1.184235	-0.666102	-0.687034	-1.616259	1.546149	-0.346404	0.199070	-0.330323	0.969826	-0.747881	-0.135829	-1.391456	-1.544824	-1.265182	1.557752	3.804806	0.652372	0.803682	-2.459869	-0.672297	-0.475800	4.703992	-1.777007	0.797517	-3.610218	-2.097359	3.214196	1.565125	1.225030	1.768989	-0.732625
1.438660	-1.415484	-0.688667	-0.530850	-0.107694	0.813708	2.363858	-3.430222	-1.552607	-0.893904	-4.033509	1.987178	0.294686	-4.952560	-1.884846	0.939580	1.634765	-0.152365	-1.052290	-0.531814	0.609052	-0.136954	-3.434246	-1.494115	-0.316706	2.429652	0.509432	0.977989	0.325946	1.627819	-4.935354	-2.652373	-0.450183	0.483764	1.864169	-0.763543	-2.507319	0.194782	0.306768	2.045382	8.642533	-0.125406	-1.264508	2.508966	-1.090308	0.674944	0.194195	-0.205072	4.331905	1.301579
-0.975485	2.629139	-0.249217	-1.433986	0.856227	0.356329	-2.120266	0.878597	0.180411	3.842946	1.282986	-0.138332	-0.528410	3.208438	0.180233	-0.158536	0.338077	-0.612924	1.651538	0.817904	-1.717017	1.560059	-1.599095	-0.915640	0.273553	3.234661	-0.491129	-1.054198	1.668012	-4.177233	1.041578	5.902346	-0.003440	4.165427	1.573398	-1.448626	-0.915525	0.935359	-0.966567	-1.638387	-8.730109	-0.674373	5.674851	-4.674355	-2.099398	3.385331	2.303948	1.377177	-1.371472	-1.414928
-0.607577	1.788870	0.416364	2.306914	0.663872	1.962141	-3.374175	2.389241	1.253666	2.747920	1.380543	-1.070057	1.467826	3.774499	-0.190215	2.481266	-0.016605	2.061947	3.253583	-0.796534	0.483256	-1.641509	-4.030020	-2.522819	-0.596398	-1.422657	0.859782	-0.414548	3.371096	-1.252677	0.334807	1.676177	0.502386	1.625759	0.241044	-1.007302	-0.329229	1.368483	3.030660	-3.545337	-8.134406	0.506065	4.879371	-1.948991	1.440205	-3.965089	1.707853	1.451134	-0.652400	-2.080390
4.130602	1.614107	0.231195	0.035576	-0.557275	-3.862476	1.170794	-1.353031	0.130223	-1.470931	2.862347	-2.141407	2.158696	1.582127	4.051657	0.903333	1.923807	0.196888	-0.532732	0.215131	0.398740	-0.177984	1.871509	3.328928	1.813613	-1.603898	-1.165850	-0.588782	2.446114	0.260672	-1.755819	-1.768540	-1.519709	1.051656	-2.841580	1.085048	1.454385	0.529740	-1.278989	0.619507	2.753613	0.407013	-1.794355	2.837088	-2.806050	-1.964596	1.488645	-0.640920	0.146187	0.043039
0.188016	1.651482	-1.491058	-0.775978	-0.403112	1.026671	-0.907448	-0.719278	0.336661	-0.301361	-3.887980	0.846766	5.399770	0.272251	-5.369438	1.927802	-2.002512	-1.840313	1.055768	-3.973930	-0.626596	-1.602330	-6.010109	0.106045	0.884235	-2.191592	-1.365871	-1.260603	3.544116	4.127720	-1.582987	-0.860526	2.754643	3.692119	1.859953	-0.611979	-0.638171	3.467515	3.588825	-3.123231	3.267583	3.279434	-2.211592	-1.026515	4.252949	-4.524156	3.659374	1.540571	4.160641	-1.890446
3.076900	0.699849	-3.206481	-2.185471	-0.354519	-0.296364	-5.926214	3.330455	1.835847	0.923465	-1.292261	0.810052	-0.566018	-2.942452	-2.114908	0.770504	1.733747	0.093421	-1.924371	-2.523793	-1.382940	1.515429	-0.545758	-0.747227	-0.449169	1.549520	-1.058138	0.902080	-1.733963	1.153608	0.624101	0.729395	0.738856	-2.014370	0.062225	0.055675	-1.435468	-1.220283	-2.508120	-2.442034	3.119871	-0.287909	2.514017	-0.478409	2.435944	2.828274	0.723050	1.495262	-1.757528	-0.186543
1.880284	0.567595	1.583814	2.169121	0.181295	0.130309	-3.334945	0.268074	-0.748182	0.704335	-3.726015	-0.148411	4.609567	-0.928862	0.127286	1.600919	-0.232825	-0.536028	-0.869004	3.255527	-0.380752	3.242864	-2.277337	-0.512053	1.259416	-0.825812	-2.021628	-1.938315	-2.023611	2.940565	-2.576599	-0.693709	1.329815	-1.161365	-0.858031	1.910712	-0.187145	1.386500	-3.473008	-3.083030	-0.691498	2.223775	-0.769788	-1.743334	-0.460706	1.222750	-0.284893	0.837592	1.335553	0.339876
6.057242	3.350890	-0.388468	-2.170179	-0.952747	-3.546711	2.775989	-0.300521	-3.100838	-0.686839	2.365228	-2.078025	2.877386	-0.844965	5.647427	-0.519216	0.460968	-0.257531	0.365636	0.846472	-1.122823	-0.054812	-2.363861	2.384419	0.072376	-2.117128	-0.715352	1.473553	4.943657	0.083100	-1.643753	-2.870503	-0.515712	-0.202354	3.205284	-0.521330	0.416317	0.499023	-0.540098	2.453535	6.936932	0.810964	-0.205665	0.706345	-6.662357	0.704589	0.544156	-1.982012	3.428218	-0.017614
5.543087	1.108274	-0.397827	4.195089	1.322075	-1.474106	-1.693027	1.562354	3.290220	0.297117	-2.062304	0.234715	1.055308	-1.165731	1.677195	-0.700904	0.754769	-0.339240	3.349202	1.336909	2.539244	1.161518	-0.316753	0.356292	1.657001	3.412853	1.749271	-0.448384	-3.489421	1.205838	-1.366876	1.284617	0.328889	0.369163	4.751402	2.738386	-0.192207	-0.400516	-1.290502	-1.224683	-0.626463	-0.942950	3.389822	0.784488	2.589102	-0.939737	-1.720679	1.992038	0.807686	1.078617
2.203341	0.218768	-2.582112	-0.544561	1.567372	-2.168327	-0.453324	-1.026383	-2.750655	0.471381	-0.611565	2.297069	0.082213	-4.306697	0.219185	1.551638	1.995207	-1.251488	1.277599	-1.568331	-1.298829	-0.090542	-4.258357	0.180774	0.562515	4.626440	0.034221	4.312625	1.215079	0.613653	-1.500163	0.747882	0.399628	2.838968	5.914621	3.272804	-1.442097	-2.265922	1.453038	0.958687	1.456707	0.996691	5.624941	-1.132162	-1.023974	1.733835	2.935803	-1.365577	4.106497	0.022145
2.268453	-1.590156	2.541568	0.527356	-0.461432	0.877836	-3.673379	4.837602	4.324480	3.226026	-2.180582	2.907391	-2.427159	-4.392574	-1.240621	0.490994	0.151764	0.020255	-0.401023	-2.865990	1.323995	1.466010	1.723379	-0.677697	-0.740917	2.508408	2.252379	0.056037	-3.038757	-1.121861	1.352866	4.013502	-3.245343	0.579966	-1.627490	1.593849	-1.072741	-4.041183	-1.379880	0.144127	-4.533811	-2.771780	3.920853	-0.112100	6.594757	3.796221	-1.840603	2.958534	-2.831692	1.627928
-0.581990	-1.157141	1.749235	2.814745	-0.734349	-2.118807	1.488454	-4.622206	-0.322166	-3.372685	0.118314	0.013718	0.633087	-5.809720	3.614976	-1.144199	0.512122	-1.521459	1.598973	-1.575482	-0.696734	-0.732144	-1.996452	0.913381	3.250381	-2.407796	1.131202	0.615480	-1.279389	2.498255	0.001360	-6.723450	1.608699	-2.765240	3.533418	1.219111	1.154196	0.231323	1.022113	2.231916	3.164167	-2.125456	2.046548	1.297035	-2.942622	-5.241434	-3.574383	-2.568473	3.098660	-1.263659
0.055817	-0.523598	-0.358028	0.547087	1.345358	-0.023581	0.789105	-0.270588	4.015773	-0.286520	0.054833	-0.749505	2.367531	0.680247	-0.931942	3.336909	1.159052	-1.015673	-2.373968	-0.368055	-1.890480	1.500676	-0.024337	-0.777579	-0.822259	-0.623964	-0.453092	-2.585385	-1.740539	1.829293	-0.400408	-2.695715	-2.147862	-4.944467	-3.974826	-2.472747	2.144573	-3.580738	-0.512111	-0.768528	0.594672	-0.233859	-1.681051	-0.772412	0.591006	-0.826768	1.072063	1.091037	1.486694	0.605554
-1.267669	-0.744054	0.758117	1.631590	-1.709573	-1.559401	0.939121	0.804649	1.535344	2.257524	-3.381334	0.516424	-0.255256	1.678556	-0.926287	0.366325	-1.437828	-0.271530	-0.598189	0.534671	-0.857030	0.819991	3.763224	0.621066	-0.843180	-2.737694	-0.452600	-2.333521	-2.685906	1.574363	1.378083	5.124034	0.750222	0.315403	-1.112054	-0.981939	0.323504	-0.309412	-0.928608	-1.594362	-6.899270	-1.924218	1.174975	-4.390267	0.565421	1.763553	-0.805126	1.916205	-3.587601	0.544610
-0.683436	-0.298023	0.627877	0.671962	-2.101502	-0.372069	-1.271960	-0.071803	-3.439078	1.806411	-2.516629	-0.853043	0.314019	1.265928	-1.518732	0.166930	-0.371049	1.155663	2.500941	-4.094714	-2.044604	-2.137187	2.586064	-0.371971	-0.855017	-2.812435	-2.373511	1.590741	1.997251	0.247376	0.828199	2.821084	2.953063	3.974671	3.007628	-1.889260	-0.013279	3.598136	1.975820	-1.206515	-5.332408	3.482910	-1.260081	0.825174	-0.161536	-4.735103	2.293340	0.002914	-0.913676	-0.835006
-0.333052	-0.562869	0.740701	-1.157605	2.537902	0.655170	2.834512	0.452395	1.048369	0.521255	1.008875	-0.181916	-0.697007	-2.543910	1.247209	-0.756089	-0.356577	1.481581	-1.827833	-0.333771	-0.350557	1.398911	0.841720	-1.743022	1.770728	2.023756	-0.603265	-0.463999	-2.379267	-3.628698	-0.955969	-0.235708	0.585830	0.841955	-0.131748	2.088830	0.093596	-0.280133	-0.363200	-2.056449	2.437537	1.618518	-0.007609	-0.982888	-2.381679	2.517993	0.126702	0.891070	0.609125	0.167998
1.704108	-0.051517	-1.562569	-1.537342	1.322270	0.196858	-1.936658	0.699559	-3.290825	-0.232455	1.226815	-0.810308	-3.751905	0.849199	1.026325	-0.381353	1.295576	0.939078	1.404357	-0.113885	-1.273543	1.589899	-1.222588	1.017208	1.102624	1.360800	-1.672264	1.354968	1.355792	-0.155540	-0.637280	1.698607	-0.947924	4.132720	0.777778	-0.511851	-0.734911	-0.888027	-1.168889	1.596219	1.587538	0.997937	1.325238	2.255422	-1.410696	3.565476	1.092972	-0.086022	-1.477290	0.044467
5.439179	-0.171671	-0.800133	-0.937310	-1.032847	-2.812827	-0.704268	5.172542	1.277632	-0.307653	-1.868508	3.102722	-0.264508	-3.798801	-1.611419	0.602400	0.533993	0.810728	-0.743440	0.096043	-0.355024	1.900930	-2.685504	1.564723	1.543588	3.810762	0.183389	1.391322	0.279096	2.262461	0.560764	1.633658	-1.612994	1.842665	5.731414	1.562021	-2.062232	-2.430950	-0.466228	2.220407	5.607160	-2.044669	2.715740	1.675326	2.572817	3.611154	0.462145	-0.153907	3.751810	1.995226
4.103139	0.148728	1.263842	0.475151	0.847316	0.293861	-2.521127	4.978312	2.701275	2.010641	0.044351	0.515886	0.528856	-3.725322	2.300419	0.935520	-0.817383	1.199025	2.264090	-0.719063	0.777092	2.829290	-3.466191	0.378150	1.787503	3.496191	-0.261457	1.529050	0.071372	2.124364	-0.143434	3.740563	-1.411040	0.587116	3.482763	1.809420	-0.732007	-1.418876	-2.327424	0.765873	2.953945	0.858500	3.584460	-3.292097	0.390809	2.806787	2.056454	1.931770	1.200971	1.000976
-1.682497	-1.241809	-0.815084	-0.596476	-1.509985	-0.046976	0.481749	-2.695700	-2.489591	-5.931863	0.453063	-3.102755	-2.937278	0.301273	0.802927	-3.779270	0.850675	0.701678	-1.268685	-3.816159	-0.936968	0.376060	4.477032	2.057474	0.944986	-2.294379	-0.256535	3.155858	0.414409	-1.628423	-1.106175	-10.612894	1.571663	-3.236717	2.533142	-1.729286	1.460246	0.593290	1.583650	3.592569	9.988232	-1.540829	-4.369119	5.153563	-1.203982	-6.987136	-1.897309	-4.514056	0.226997	0.240049
0.730380	-0.818924	0.083162	3.779005	-4.296173	-2.302035	4.684855	-2.530494	4.088981	-3.028023	-2.356792	1.161386	1.484164	-9.250084	-0.528632	-0.682230	-2.517311	-0.448880	-1.011494	-0.027656	-1.583266	0.631474	4.586698	1.797751	-1.202516	-1.970852	-0.596270	0.025465	1.156594	5.954570	3.705867	-3.082265	0.820524	-9.275334	-0.075012	0.802916	0.974291	0.212852	-3.906594	3.551242	1.784210	1.457071	-2.746410	-0.542517	1.847094	-4.902051	-3.876201	-1.492054	2.841110	1.256562
0.614862	0.175894	-1.293646	1.263055	1.637445	2.143678	-2.332622	2.973234	-0.844771	-1.555466	-1.262259	-1.526450	0.847939	-1.393763	-3.020982	0.436263	-0.157870	1.188316	0.223811	1.542376	2.015609	0.297527	-2.652571	-1.480347	0.315143	1.627991	-2.136649	0.163361	0.017336	2.732813	-0.454884	-1.679786	0.001650	-2.142471	0.073480	-0.492373	1.249078	0.788046	-1.589385	3.521681	1.854280	-0.183220	-0.755283	0.662615	2.647748	-0.709214	0.975594	-1.542624	3.490373	1.582396
8.842475	1.679589	-1.698826	-0.627892	-0.397637	-2.519754	0.034699	3.151436	-1.013740	3.648420	-2.569977	3.235225	2.954733	1.894669	-0.031329	1.500511	0.688431	2.358493	0.959749	1.966850	0.487942	2.041419	0.575903	1.747723	1.490098	0.328883	-0.219617	-2.052209	0.948323	0.676043	-3.052401	3.892416	-2.090953	2.047584	3.364164	1.725808	-3.710294	-1.044172	-1.741185	-4.069654	0.654414	-0.154313	-0.027153	-2.084545	-0.924077	4.228666	3.378525	2.032932	1.757601	-0.453233
0.072374	1.384151	-1.811289	-1.410051	1.215917	1.636222	-4.861262	2.393563	2.927589	2.450543	2.679456	0.102354	-0.862347	7.808648	-0.278269	0.329470	1.225301	1.045213	3.612990	3.569428	0.005747	-1.366166	2.924768	0.152771	-0.655395	-0.227637	-1.431023	-0.770145	-3.595955	-3.542003	0.665018	1.134411	1.321862	1.385173	-0.123847	1.742104	0.089698	-1.288466	0.406257	-3.127756	-6.306427	-0.356881	1.556301	0.500297	1.706326	-1.451141	0.938337	1.263387	-4.365370	-1.922002
1.018124	-1.148801	-0.209568	1.264595	-0.137984	0.664245	1.365503	0.965297	1.016765	0.322372	4.396294	3.361687	-3.110449	2.534624	3.634386	-0.541314	-0.445038	-0.334915	1.877306	0.013198	1.359757	-0.476377	4.468710	-0.392773	-0.310236	1.431885	1.222922	-0.474665	-3.001764	-0.852271	-1.279264	2.798765	-0.696861	-1.825793	-0.426576	1.692155	0.620428	-2.787135	-0.882843	3.220605	-3.021915	-2.004927	-0.632795	1.553251	-2.896155	-1.716653	0.810144	-1.375467	-3.254714	0.442705
2.368636	-0.868592	1.631998	0.073187	-2.073696	-2.121985	-0.353920	0.562937	1.567623	0.960319	0.332100	-0.456937	-3.258700	6.447339	1.770380	-1.758774	-1.348203	-0.448156	0.832258	1.287225	-0.741847	1.567777	4.766652	0.483905	1.566927	-5.705382	-0.809473	0.114041	1.607080	-1.546860	0.549181	2.031845	0.837577	3.181795	-0.039186	-0.361824	0.384479	0.795940	0.135217	-1.450499	-2.360009	0.878992	-0.576587	-3.126687	-3.451540	2.768992	-1.108029	0.307526	-6.610646	0.779723
-1.667536	0.453282	0.993719	0.106619	-1.453903	0.628637	2.291824	0.284440	0.170861	-1.183882	4.330081	1.579102	3.093799	-2.984532	4.059096	1.345344	-0.001834	1.003288	-0.887256	-0.316556	1.382967	-2.161438	-0.654908	0.700910	-0.389460	2.709473	-1.051850	1.028393	3.878760	1.021843	2.114247	-0.180269	-1.774342	-0.921539	1.232318	0.186330	0.507255	1.479593	0.338304	-1.882418	0.434690	1.411974	2.349543	4.096806	-2.847925	-0.669365	-1.638998	-1.722098	0.826776	-1.245395
6.232126	1.662514	-0.215411	1.390203	-0.815286	-0.456140	0.825438	4.097228	1.643081	-0.144216	-1.800352	4.005104	0.547092	-5.626301	0.447267	0.229750	1.880787	2.489558	0.599763	2.158294	-6.172868	5.126406	-4.735833	0.114859	0.337578	0.440292	1.053338	-0.232973	-3.586943	3.669587	-1.286951	2.325447	-2.717281	-2.780103	5.627869	1.689140	-0.899587	-7.414033	-5.313182	-0.256490	3.183819	-1.049939	0.249788	-3.534908	-2.233253	9.207677	2.224952	0.681743	4.256889	0.296458
0.036219	-1.311156	-0.398609	-1.919889	-1.154222	-1.956596	3.095461	0.290722	-2.480062	-2.447624	0.352324	2.105973	2.464459	-3.960705	2.024220	-0.184871	0.189181	0.181038	0.627587	-0.283691	2.334057	-2.176449	-1.618103	1.393200	-0.177791	1.167454	-1.563035	1.944907	1.099077	-0.788117	3.445023	-0.385364	-0.065711	0.095667	4.801818	-0.066247	-0.876797	-0.276869	0.966100	0.974928	0.066889	2.234130	6.213821	1.513430	-1.591938	-2.488392	0.116821	-1.791740	5.424347	1.060314
-0.666922	-0.380273	0.349808	-1.642623	0.083160	2.175379	0.283185	1.664670	-1.533460	0.291568	0.146815	1.144915	-3.554708	3.101789	-1.800519	-2.636397	-0.391688	-0.065033	0.425467	-0.489906	0.499565	-0.639701	-0.708136	-0.557625	0.163922	-0.394712	-0.734087	0.304185	-0.974477	-3.294061	-1.387044	-1.045927	-0.218714	1.522534	1.820669	-0.120834	-0.964062	-1.122168	2.333626	1.693120	0.865005	0.126925	-0.338594	2.987893	-1.017230	-1.053903	-0.695698	-0.676709	0.602815	-0.352187
-0.292140	-1.361170	-0.871685	0.214860	1.524599	-1.882332	3.937925	-1.548542	1.112039	0.896208	-0.102950	0.260143	2.943204	0.737100	0.409017	4.449967	-0.037769	-1.547164	2.214427	2.778626	0.795113	-2.787924	-6.059805	0.669826	-0.612125	1.465920	-0.823830	-0.407915	1.289427	-0.090022	-0.900177	2.489793	-1.677935	2.777778	-0.843548	-1.994074	0.593071	0.371261	0.934489	1.584848	-3.193159	1.446705	0.213507	0.017365	-0.839806	0.211575	0.565429	0.760545	6.316373	-0.411628
-2.420535	1.154237	-1.881167	-0.126741	0.699968	0.085902	-0.564103	-1.813358	-1.193308	1.285700	3.446655	-0.677059	-2.156662	6.931013	1.194098	-2.789759	0.156898	1.746638	-0.646357	1.956692	-0.461101	-0.120913	2.618500	-2.611136	1.178205	-0.549978	2.065805	0.281145	2.544537	-4.828631	-0.405090	-1.813184	-1.587803	2.644861	-0.264858	1.179416	-0.103020	1.376759	1.339657	-3.572641	-1.039073	-1.596471	0.576646	-1.488135	0.889609	0.132335	0.092265	-0.431707	-6.123297	-2.151293
-2.552504	1.245661	1.483354	-1.454938	0.698285	0.486940	2.543839	0.043820	-0.470639	0.001182	-5.274555	-0.691564	2.852040	-5.563507	-2.655686	0.792650	-0.121055	0.374831	2.183960	-2.294845	-0.714599	0.630541	0.281098	-0.884347	-2.328378	2.404453	1.208434	0.399991	1.259939	1.446823	0.524809	0.766607	0.667459	0.874121	2.399770	-0.026371	-0.502340	0.134469	-0.487516	-2.826182	4.120372	0.629958	5.293248	-1.009374	0.908119	-3.084439	-1.766938	2.000324	0.404317	-0.194638
-2.184362	0.597370	-1.260504	1.827469	2.661544	0.253907	1.620069	-0.948314	3.960952	2.429117	-2.161394	-1.989979	1.619590	-0.372996	-3.665838	1.071671	-0.923520	-0.464820	-0.749893	-1.475101	-0.484085	2.387350	-0.627372	-0.120152	-0.748852	-1.715445	0.131335	0.027257	-2.543414	2.100686	-0.843010	1.863160	-1.608513	-0.876944	-2.889137	2.514668	1.682572	-3.651536	-1.783488	-2.017729	1.625542	-1.614367	-3.653077	-2.755278	4.096184	-1.052333	-1.323670	1.421112	-0.480123	0.387462
-0.363666	-0.276220	0.411216	-0.135010	0.640247	1.123943	0.616743	-1.505968	1.086184	-0.688246	1.154701	2.592093	-4.531063	5.468742	-0.265008	1.980610	-0.885929	-1.254306	0.153431	0.875640	1.626937	-2.703329	4.642938	-2.024314	0.568420	-1.398814	1.738482	-3.111767	-5.139285	-0.579671	-2.049114	-1.602289	-0.937116	4.490738	-2.740141	1.255764	0.766464	-1.753465	3.224492	2.987266	-6.260744	-1.737220	-0.757989	5.736270	1.442642	1.172441	-0.924620	-1.523555	-3.059863	0.455296
-5.579772	1.807516	0.910551	-1.575204	0.726880	1.636211	-0.327605	0.124739	0.981962	-2.299202	1.931617	-1.318108	-1.039666	-4.496545	0.373889	-0.823658	0.438837	-0.921694	-2.070973	0.294685	-1.429105	3.062895	5.137685	-2.130973	-1.749238	-1.577065	0.312157	1.112187	-0.888353	-2.611427	2.913595	-3.040897	0.438047	-6.118172	-1.742131	-0.261099	-1.309285	0.066997	-1.749118	1.153279	2.925841	0.689529	-1.262633	-1.899232	-0.402652	-1.026696	-2.008088	-0.274073	-0.305299	0.929329
-1.061661	-0.074947	-0.565076	-0.931529	2.796628	-0.265895	0.363778	3.995251	3.834531	2.563055	-1.540956	0.905184	-0.042900	-0.415118	0.141654	1.224270	0.477448	-0.741004	2.321372	1.538981	-2.335279	3.080390	-1.512199	0.781727	0.649198	2.643578	2.436972	-1.433670	-4.374700	-3.762377	2.770463	2.097757	-1.679591	-2.601943	-1.505082	0.830975	0.373964	-4.435815	-0.435429	-1.045128	-2.647669	-2.492608	5.249194	-2.318748	-0.935930	-1.372198	-0.769418	3.451397	0.026516	-1.304139
-1.668436	-0.710276	0.926778	-1.312590	-0.215880	0.575030	-1.927502	0.942250	1.951531	0.534520	-2.195208	-1.319212	0.215810	1.093999	-1.001287	0.405704	0.121594	0.329279	-0.599107	4.423241	-1.148796	1.169830	-0.450268	-0.197969	-1.195386	-0.231674	0.291557	-0.262536	0.988539	4.216008	-0.336982	1.708919	1.688290	-0.010202	-1.453947	0.528108	0.052417	1.477061	-2.835301	0.259658	1.729651	1.110514	-0.612727	-7.377045	1.580594	4.259303	1.021476	-0.206540	0.568632	0.102702
-2.407929	-1.628215	0.480824	-2.155021	0.250325	-0.105620	0.712084	-2.046911	2.452929	1.214349	-0.423117	1.526158	3.989440	-5.246442	0.648587	1.190800	0.056796	-0.231515	3.652923	1.029114	-2.529256	0.165712	-6.130105	-0.165939	-0.319754	2.376878	-0.906782	1.083404	-1.395487	0.079413	0.504367	-3.077570	0.949924	-4.188084	3.695300	-2.018037	-0.666149	0.090056	-0.702523	0.075143	5.720488	4.526095	4.639229	-3.496818	-0.199360	-6.233614	-1.078951	0.949827	4.624310	-1.289365
-5.046170	-0.601612	-1.995087	-3.804190	2.457340	2.889945	-0.152489	0.572269	0.532051	1.036710	0.793170	-1.321529	-1.610048	-6.187305	-2.582102	4.143822	1.004225	0.798168	-1.749682	-1.665035	-0.715029	2.769740	0.281770	-3.445544	-0.939801	-2.375266	0.210338	-0.946957	1.289848	-1.963279	0.930013	1.329644	-2.813636	0.752756	-3.278782	0.555883	-0.662422	-1.068700	-1.545240	2.813098	3.266083	-0.242733	-3.975385	-1.012693	2.094535	5.250504	-0.908010	0.905678	1.979923	2.417321
0.454242	-1.617478	-0.608272	-1.760664	-1.793727	0.364659	-2.596664	2.077995	-0.580375	0.057799	-0.978960	-2.262880	4.577563	-2.823289	-0.226435	0.870252	-0.998042	-0.149816	-0.634195	-0.217126	1.253999	-0.389951	-2.908526	1.187328	0.119210	-4.897381	0.079989	-0.812885	-0.475233	0.061355	2.807445	-2.126836	0.586344	-0.104336	2.078212	1.220462	-0.733631	3.101013	1.745476	-0.671432	0.748139	1.584198	-2.767259	1.697426	1.962186	-2.515400	-4.172973	0.524575	3.644071	1.505244
2.615965	-0.533332	-1.040702	-2.629190	-2.828833	0.357786	1.655770	-0.026142	1.202996	0.268826	-0.284629	0.932291	-2.167168	4.610005	0.051201	-1.628065	-0.619058	-0.403488	0.672151	0.241769	0.068403	-1.859760	3.350486	0.474311	-0.777988	-0.310822	0.580694	0.650353	0.886561	-0.429427	-1.658880	1.144695	1.486704	4.679918	0.941070	-0.194002	-1.274452	-0.179994	2.244117	0.403408	0.502840	-0.012431	-2.924279	1.896843	-1.915916	0.257995	0.946870	0.039814	-1.177542	-1.796295
-6.126972	0.588708	0.920926	5.396366	3.171626	-2.433948	4.996341	-0.931885	-0.488185	-1.881839	-2.535250	-1.319805	4.680562	-8.861279	-1.247677	0.072810	-0.256003	-0.030539	-2.646617	-1.299673	-1.506131	2.247275	-0.867100	3.147126	1.924080	0.278462	-1.594740	-1.114834	-2.956954	-0.273847	4.917700	-2.854466	0.433271	-12.205902	-1.952075	-0.381406	-0.135328	1.240186	-3.331377	1.506436	-4.145118	2.078880	-0.841055	2.798594	3.724850	-5.918601	-5.098049	1.491171	4.218045	0.550834
2.973608	-1.009169	0.017660	1.622568	-0.108253	-1.435644	-0.788047	0.845780	1.926322	1.193200	-2.449656	-1.549611	1.546782	1.302230	-0.856992	-0.569217	1.025242	-0.871048	-0.128071	-2.251140	-2.301696	1.873664	4.814101	1.130772	-0.510279	-0.884551	-0.274348	-0.004681	-2.507318	1.921877	-0.725456	1.033467	0.778756	1.835064	-0.158659	1.233175	-0.298531	-1.362030	-0.439453	-3.770363	1.755456	1.548710	-1.474200	-5.780179	0.696965	1.108258	0.727293	0.456123	-2.753713	-2.288747
-0.309901	3.014322	-0.867780	0.747910	-0.814559	-0.463134	4.755797	-1.628751	1.327169	-0.709829	1.745178	-2.824565	-2.386708	8.419887	-0.058269	-1.443388	-0.452498	-2.049163	-0.365686	-1.014608	0.411022	-4.789198	0.434533	-0.835436	0.123168	-0.932016	0.227901	0.697581	3.624432	-3.298400	-1.024204	0.504566	-0.023816	1.998337	-0.471155	-1.108350	3.474461	1.059808	3.384426	0.515996	-4.184548	-1.371227	-1.690524	2.618512	1.119493	-3.541040	5.702774	-0.200150	-2.691534	-0.096487
-0.361597	-1.357572	1.666457	-1.661567	-6.459955	0.121574	7.958735	-4.912785	-0.154646	-0.062972	-1.234711	0.612292	0.650766	4.512342	1.304320	0.955877	-3.348183	-0.496130	2.129721	0.466357	1.941449	-2.103494	2.101860	-1.193824	-1.391122	-5.458631	0.000824	-0.711753	3.573440	3.262707	-0.143038	-1.279651	0.314225	4.571697	0.935740	-0.757358	0.078204	2.513687	4.110682	-0.905706	1.714639	0.618765	-1.959830	2.570495	-1.861731	-5.794325	0.387491	0.708482	0.420036	-1.717754
-3.695729	0.060688	-0.658811	1.805201	0.566907	0.378868	3.830168	-2.932209	2.272128	-1.749822	-0.339989	-3.118285	-2.335032	-0.056816	-1.316778	-1.133524	-1.438832	-1.585000	0.126035	-0.146226	-0.768620	2.668411	4.123710	-0.130615	2.086038	-3.889079	-0.841385	0.540964	0.794334	0.763220	0.083736	-0.621473	-0.219669	-4.084211	-3.083762	-1.003302	3.290287	-1.143665	-2.789793	0.757314	1.498867	1.443357	-3.228607	-1.844629	0.388075	-1.572675	1.762836	-1.487437	-1.399579	1.662269
-4.754895	-1.799451	0.154834	-4.146856	1.826033	0.128149	1.706243	0.080469	0.537490	-2.174707	4.196159	-3.182979	-1.514861	1.345925	3.145013	-4.468038	-1.550944	-0.566927	-3.563522	-1.098175	-2.379237	1.936527	3.967465	0.294463	1.593980	-2.346265	-0.013319	-0.328648	-2.234991	-3.803655	1.495137	-4.279491	1.290138	-4.467632	-6.789880	1.393079	0.591222	2.394279	-1.773663	1.474024	8.924142	-2.857641	-1.454788	-0.191533	-1.221208	-2.192059	-3.322219	0.518531	-5.697042	1.405862
-1.973040	-1.170125	1.302709	3.222777	-2.749737	-1.254433	3.115937	-1.875808	-0.570154	-0.921592	-3.344228	0.978079	1.710491	-6.664483	-3.888531	-1.510808	-1.578690	0.352788	-1.271744	1.760058	-0.693118	2.889950	1.592152	0.217869	-0.871587	-1.746671	-3.049375	-0.424529	-2.838637	3.063557	2.286417	-3.152973	-0.018180	-10.087046	-1.405804	-1.594202	0.023194	-1.312553	-1.898401	3.677674	1.240676	1.400460	0.125904	-2.271415	1.196019	-4.197545	-3.465189	1.222383	1.918124	2.509257
5.939877	0.089396	-0.463359	-4.966308	-0.560391	-0.578151	1.059195	2.201601	0.480020	-1.866883	-1.050171	2.977986	0.674791	-5.652486	-1.477542	1.685734	0.173469	1.078873	-0.405484	-1.849552	0.174397	-2.636147	-0.866055	0.761948	0.280977	3.642030	2.794543	0.820208	1.982295	1.508388	-2.350535	-0.099336	0.195026	3.008789	4.768536	-0.701143	0.491021	-2.015566	0.353542	-0.473434	8.155972	-2.567437	3.120044	3.529099	0.252835	2.847995	0.259139	-0.372137	3.794080	0.879655
1.173230	0.413247	-1.573261	-0.571837	-2.965169	0.295083	0.603770	-1.492683	-3.828683	-0.854001	-1.269491	0.746249	2.206444	-3.437057	-1.872024	-1.493689	-0.444669	0.122594	1.058285	3.034314	1.131634	2.240360	5.254670	-0.736353	-0.710097	-1.206430	2.396131	-0.309061	0.197113	4.909490	-0.976080	-4.265467	1.367521	-3.275839	-0.919188	0.739688	-0.920004	2.200316	-2.096431	-1.050720	6.663183	-1.496235	-1.180065	-2.979326	1.113942	-2.106664	-2.870887	-0.903258	-0.944624	0.476582
0.301740	-1.961474	-1.065425	0.624878	-1.898773	-0.096662	-3.356043	-1.108358	-3.839312	2.283143	-2.513048	-0.043471	-0.156640	6.734497	-1.719849	-0.187647	-1.421655	-0.817110	1.228883	2.271389	1.811621	-0.371721	4.838531	-0.169284	0.240658	-1.206004	3.141297	-1.401332	-0.841927	0.828635	-0.404363	5.722266	2.650069	5.995960	0.528122	3.036246	-2.100960	2.173119	0.853032	-2.074221	-5.209729	1.864824	-0.864198	-3.325765	0.866290	2.473596	1.636616	1.069207	-1.284464	0.477129
-5.831541	1.679610	-1.701832	2.156561	3.486620	-0.293199	1.819534	1.270646	1.449702	-1.305605	-0.017124	2.238751	4.239090	-2.773324	-2.711475	1.635010	0.301369	0.377556	-1.638325	-0.624969	1.100522	-1.267933	-1.585820	-0.572045	-1.544338	3.602697	-0.921196	0.415676	-2.771835	2.575830	2.658554	-0.947324	-1.792794	-0.832406	-0.362545	2.569773	0.741034	-1.740122	2.538621	-2.785785	-0.096919	-0.318773	5.326606	7.508983	0.446721	-0.510405	-2.142702	0.520742	0.999940	-1.646214
-4.722639	0.040151	0.910036	3.551953	1.685367	-0.701339	-2.865741	1.226772	-4.527850	-1.781158	-1.827452	1.177066	2.556428	-10.238705	1.001102	-2.158936	-0.760796	1.035936	-3.519138	0.257467	-0.173425	0.256233	-3.433606	0.787947	-0.755491	3.601403	-2.171593	-1.102172	-3.949267	0.835692	5.938232	-1.478058	1.255258	-8.712204	-1.845482	-1.372416	-0.717754	2.744875	-1.063138	0.693954	-5.371330	0.850177	1.552955	-1.763883	-3.173279	-6.337804	-4.542395	-0.037096	5.413299	2.020194
3.935072	0.411943	0.242698	-0.343381	-0.893351	-2.437916	3.020170	1.203524	3.415724	-0.757840	1.955870	3.596402	-1.184485	-0.314192	1.853564	2.081319	-0.807442	-0.900495	2.154567	1.105872	0.938188	-1.858426	1.900740	0.719720	0.390152	0.214889	1.173855	-0.401595	-2.709344	0.267204	1.864431	-1.629517	-0.136160	0.806752	0.901592	0.261159	1.330124	-2.466100	3.434155	-0.997616	-3.072901	-1.594203	5.887099	2.727273	-2.162058	-2.495388	-3.487038	1.078870	-1.813643	-0.062588
-4.591893	-0.190447	-1.994715	0.373828	0.231093	-0.257412	0.918823	-1.534105	-0.819169	-3.190586	3.782433	2.922861	-0.685107	-4.827198	0.970415	-1.352513	-1.311686	-0.675539	-7.557934	-1.295351	1.258981	-1.208256	3.670552	0.316197	1.254373	1.771177	-0.669906	-0.121024	-2.090481	-2.016521	3.195347	-1.222374	-0.743650	-3.350478	-5.402936	0.372445	-0.545841	0.006541	-0.857348	2.324759	-4.055604	0.003872	-0.928872	1.245504	-0.764841	5.125456	-2.945892	-2.305572	-3.166422	1.322039
-2.770456	-0.019051	-1.848744	0.366467	3.090447	-0.742478	0.561185	-1.050277	-0.639979	0.545889	0.319455	-1.082804	-0.647707	2.936695	0.103345	0.019150	1.227759	0.740983	-0.854839	2.736291	-1.683413	1.196966	-1.676657	0.202451	-0.331229	0.562289	0.633085	-1.159005	-4.352021	-2.345473	-0.885116	2.230876	-0.457836	2.206753	1.810308	1.022934	0.041349	-0.888139	-0.587763	0.909570	0.637016	0.066583	-0.847814	-0.133740	-1.806769	2.721185	1.375249	0.114383	1.242126	1.642124
1.766364	-2.252627	1.707975	1.326915	-2.426518	-0.794771	2.482304	1.700267	0.013749	-0.529452	-2.260744	0.826320	0.187686	-0.082373	0.676211	1.514814	-2.393667	0.813676	-1.430769	-0.217719	0.304285	-2.270031	-0.070203	-0.271491	2.912361	-1.746888	1.036402	-1.191625	3.036687	1.336927	-0.314040	-0.921277	-0.162934	-2.818732	-1.679819	-0.062249	0.141957	0.990303	-0.857922	0.018850	-4.221756	-0.590568	-1.814034	4.237673	2.699727	0.341659	0.331805	-1.681214	1.278167	0.015899
-2.910800	1.509869	-0.320141	1.660016	-0.009048	-0.840700	2.117827	-1.083591	3.772378	0.544588	2.410938	-0.732982	2.217122	1.239349	3.111625	-2.465570	0.308069	1.078462	0.071111	1.095737	-1.074857	1.419283	-0.029064	1.613240	-0.331920	2.943287	0.493465	-0.188355	-1.585277	0.930451	0.711002	-0.358846	0.046197	-1.558212	-1.650897	1.426177	1.779181	-0.827460	-0.867708	-2.938510	-0.088240	-3.296051	4.911684	-0.890882	2.146287	1.262266	-0.606690	0.899393	-2.615232	-0.547327
1.474957	0.200929	0.548210	3.191938	-1.702860	-0.724724	2.969954	-2.248216	-1.845303	-0.020274	4.287890	-1.605569	-1.034060	0.874507	5.989520	-2.792674	-1.902427	-1.865697	-0.947426	2.244430	-2.417997	-0.193654	-1.318801	0.227754	1.700525	-3.022720	-0.627749	-1.694673	-2.785247	2.822736	0.515634	-2.274727	1.875234	-2.132031	0.401589	-0.422642	1.205797	1.803382	2.140345	2.391797	-2.967034	0.995578	-4.496338	-2.856699	-7.261506	-2.542828	-3.321727	-2.783606	1.869933	1.555757
3.929071	1.433305	1.822003	0.567218	2.025198	-1.148890	-2.379721	0.642841	-1.680456	1.513627	2.592324	-2.311191	-2.602126	7.985802	3.948696	-1.342814	0.732887	1.471221	0.327558	-0.334755	-0.482779	-0.945212	-0.280337	0.832054	-1.199115	-0.676023	-0.912275	-0.496008	1.368509	-4.192619	-1.988525	3.132513	1.563936	5.554461	1.230553	-0.018408	0.445576	2.581462	1.456032	-1.716947	-6.006956	1.736190	1.547437	0.386557	-4.678193	0.794483	3.253660	0.986272	-3.494941	-0.731306
1.196947	1.037119	0.244683	-1.714614	-5.422197	0.963165	-0.703268	-0.468775	2.653454	0.359793	-3.526400	-1.924494	-0.956043	1.459493	-2.992163	-0.051242	1.019974	-0.881108	-0.807915	-0.607005	-1.671477	3.075914	3.166522	-0.478417	-0.451316	-4.631015	0.686802	1.687998	3.076945	1.914521	-0.315341	1.604786	1.813527	1.946886	1.894826	0.175278	0.791857	-1.043675	-1.403113	-1.053479	3.932905	0.655399	-7.377655	-3.666301	2.061741	5.480133	2.760038	2.080877	-1.546693	-1.032513
-3.843969	0.475146	3.688465	2.460782	4.846723	1.644076	-1.648408	1.396672	5.308890	2.883635	-0.994209	-3.633165	-2.597579	7.977959	0.428866	0.401280	0.162499	-0.363442	2.912842	1.304094	0.484668	0.969607	1.990613	-0.752452	0.812408	-2.866049	0.008119	-2.341795	-1.201129	-5.153743	1.107005	5.983918	0.464301	2.298989	-7.376404	0.841210	2.381485	1.260135	-0.195241	-1.013771	-9.568698	-0.594468	0.933132	-3.823274	2.316786	1.953762	2.766718	2.716340	-5.564160	-0.943635
-4.459077	-0.014298	-0.488040	2.287736	2.003412	3.801376	0.139457	-1.051946	0.266442	0.482034	0.805011	3.133060	-0.274447	-0.914183	-4.043293	1.681583	0.152205	-0.402775	3.973260	0.352840	-0.481601	-2.547433	-1.565221	-1.735525	1.576694	0.438043	-0.385597	-0.382765	-3.941295	1.550089	-1.695992	-3.286598	0.064391	-0.811249	1.351715	0.833902	-0.800606	-0.852562	1.132891	-0.172063	-4.005965	1.442279	-1.742881	-2.256942	2.454454	-4.726302	-1.223085	0.137482	-1.099028	-1.410921
2.559104	1.895588	2.114400	-1.138510	-2.966235	-0.644975	-0.415012	-0.942384	-1.202467	-1.229648	-0.072629	0.631853	3.326769	-4.025640	0.367839	1.902127	-0.532185	1.183061	3.496099	1.763137	0.121056	-1.220264	-3.465854	-0.100573	-0.651381	0.088303	-0.632115	0.506012	2.667650	3.135654	-0.386009	-2.687987	-1.103283	-3.719325	4.343433	1.890312	-0.006881	0.940905	-0.155809	1.039955	3.945705	-0.335911	2.001234	3.920519	-1.090102	-5.327954	-2.130102	-1.208505	4.469653	-1.661319
-1.833253	-2.348449	-0.275332	0.179594	-0.444593	-0.344830	4.660362	-2.090847	-0.421751	-0.077190	-4.246699	5.248497	1.357686	-5.014528	-2.075654	1.305637	-1.110898	-1.969073	-1.046579	-1.331737	0.952818	-3.530379	-1.392864	0.059039	0.372462	3.674236	-1.586356	0.422604	1.438238	3.947807	-0.002902	0.184697	1.138588	0.587700	-0.614133	-0.250677	-1.028005	1.616635	2.701308	0.374956	0.818227	0.478229	1.080641	0.253149	3.080914	-2.328708	-1.217165	0.210041	3.171640	0.264071
1.857837	1.078078	-1.501144	-0.584006	-2.323872	0.001401	-6.711525	2.579518	-4.919108	1.046369	-0.766116	-1.772774	-0.695924	3.531825	-0.236389	-0.645023	0.040233	1.563686	1.654732	-0.122215	2.038217	0.779790	1.496415	-0.147352	0.608478	-0.941806	-0.465806	0.067007	3.485827	1.575783	-0.760815	2.396541	1.940085	1.185167	1.706535	0.284042	0.008735	4.707468	-0.494924	-0.685961	-0.195286	1.627872	2.081510	1.905818	-2.334552	-3.416868	2.277050	1.138745	-1.371439	0.277162
-2.195402	0.186888	-0.754974	0.519962	0.407390	1.008988	1.301635	-0.028530	1.247714	0.036912	-2.740983	-4.087539	-1.573575	6.086208	-1.962805	-0.709676	0.813056	-0.470725	2.026016	-1.038092	-0.839525	-0.268488	4.667825	-0.174818	-0.067405	-0.671607	-1.126068	0.554689	0.951412	0.958486	1.694153	0.020016	-0.586127	-1.610667	-2.387165	-2.981359	4.324967	-0.451762	1.104271	-0.159643	-1.310829	-1.698940	1.925729	-0.231268	0.368176	-3.861407	1.529321	1.613883	-5.140396	0.892853
3.506853	0.155961	1.557144	-0.195579	-0.646064	-2.272820	5.331498	-0.847112	2.741486	-0.783084	0.032465	0.221150	0.578752	-4.079500	2.350514	-0.708204	-0.855803	-0.666136	0.659512	0.173165	-0.430001	0.534052	3.783871	0.108178	2.721350	-0.532159	1.278652	0.281366	3.070326	0.089745	0.660007	-0.929105	-0.937600	-2.231631	2.665225	1.210137	1.135230	0.146887	-0.511530	0.210724	2.597186	-1.275579	2.749136	1.458931	-1.185055	-2.641074	-1.439675	0.283122	1.517040	0.162275
6.926756	-1.947013	-1.857029	-0.804044	-0.996262	-0.098152	-1.006075	3.158587	-1.592655	-0.845952	-0.506382	0.177083	-2.730128	0.556057	-1.660498	1.213769	-0.749546	-0.377920	-1.767742	-2.817468	3.600499	-2.571244	3.392650	-0.604630	-0.499342	-1.253535	-1.850649	0.605188	3.043226	1.365555	-1.186998	0.783056	-1.161338	2.109644	2.665777	-1.677791	-0.890598	2.821158	1.360112	0.610561	1.736284	2.558394	-2.268846	2.598007	4.549941	-1.180773	0.803509	-0.980830	-0.192579	2.721252
-1.385633	-0.466953	-1.092449	2.324429	0.273942	-0.539000	2.569850	-1.474145	2.678556	2.506494	-0.499150	1.023994	-1.817828	2.175357	-0.855404	-2.751062	-0.558927	-0.086727	2.021773	0.868294	-1.523773	-2.202723	-1.102001	-0.079244	-1.152766	3.172508	1.619973	1.290025	0.356321	-2.267778	1.248317	1.379877	-0.366285	-3.157020	-0.791311	-1.525436	-0.324561	-1.137376	0.087984	-2.346820	-8.190120	-1.438639	3.996820	-2.323867	4.087374	-3.043266	0.132869	1.418227	-2.856368	-1.990624
5.738809	-1.884257	0.177093	-0.738062	-0.109322	-1.527589	-5.152582	0.540957	-2.244022	2.357250	1.023785	-6.237466	0.269820	8.557804	3.142092	-3.191236	0.160839	1.830146	-0.014482	0.603360	-1.684233	2.508211	1.246568	1.114018	-1.163830	-3.622769	-0.701735	-1.073172	3.940102	-3.193946	-3.319121	4.093174	2.101611	1.948868	0.831499	0.424653	1.206237	4.375601	-3.386180	-2.922758	0.847412	1.191850	-4.324081	-6.711874	0.308343	1.015365	5.159361	2.413981	-1.882569	-1.195686
2.099687	0.315663	0.858522	-0.564475	-1.517841	0.609923	0.976910	-0.763334	-1.165524	-1.683717	-0.127354	1.747239	-1.295859	-1.891173	0.990874	-1.459177	-0.118159	0.433386	-2.552011	-1.943256	2.025758	-1.341905	6.268868	0.612602	0.255961	0.854583	1.698479	1.189814	-0.583110	1.539934	-0.499020	-1.143137	0.756080	1.599220	2.772403	1.322364	-0.757392	0.891048	1.626955	0.034219	3.449705	-1.762532	-3.235211	1.120344	-1.627175	0.994877	-1.422976	-1.418620	-1.451827	-0.199052
4.406078	0.592878	-0.082875	-0.679005	-3.926138	1.328185	-2.286500	2.031558	1.641703	1.741880	-1.625623	1.253770	-0.351801	1.414204	-2.995023	-0.062442	-2.112088	-0.944599	3.067663	2.189891	-2.621043	3.114686	2.691800	-1.188141	-0.975716	-5.817017	1.588552	-1.089250	2.872466	2.355829	-1.613726	3.454146	0.083057	2.815629	-0.428780	0.046029	-0.277045	-1.771284	-3.509210	-2.373878	-1.327023	-0.255280	-0.967206	-5.157400	0.792027	2.372673	4.083895	0.898096	-0.879410	-0.703276
0.733192	-0.968658	0.915492	-3.004088	-2.169783	-4.915513	0.124637	-1.084302	-3.907049	-0.725510	-2.845171	-2.048275	8.435173	-5.769694	1.726945	1.246195	-1.446841	-0.621403	-3.249263	-0.633431	2.539628	-3.681114	-6.603410	4.495464	-1.389173	-4.484195	-3.212291	-0.078492	5.481944	4.017936	2.119569	-3.220000	2.194178	-0.162171	-0.401743	-1.189413	0.937869	8.302565	1.952113	2.507296	5.019810	1.248179	-4.275313	0.199247	0.124688	-6.600430	-2.089671	-1.860253	9.908773	0.233368
-4.284676	1.517652	0.961846	-2.795998	2.608161	1.395844	2.337850	-1.961712	-0.198320	2.699920	2.756024	2.035521	-2.691983	7.563796	1.872634	-1.404529	0.092597	-2.130188	0.915327	-1.732511	-0.673860	-1.845190	1.010164	-1.521694	0.376872	4.230241	-0.757934	0.255279	1.126328	-9.851351	1.915175	5.013223	-0.629194	6.309387	-2.196079	-1.958023	-0.228491	-0.220669	3.843839	-1.637002	-7.901953	0.541361	6.677541	-0.705593	-1.710257	3.914554	2.352429	-0.543400	-4.867489	-1.875160
2.519207	1.859141	-0.450044	3.078256	-2.309575	-0.886347	3.709454	-0.699696	0.315620	0.832276	-2.894170	0.408837	-1.553330	-1.193193	-0.042485	-0.546949	0.873232	-0.137424	-1.053633	-0.027626	-2.255864	2.506862	-0.635719	0.318115	1.296802	0.038758	-1.747623	0.745017	4.375146	1.235712	-0.859126	2.348291	-1.731760	-1.134294	2.179270	0.782814	0.696767	-1.273824	-1.812624	1.753074	-1.750606	-0.541913	-1.461260	-2.288986	1.776792	2.675903	3.191786	1.475401	1.260080	0.407296
0.602022	0.901795	2.034938	-1.568937	-1.046367	1.744792	-3.096357	1.226894	1.219344	-1.078159	-0.026741	-0.241406	-3.189601	3.749101	2.162211	-1.843730	0.878067	1.917675	-1.670223	-0.603683	0.688623	-0.947654	-0.434370	-1.849623	0.135195	-1.011565	0.546695	1.338638	2.892412	-1.655898	-0.347012	-1.672509	-0.204913	3.817917	1.709199	0.891115	1.391407	0.812512	3.770604	0.820555	-0.018545	-2.532444	-0.269202	2.324757	-1.936725	-0.760025	1.399175	-1.212804	-2.157411	0.796766
-0.740159	-3.424122	-0.795704	-0.159115	-1.298597	0.166508	3.365025	-2.561357	0.186831	1.201947	2.495078	3.500005	-5.324661	1.736175	2.626215	2.108169	1.570401	-1.688972	-2.847650	-2.626250	-0.156669	-0.359531	0.157555	-0.726970	0.413987	-1.026634	-0.120212	-2.058368	-2.116301	-1.706584	-0.726970	0.957343	-1.137626	0.545493	-3.148908	0.437881	-2.860700	-3.012793	1.516649	1.448866	-5.969638	1.868205	-4.464605	-2.765300	-1.886393	5.465978	-0.099230	-0.195167	-1.860948	-0.310199
-2.678431	-1.092802	-1.154762	0.100751	-0.525178	0.683612	-1.057978	-0.798949	-1.169950	-2.641188	0.639598	0.946852	0.356593	-1.120822	1.337185	-1.225130	-0.953941	0.654401	-2.820999	-4.744000	0.263916	-5.528140	-3.532986	-0.770321	-1.018327	2.098458	-1.371702	0.563595	-1.015542	2.018617	1.413652	-8.029526	1.234167	-0.059775	-0.571827	-2.839832	2.120089	3.672475	4.136687	-0.367541	2.438116	-0.102002	-0.349144	7.096192	-1.556095	-6.180256	-4.421442	-2.978420	-0.625589	-1.963289
1.502871	-1.374157	-1.469452	-3.354636	-0.474026	-2.220306	0.252017	-2.768154	-4.573815	1.391463	4.872756	-2.689051	-1.781915	10.907563	1.919036	-3.088882	2.647228	0.455554	5.050194	-0.056978	0.173171	-2.040111	-2.348758	1.903307	0.109309	-1.087260	-0.846811	-1.150580	2.555527	-5.193260	-0.891123	1.492892	0.580887	3.826861	2.212671	-0.767176	0.193878	0.600986	2.176356	1.630619	-0.927198	-1.836980	-0.754096	-1.657240	-5.343942	-3.050249	5.673703	-1.658443	0.673927	-2.541823
4.459607	1.168549	1.764356	-0.088922	-0.180352	-0.263662	-0.402558	1.579570	4.740162	1.063298	-2.853130	1.004018	0.567891	-0.948506	-0.808836	1.357235	-0.016149	0.866120	2.151747	1.441071	-0.926832	3.496519	-2.704144	0.395296	0.219466	0.858471	-1.405952	-1.788519	-0.404864	2.151214	-1.850102	0.205060	-1.111545	0.462272	1.870883	-1.373273	-2.006573	-2.031762	-1.617537	-2.444292	1.777879	0.537969	-1.360954	0.147712	4.057818	2.971666	0.581164	2.700903	-0.501956	0.575756
2.285708	1.241125	-0.417374	-0.563241	-0.983360	-0.046019	3.337243	1.858013	2.760754	0.918895	-1.505454	-1.693973	-1.648307	13.445080	-1.944817	1.853913	-0.013173	-0.745634	0.740350	1.118264	2.532244	-1.569230	4.888861	0.548158	1.594548	-3.058927	-0.793553	-1.090823	7.884324	-2.179843	-0.218387	4.851311	-2.325347	4.385579	-2.444031	-0.136920	0.716982	0.487128	0.071705	-1.228406	-6.171635	2.453036	-3.557196	-0.614449	6.502444	1.139690	9.310162	1.819910	-4.310136	-1.633112
2.355229	-0.872757	1.602847	-0.044628	-0.889207	0.588893	-1.501086	3.096339	1.815592	-2.861637	-0.405757	-0.466234	2.259355	-11.649524	-0.285636	1.743055	-0.269295	1.691629	-2.939674	-3.252942	-1.067494	3.204241	-0.824577	-0.626540	-3.344519	-2.611887	0.664637	0.657683	-0.686398	4.211316	0.974628	-2.097485	-0.803953	-5.239356	-3.044799	0.259254	0.639545	-0.135045	-1.931826	2.108462	7.790145	-0.133955	-0.975936	4.483283	3.720673	-3.349779	-4.599647	-0.132254	3.327769	3.194936
-0.659992	-2.844024	0.469793	3.220329	-0.229952	-0.109755	0.577830	-2.965285	-5.509469	-3.229001	-0.948482	-3.941691	1.067204	6.061616	-0.785557	-0.017926	1.258832	1.011717	0.333030	0.592283	-0.437447	-3.059581	3.767534	0.136696	-0.722402	-2.975877	-0.189146	-2.681455	-1.579855	2.384876	0.658738	-5.030275	-0.594291	0.774359	-4.627698	1.125509	0.213550	2.921091	4.183164	2.026138	-0.941640	-1.184677	-2.673204	3.983089	-1.359214	-5.944393	-3.352439	-3.880651	1.379065	1.032411
2.741617	-1.207285	0.270374	-0.718054	4.069154	0.551772	-4.475948	3.107989	2.020710	3.194718	2.230388	-3.939875	-0.934893	2.887525	2.163147	-2.584397	1.100290	-0.728374	0.224774	3.832522	0.512843	1.876150	-7.828665	0.975308	-1.430999	0.104945	1.669613	-0.273297	-0.594656	-4.926840	-2.343011	2.943998	0.430277	1.706080	-0.075398	-0.409388	1.705870	0.052999	-3.303737	2.438911	-0.893634	0.206524	-1.458551	-4.724419	0.048236	6.797177	2.185252	1.790448	2.083564	0.455026
-0.775446	-1.119241	-2.792004	-0.081187	1.087974	-0.230715	2.847711	-1.216178	-1.987127	-0.807537	0.745284	3.039526	3.731798	-2.402380	-2.404208	2.952345	0.403623	-0.585394	-1.715496	-4.327248	-0.098199	-2.703685	-5.510104	0.951123	0.923393	2.365429	-0.091069	-0.559298	-0.193439	0.720208	-0.014394	-2.848320	-2.731822	0.694420	-1.220145	-0.552697	-1.069264	-1.518484	3.235974	1.357271	0.131543	1.032268	-2.848346	4.997279	1.173884	-3.295356	-0.301066	-2.615437	3.619682	-1.223111
-0.889732	-1.175833	-1.551209	-2.437037	1.805620	0.949082	-2.505174	2.552260	0.459470	0.816307	2.637137	-0.189579	-3.748504	-1.680962	-0.348734	-3.318152	0.391816	1.118295	-1.820673	0.855202	-0.962340	0.976129	2.451374	0.095975	-0.429718	1.541708	-0.591291	-0.462746	-2.351574	-2.729629	0.608559	-2.271751	0.207791	-4.795248	0.308626	0.049799	0.436722	0.357740	-3.357715	3.801481	1.435232	-3.309072	1.039445	0.335171	1.886399	0.380656	-1.237172	-0.710725	-3.257166	1.565362
2.595260	2.016204	1.175245	-1.048607	2.319297	-1.714889	-0.659970	1.072509	4.841333	2.355946	-1.815943	3.724739	0.652503	5.312498	0.699508	1.470127	1.563827	-0.676575	4.745260	5.302496	0.265042	-0.959239	-0.036513	0.394296	0.154642	4.794936	0.088396	-1.667362	-0.980646	-0.205811	-3.131239	2.750348	-1.973313	2.440160	0.304021	0.930977	-2.490712	-2.922227	0.114427	-4.939208	-1.407384	-1.234296	5.303169	0.952441	0.737115	1.696724	2.584700	2.382606	-2.714324	-1.782086
-4.268436	-0.863615	1.741188	-2.837685	2.757113	0.024482	1.421336	-1.003889	-1.342718	-2.291156	1.281574	0.791695	-1.615715	-0.603824	1.507541	-1.020050	0.573248	0.092537	1.438277	-2.248877	-0.057263	-1.960996	0.770335	-0.503491	3.006496	2.164521	-1.190925	1.206277	-2.287953	-4.290768	-0.134231	-6.007612	-1.217588	0.320961	0.767027	0.146989	-0.129803	-2.101578	3.127569	1.440857	2.229421	-0.873111	5.523296	3.760250	-2.918507	-4.259692	-1.722349	-1.761076	1.236412	0.118088
3.534032	1.794822	0.155124	-1.308461	0.314247	0.306684	-3.387156	-0.579612	0.980035	3.528291	-2.207933	-3.175501	2.691582	5.819870	-1.594713	1.227941	1.312658	-0.942240	1.985857	2.211268	0.218815	1.459999	-4.359464	0.135783	-0.593958	-2.307005	-0.045602	-3.063269	0.898244	-1.431558	-3.837585	2.194329	0.441159	3.866740	2.538753	-2.527865	0.256200	0.714330	-1.615060	-0.606667	-2.159297	0.007430	-6.541235	-3.612265	3.486734	3.482859	5.076885	1.511064	2.323009	-0.954571
-1.756252	-0.994844	-0.447460	-0.494765	0.498805	-2.278548	0.517097	-1.707011	-1.537124	-2.015617	-2.160012	-3.074848	2.926235	4.890704	0.042642	1.184894	-0.299028	0.397413	0.138582	1.179385	1.154530	-1.366584	1.429826	2.408426	0.574255	-1.932564	0.913807	-0.303515	2.600364	4.365205	0.180290	-1.638791	1.192677	-2.201332	-2.963577	1.041525	0.757575	2.612314	-0.357237	-0.041757	4.805716	1.824442	-2.296451	0.509811	0.631655	-2.930790	1.011366	-1.047345	0.399523	0.329014
-0.540591	-1.380417	-0.324890	-1.508558	3.024825	0.019098	-1.735129	-2.491913	-5.454788	-3.780820	2.115734	-0.312577	-1.162069	1.609636	2.964432	-2.935570	0.342320	-1.841893	-0.672692	-2.756540	0.508145	-1.294530	3.848290	2.405763	0.632135	3.947450	-0.142967	-1.211811	-2.853831	-3.663399	-2.558033	-6.387974	2.197267	1.312607	-4.102908	0.632679	-1.253213	2.944980	1.827071	3.274115	4.799504	1.141801	-4.425174	4.647764	-5.518133	-1.617685	-2.966229	-3.363594	-2.101743	1.538670
5.564787	-1.815825	2.395703	-2.087405	-4.653356	-1.645228	-0.248279	3.780014	0.962218	1.732545	-0.096380	3.032626	1.723854	-1.161567	3.787722	0.912016	-1.898744	0.195117	-0.149538	0.757667	-1.227188	-1.541404	-3.204928	0.392984	0.820389	-4.554993	0.550844	-1.131693	0.202913	2.171004	2.361583	-1.528898	0.014221	0.314341	3.709289	1.652034	-0.225092	-0.040358	0.645219	-6.570438	-1.245425	1.384655	1.163648	-0.923943	-4.496728	-3.246539	-3.748088	1.072939	1.830603	-2.133473
1.929884	-1.659083	-2.251368	-2.856558	-1.799965	0.431679	-3.819937	0.308465	1.209152	1.965900	0.574546	1.750859	-3.468378	3.643375	1.081769	-3.427876	-0.688236	-0.820095	1.829784	0.101927	-1.029637	-2.547354	5.033591	-0.584948	1.504671	-0.679774	0.338160	1.098714	0.835034	-2.451092	0.103283	1.093922	2.219543	3.000830	-0.893899	1.084894	-1.762018	0.801260	2.972728	-1.468080	-1.898552	2.115367	-0.192311	0.449313	-0.673549	-4.016723	-1.641752	0.102958	-4.106362	-1.924203
1.339218	1.660528	-0.173020	1.036168	-2.147760	-0.057994	-0.625440	1.575747	-2.388398	-2.231046	1.247346	1.052731	3.465045	-6.895476	-0.659036	-0.501150	-0.711695	1.155595	1.713389	-0.753078	3.166815	-1.236597	-2.582720	1.223587	0.448583	-1.172081	-0.752182	-1.225275	0.413936	1.763759	2.707055	-4.277399	0.001194	-6.962966	-1.355742	0.247298	-2.046302	2.221500	0.068754	1.378622	-0.988113	2.177579	1.196565	2.513993	1.525298	-11.359289	-4.773691	-1.410064	5.019053	-0.758561
