X44	X48	X11	X38	X2	X16	X40	X8	X49	X34	X6	X32	X33	X47	X35	X42	X37	X29	X36	X31	X14	X28	X30	X46	X25	X50	X4	X12	X13	X21	X43	X1	X7	X19	X20	X10	X5	X22	X3	X27	X41	X39	X26	X45	X18	X17	X9	X15	X23	X24
1.565267	4.645957	-1.186225	7.162077	0.553433	0.673763	-5.851849	-1.442857	2.151310	-6.921788	-0.623086	6.826209	0.560984	-0.049558	4.586635	-1.631189	-4.612482	7.262535	1.748602	-2.829369	1.064093	2.231652	-2.332912	-1.910668	3.242958	-11.703113	0.362412	0.150487	3.187102	0.457582	7.602162	1.462087	-0.105512	1.883639	5.930981	2.703341	-2.364787	1.287316	-0.625161	0.450572	1.383412	-4.764571	1.788635	7.821657	4.016406	1.149125	-1.962648	-0.502930	2.248520	2.030820
2.270986	0.453619	-0.179524	-2.315878	-0.028389	0.711533	3.405141	-1.239098	0.646034	-3.644066	0.204247	0.369189	-0.859365	1.460299	-1.092218	-1.092927	0.337612	-1.276900	-0.212969	1.436886	0.063559	-1.606687	1.619336	6.550993	0.410307	0.797496	-0.646550	1.971255	-2.055607	0.243553	4.639925	-0.616829	-0.595717	0.086275	-3.407226	-0.691830	-0.196382	0.187558	1.280143	-0.922684	-2.176195	-3.308129	1.541340	-0.071257	-3.327126	2.354252	1.077297	0.036252	0.204888	0.762362
-0.497716	-2.012828	2.309847	-1.507987	0.454238	-0.269585	4.243705	0.355078	0.411059	1.982106	-0.618692	-1.837879	-0.794794	0.982773	-3.061291	2.986220	-2.205149	-2.765188	-0.688737	2.152472	0.002953	-2.769373	3.101616	3.342887	-2.309704	8.250504	-0.250930	0.589547	-2.311557	-1.364054	1.255910	0.027393	0.145284	-1.992184	-3.351964	-1.735374	1.160949	-0.630348	-0.012880	-0.768373	-1.139480	1.741277	-1.889463	-4.776524	-2.606753	1.161935	2.327080	-1.033866	-2.841332	-0.755119
4.290176	-1.033392	0.188090	3.525278	-0.542125	-0.667796	-0.020498	-1.366235	3.481662	-1.472637	1.396360	0.312555	5.204114	0.419777	1.556466	3.124936	-0.916925	4.910600	-1.090212	-1.201226	1.469620	-0.472436	1.188246	-0.432507	1.368204	-8.224457	-0.179942	-2.476189	2.283911	0.477007	0.610989	-1.124719	2.310705	-0.532410	0.908969	2.360632	0.250212	0.893867	-0.445921	-1.773744	2.840180	-0.247208	2.285623	8.108937	3.924774	-0.624477	-2.237141	0.827746	-2.048568	1.293912
0.579704	-0.989737	-0.181663	-2.274650	-0.654937	2.132712	-2.405664	2.133955	-2.249705	2.590147	0.117131	-0.444569	0.239097	1.938979	-1.360717	0.722929	0.200013	-1.094675	-2.029152	-1.015296	-0.802823	1.743473	-0.324999	1.932004	-2.218926	5.962408	2.390729	-0.402271	0.586389	-0.484181	-2.006216	1.038804	-0.989098	2.794623	-1.490991	0.921305	2.183565	-0.266593	0.573766	-4.186537	-3.285950	5.479303	1.552545	0.662512	2.389147	0.611410	-1.713520	-0.394246	1.008612	-4.130669
-2.233172	0.885147	-0.118307	-2.307250	0.190436	-2.884213	-2.591700	-1.200190	1.142016	-0.556502	-3.870556	4.466275	-0.858821	-0.918667	3.337271	1.426206	-1.342658	2.412156	2.019547	-0.074132	-1.917022	-1.083900	0.126893	2.399438	4.823988	-3.239854	-0.407247	-1.671127	-0.575418	-0.545012	4.808422	1.557048	0.078669	-1.477070	3.046482	1.508074	-2.102510	0.820643	0.035522	3.330116	1.929674	0.903737	-2.963878	-5.029851	-1.634078	0.553139	-1.243017	-3.821710	3.071727	-1.893612
-7.663898	5.962364	3.262155	0.314387	0.945612	-2.132195	4.338470	3.757960	-1.026105	1.835605	-1.426980	3.087236	-0.477876	0.228997	-0.369228	-2.285703	-3.826059	2.163051	-0.279732	1.304091	-2.513584	2.245220	1.108806	4.822656	1.418128	-0.061512	-0.601688	-0.785433	1.933597	-2.605753	0.176859	2.093559	-1.401227	0.515825	-0.457782	1.668460	1.007453	-1.161938	0.926373	1.757487	0.907223	0.443931	-1.208623	-6.468708	-0.895787	2.116503	0.441981	-0.127088	-1.526016	1.532185
-0.559448	-0.817506	-3.411424	4.076077	-2.551934	0.252303	-1.314449	-2.614131	-3.307997	-0.105808	0.330178	6.079252	-0.603411	-2.585129	-0.833502	-3.499151	-5.415759	1.657491	1.273972	-4.117505	2.164883	1.103325	-2.437762	6.248817	-0.744876	-0.834318	0.306331	0.180545	0.021132	2.079913	2.051953	-0.297498	0.347252	1.771215	-0.279326	-2.019379	0.169702	-2.198220	0.049951	1.707628	-0.650781	-1.315642	-1.261904	2.735463	0.106438	-2.406413	0.517026	-0.468267	3.408290	-0.599765
-6.634313	3.442787	0.765259	4.116555	-0.782100	-0.387472	-4.037086	2.411634	3.026070	-3.181487	0.633784	3.420315	-3.568313	2.562475	0.683361	2.084006	-2.015826	0.945712	0.480959	-2.014556	-2.463142	-0.960054	-1.011525	0.866647	-0.077669	-4.237045	-0.625934	1.957533	0.545356	-2.809625	5.601838	1.246110	-0.566958	-1.713729	1.109545	0.687937	0.339660	4.927869	-2.158308	4.936307	1.097929	-1.851884	1.197331	-3.168895	-1.690379	1.768082	-0.406828	-2.734421	1.226107	0.003932
2.640675	-0.604271	-4.405150	-4.866051	0.396029	2.060444	-0.211475	-2.814288	1.445854	0.902308	1.274558	-10.706641	-3.270032	-0.730210	-1.427559	2.601878	8.246601	-8.207966	-4.557844	-1.476027	1.796147	-3.578190	6.552162	-7.071771	-4.494074	6.156724	0.311694	0.097173	-1.871395	-0.763019	-8.167898	-1.851579	1.365173	-1.165110	-1.714806	-2.079591	-0.380951	-4.474439	1.987475	0.661045	-2.473062	-0.999467	2.438672	-4.600891	-0.701175	-0.349860	0.893135	-0.126848	2.734602	-1.765231
1.502259	-0.661911	0.986296	-3.266797	-0.835478	-1.714940	2.934086	1.426311	-2.195409	5.585883	0.968117	-1.520854	0.343455	2.896138	-0.641481	0.146108	-1.498153	-3.048700	-6.125922	-0.431953	-1.355910	2.461611	-2.122748	8.232997	-4.497768	12.376930	-1.309906	-2.438995	-2.073888	1.382226	-2.622208	-0.657602	0.837145	-2.681866	-6.155958	1.549251	0.009973	-0.379146	0.572747	-0.995651	-0.495612	2.719528	2.466816	-3.338080	-3.745222	1.089246	-1.138138	0.513623	0.235438	2.220013
-7.367180	-0.955395	2.376284	-0.593149	0.802044	-0.258846	-0.180034	2.497249	-4.304025	1.607179	-0.968489	-4.274900	4.074992	-1.443584	1.555183	-1.024077	5.032691	-4.693505	-1.444731	2.742979	-0.254698	-1.268700	1.614563	-1.668382	2.942764	2.855631	0.905846	1.795471	-1.671374	-0.472878	-5.461579	0.167369	0.713128	4.312450	-0.294009	-1.050245	1.776254	-2.579083	1.474828	1.263512	-0.929684	3.212668	-1.773790	-11.464237	-0.937833	-0.863258	-0.832265	-0.316593	-0.333770	-3.699682
2.783743	2.357173	2.227978	4.464586	-2.788772	1.650244	0.237789	2.134117	2.499290	-5.831089	-0.370157	5.326072	1.223398	0.804738	2.820127	-2.107077	-3.162908	3.089083	0.469242	-1.945053	0.937169	-0.250502	-1.071332	3.552818	0.817001	-9.645065	0.379632	-0.094791	2.234159	-4.071977	7.418473	0.166643	-0.669118	-1.405435	-0.572112	1.517291	2.108219	5.085849	-1.786055	-2.838089	0.191587	-6.872088	1.178175	4.832210	0.883896	0.321183	-0.572336	0.671113	-2.899655	1.178712
-1.735819	-1.498848	0.872520	-0.059672	0.664534	1.506538	-3.996367	-1.565750	-4.618379	3.099825	0.834517	-1.224143	0.187354	-2.400829	0.891078	-5.972025	0.693871	-2.615224	-5.500017	0.175568	-0.709057	1.058036	-1.924542	-2.834803	-1.146788	7.630896	1.559885	2.092128	-0.123151	0.014551	-0.452334	0.350611	0.544365	2.565693	0.919155	1.117367	-0.972802	2.043272	1.327322	1.610980	-2.213360	2.557381	2.532602	-3.259893	-0.495830	-0.523417	-0.164438	-0.480641	1.364250	-2.493731
-4.091484	1.711738	-0.039151	-1.948650	-0.491181	2.064373	-2.428537	2.118132	3.170954	-4.450904	-1.756394	1.001283	0.143264	1.710981	1.879715	-0.105543	-0.050937	-1.710141	-0.542032	0.282797	-0.263285	-2.153625	1.860253	-0.473080	0.301023	-3.440637	1.163792	2.774562	-1.997245	-4.450174	-2.018757	-1.416127	-1.838185	-1.357606	0.354988	2.507756	1.050490	-2.021042	-0.626543	1.552904	1.022138	-2.013875	-0.545879	-4.196429	-1.821528	0.679060	-2.183173	-3.056063	-0.523570	-2.769989
-0.375714	-1.053587	-0.751447	2.567183	1.050216	1.694229	-5.172584	-2.053205	1.020425	0.236552	1.810760	-1.479250	1.043022	-2.377473	-0.389842	-1.011198	-0.372429	-1.110249	-1.497172	-2.999866	1.603676	1.446852	-2.613659	-4.435286	3.260059	-2.708950	0.250699	2.167282	1.557549	2.335587	2.569902	-1.695059	0.135469	1.581567	1.072072	0.037119	-0.589237	3.534740	-0.744981	-0.806123	1.342801	1.340036	-0.086580	-0.405436	1.871193	0.177343	0.147802	-0.089404	0.606008	-1.412528
-1.203953	0.937518	-3.497340	-2.034553	-1.963641	1.088983	2.750110	-2.290568	1.033661	0.828307	-2.337849	5.682070	-2.788785	0.627665	-2.609601	-1.040251	-5.572906	1.752268	4.822445	-1.167922	2.296026	1.529813	0.639501	11.121382	-0.317875	-0.200030	-1.465157	-1.736741	-2.431281	0.577119	2.471237	-1.159077	-0.311006	-3.236619	-1.959707	-3.638479	-0.359709	-3.844100	3.245751	3.411959	0.313592	-3.026068	-2.453764	0.494923	-2.993711	-1.007399	1.394621	0.001299	4.290979	1.663463
5.983426	4.301340	2.751640	1.333143	0.960521	0.268341	-0.231084	0.954779	-1.312305	-2.617909	0.084785	3.225206	0.954093	0.752053	2.264078	-0.936476	-0.315114	5.450456	-2.915299	-0.806642	0.193133	0.231066	0.341341	-1.521944	5.073368	-6.131229	1.210420	-1.323698	0.245301	-1.819777	0.274745	0.404916	1.907348	1.982389	3.681105	-1.023833	-1.109431	-1.758858	-0.743201	-3.867657	-3.440089	-1.989345	1.780826	10.314279	4.985621	-0.420127	0.951617	-0.098621	-0.306586	-2.995806
-0.924976	1.788492	2.940282	-6.172120	0.974573	0.874562	6.753655	-0.284455	2.931332	6.126245	-0.437264	-7.752540	2.797705	0.052599	-4.428303	5.419239	1.991477	-8.659014	-3.921692	2.353467	0.255272	-1.626871	2.682930	-1.464997	-3.085945	16.163952	-1.059043	-2.987972	-0.718760	-1.075859	-2.586404	-0.737250	0.789641	3.713493	-3.014779	-3.102193	-2.779925	-1.454563	-0.477716	3.393321	5.648331	-0.721516	-0.520997	-6.607971	-2.256456	1.209933	1.740462	-0.095191	-3.169004	-3.620465
-5.820163	2.036572	3.559081	-2.279282	-0.359676	-0.309030	1.156686	1.098992	-2.942272	-2.742251	-1.731814	4.007332	-0.280389	0.684982	-1.426567	-3.056746	-0.167179	0.700473	-0.658487	3.262007	-1.226180	0.642042	1.038030	4.886417	-2.109777	-0.841472	-0.574494	1.935751	-1.251806	-1.697662	-0.527896	1.622398	-0.125476	-1.123128	1.235783	-2.282532	-0.524195	-4.139157	0.527122	2.598770	-0.623497	0.158467	-0.950753	-5.767281	-3.184513	-1.118092	0.418856	-2.714273	-1.458026	0.930430
-2.858171	-3.715268	0.432359	0.646991	-1.877802	-3.474778	2.464286	1.302086	-2.938136	1.397270	-0.178884	-1.319019	-0.033808	0.954865	-0.760076	-0.442695	1.559121	0.073516	0.358860	0.578507	1.498044	1.531850	0.322016	-1.635013	-1.380697	-0.718593	-1.794988	-0.714975	0.058705	-1.790680	-1.568682	1.487014	-2.635797	-0.265253	0.986319	0.693247	2.688719	-0.460731	-0.794556	1.406681	0.711643	3.978335	1.419376	-3.896404	-1.516914	1.943441	-0.071535	1.368730	-1.336711	2.228500
-0.545890	-3.758546	0.549532	3.140936	-1.164390	-2.319563	3.568299	1.668667	-0.639062	7.096625	-0.170456	-1.968145	-2.083182	1.413890	-2.833767	1.184536	-1.120444	-2.770848	1.387335	-0.577092	-0.242271	1.390146	-1.576424	-1.893558	-1.985703	6.901383	-1.735093	-3.148922	-0.957062	-1.282655	-5.995654	2.554088	0.344576	-0.590181	-0.287479	1.012003	2.450949	0.157577	-0.821160	1.296763	-0.920761	5.518767	0.557496	-0.803702	-1.585356	-0.721462	0.524289	-0.325305	-0.139534	-0.644450
3.912170	1.016996	-1.049294	0.814096	-1.164847	0.522510	-0.553262	-2.848671	1.283810	-3.201033	2.411455	-3.167024	-1.213326	-0.491723	2.696188	0.268249	4.139077	1.031825	0.009387	0.269645	0.414486	-2.176775	2.552230	-1.963625	0.791572	-3.417754	-0.447633	-0.748453	0.411827	0.193211	-0.990369	-1.811607	1.451936	-2.187905	2.154382	1.039069	-0.908125	-0.268545	0.536069	0.396865	1.541669	-1.138515	2.372819	0.861372	0.209610	0.426162	-1.668270	-0.414532	1.451262	1.533002
7.379994	5.321393	1.603945	-3.746640	0.382852	1.191468	-2.794745	-3.056809	3.373158	-3.787737	-0.317286	2.002636	1.309923	0.602055	2.256461	2.811993	0.204220	2.198869	1.461409	1.060089	-0.378465	-1.860373	1.863614	-2.795104	-0.102331	-0.444397	1.218959	1.827078	-0.529181	2.151002	2.372361	0.703799	-0.174846	-1.622601	1.267908	0.477757	-3.743636	-0.593980	0.560568	-1.338974	-0.511428	-6.016816	-0.723049	8.121280	-1.648055	-0.753493	-1.434017	-2.431936	0.101178	0.469524
0.476000	0.152233	-0.579021	-1.695815	1.709396	0.131608	-1.467757	1.294734	1.219700	3.276835	1.928507	-9.432230	2.233995	0.341348	-1.111543	4.053144	9.188754	-6.104593	-1.109343	0.363794	-0.726037	-0.970616	2.197131	-7.345774	-2.276054	5.766033	-0.472635	1.460696	-0.719647	-0.084912	-10.294379	0.484595	-0.159222	1.486846	-2.268449	0.638094	-1.165610	-3.422046	0.238897	0.795623	3.125196	3.713635	0.490214	-7.881549	-2.505687	-0.887923	-1.740631	2.602845	-0.514161	1.916765
4.470616	0.249179	0.627088	-0.806466	-1.458622	0.478270	3.204946	-1.743167	1.014415	-1.922657	0.371792	-0.684038	2.509841	-1.605244	0.894993	0.913734	4.676359	3.420738	-1.711620	0.687418	0.195038	-1.519359	2.133916	-0.493672	-0.287435	-2.561908	-0.199114	-2.214858	-0.319818	0.732495	-4.251455	-0.174225	1.859477	-1.504708	-0.471439	-2.525034	0.840735	-0.824208	0.307412	-1.416610	-3.433768	-1.142979	-0.882988	4.833368	2.012862	-2.287060	0.323334	2.957972	-2.988319	1.807184
-4.055322	5.266144	6.287678	4.580427	-0.635908	3.554134	3.478421	4.260233	0.009566	-0.581562	0.044460	1.283160	-1.635717	2.180354	-2.880842	-3.099334	0.707769	-0.482729	1.399704	0.757957	-2.344076	-0.760242	-1.422873	-2.093897	-0.769008	-3.121231	0.529560	-1.031146	0.964747	-3.397371	-2.010024	2.513762	-0.911705	-1.121858	1.984626	-1.714945	1.559351	-0.246044	0.666334	1.956467	-0.782187	-2.340960	-0.281412	-2.091527	0.016783	-0.172968	1.622756	0.333140	-4.172822	-0.329107
-6.452271	-4.843542	1.784912	7.953361	-2.575966	0.991058	4.357401	1.744425	-3.822187	0.771116	1.407837	-2.802913	-1.592444	-0.408977	-1.755388	-2.696095	0.873625	-3.710089	-3.468501	0.949784	-0.490744	-3.260926	2.383858	-0.989454	-0.570319	-2.768623	-1.614686	0.915196	-1.481935	-0.096936	-6.060009	2.261546	1.553260	2.758326	2.427441	-1.212357	4.949651	-1.811543	0.660693	-2.465941	-4.620473	3.467148	1.196027	-5.234397	1.551146	-1.558368	1.509424	0.273152	-2.073820	-3.782832
0.491500	4.877183	-1.334867	-1.765134	2.325608	2.061982	-0.345058	0.294049	0.456911	-3.769102	0.571505	-2.448064	-2.506856	-0.370972	-2.354828	-2.080754	-2.218272	-2.780766	-3.326183	-1.495897	-2.063554	0.795750	0.868887	3.853115	-5.611649	2.913563	-0.038668	1.679244	-1.496370	0.452246	2.253763	-0.359400	-1.782463	-2.265725	-3.985043	0.575650	-1.921310	-1.538951	2.249493	-2.945274	1.847699	-2.554657	2.112847	-4.379760	-4.347493	3.558206	-0.679021	-2.254379	3.234215	0.115043
-0.268350	-5.641304	-2.777808	4.838853	0.149092	-3.036161	-4.064687	0.704783	-7.379614	1.804656	-1.602671	3.700936	-2.299336	0.020917	2.838288	-5.595086	-0.149836	2.326102	0.759714	-2.708845	-2.932639	3.923266	-4.280999	-1.489090	2.347500	-4.338090	0.494423	-1.290048	3.272725	0.758420	-0.386391	-0.258044	0.383583	1.879472	1.688251	-0.151887	3.897360	1.036807	-0.312249	-3.967818	-5.568515	7.388500	-1.687259	5.174174	5.253202	-1.377723	-0.710315	1.512382	2.161556	4.558037
1.406144	-1.847821	-1.958424	1.246427	-1.284990	-0.083256	1.276178	-0.470100	-0.448065	1.039329	0.390347	-0.752659	-0.270356	0.263159	1.873799	0.796903	-0.801741	-1.238898	-2.403747	1.114232	-2.204657	-0.426736	2.019461	2.526945	-0.088170	3.058506	0.386199	-0.024132	-0.586580	-0.185355	-3.897294	0.697495	0.009700	1.292431	-0.107228	-1.325662	-0.378723	-4.032133	2.647797	2.568647	1.936463	0.666701	2.629540	-2.987980	-0.953751	3.430358	-0.054931	0.923945	0.577879	1.269509
1.556232	3.469306	-0.419470	2.708343	0.200812	-2.731335	4.818033	-0.734920	7.908946	-3.858499	-2.072179	2.000415	-1.062179	-1.160514	-2.239190	3.379710	-3.250058	5.002392	5.566561	2.169727	2.088564	-1.099365	0.480116	0.548871	2.680421	-10.299319	-2.734016	-4.676872	0.291037	5.324485	7.755237	-0.586958	0.510733	-2.393686	2.351481	0.283553	-0.142273	3.286164	-0.881882	0.766519	1.635612	-7.656152	-2.844250	2.571179	1.779040	-0.661193	2.356696	3.933147	-2.628143	5.366715
-7.189728	-3.881251	6.046580	5.222005	-1.426737	-0.985953	1.600747	1.237728	-6.454103	-3.050079	-0.597689	1.715320	5.392950	-3.102170	4.959054	-4.083812	2.283497	5.133640	2.658808	1.649161	-1.696531	1.459181	-0.858238	-4.354854	4.138104	-9.381842	-1.022636	-1.964057	0.582212	-0.407364	-4.802462	2.567572	-0.543624	1.049657	2.670128	1.211980	2.057264	-1.868329	0.120775	3.577289	-0.950340	4.859584	1.744129	-4.695946	-1.069766	2.154004	-2.613425	-0.814569	-4.388550	1.737039
-3.208034	2.912902	2.992894	0.871625	-0.271579	0.524673	-0.440808	2.791301	1.920289	1.511569	0.970790	2.116907	1.506605	-0.902027	0.226455	1.182382	-5.381044	0.723561	-3.571890	3.359080	-1.300702	1.923261	-2.085751	-0.404752	0.681608	4.030284	1.138992	0.978993	0.468610	-1.656301	3.886931	0.835851	-0.565053	0.335554	0.654644	3.161284	-1.712727	2.872984	-1.446198	3.489854	0.657355	0.275854	2.871596	-1.299299	-0.110681	1.849813	-0.281180	0.766590	-3.836001	-3.574240
3.958815	-2.496033	0.158160	2.407794	-0.940144	-1.910673	0.358764	0.219263	0.286111	-0.795045	-0.457537	4.877536	-2.531953	1.190375	-0.305141	1.612832	-0.319567	3.917672	-5.741161	-2.130701	0.237367	2.411827	-2.207474	4.320427	0.195217	-7.227244	-1.275527	-0.899908	3.506441	1.432803	1.597272	0.612968	0.920465	-3.353301	0.276361	1.614396	0.490121	4.269723	-3.250738	-4.564348	-0.698734	2.104326	1.837523	8.616420	2.527884	0.613323	0.161806	-0.123010	0.252433	5.034964
5.436879	-7.853649	2.248974	-7.206217	-1.726083	0.417503	1.088693	-0.526933	-8.890947	1.505343	1.022091	-5.811189	3.071345	3.262576	1.707296	-3.515450	5.263201	-4.959807	-4.492040	2.380050	0.510212	-1.767064	-1.448542	1.021405	-2.881939	5.387899	0.364151	-0.603167	-2.326490	0.579271	1.023890	-1.050909	0.495864	1.722294	-6.253626	-1.566224	3.032784	4.514695	-2.644529	-6.650416	-2.994152	6.673058	-0.144112	1.470813	-1.290962	-0.642494	-0.690016	-1.060267	-3.613629	-0.021291
-3.925548	1.093780	-0.311932	4.678686	-0.814050	-0.735850	1.109602	1.497866	0.724574	1.662874	0.991930	-2.744556	-1.670741	-0.573079	0.789735	0.774860	2.353678	-0.219258	0.326511	3.401687	-0.831350	-0.188649	-0.307382	0.369948	2.761055	1.498649	0.967249	-1.559574	-2.271879	0.280089	-5.016313	0.620738	-0.847521	1.946702	1.083025	0.795030	1.328050	-0.914012	0.231204	2.020540	2.906495	0.794021	1.835611	-6.545594	-1.604876	2.736934	0.410246	0.914967	0.244419	-1.201274
9.125067	2.474548	-2.339135	-5.246656	-0.753418	0.078879	0.946795	-1.895374	1.048242	-0.158567	0.353322	0.272313	1.900398	1.881923	0.757735	0.671165	-3.309566	-0.387130	0.452130	-0.418609	-1.075128	1.320062	-2.746506	4.332889	-1.111036	3.544513	0.023904	-1.174173	1.022052	1.513880	7.719408	-0.711393	-0.399201	-2.781483	-2.842992	1.313886	-1.046791	6.027425	-2.285446	-2.855979	-1.182555	-3.423996	-0.825507	10.437257	-0.252119	0.476421	-1.668887	1.090913	-1.180075	2.164136
-4.141481	2.708197	1.933669	1.753690	-0.356123	2.382794	-5.214143	1.874574	0.062964	-4.101170	0.920585	-0.606523	-2.043013	0.508496	0.915689	-0.763205	-1.216194	-3.808337	-2.647416	1.166325	-0.634074	0.893599	-1.112238	-2.716507	-1.972451	-4.176943	2.324982	4.934919	-1.621676	-1.558363	2.692017	2.606153	-0.505725	1.993451	-1.175393	1.479163	0.425000	1.684485	0.128118	3.544299	-1.009642	-1.639114	2.198902	-6.170573	-3.307000	1.847650	-1.434833	0.081362	0.781577	1.239418
-0.268095	4.914054	2.264711	0.671251	-0.507051	-2.942567	4.915733	1.411840	4.975593	-1.087747	0.287237	1.309920	-0.191188	1.676768	-1.067246	3.427373	-3.735988	2.969689	0.105103	1.788969	-0.120168	-1.689468	2.810971	1.347843	-1.424143	0.750553	-1.955242	-0.980493	-1.229915	0.201109	2.880766	1.231179	0.263400	-0.684455	-1.399742	0.679870	-0.271502	-1.352263	-0.741949	1.333899	3.193675	-4.147302	0.870438	2.593108	-0.406000	1.656221	0.168109	0.568690	-3.617517	2.974104
-7.845960	-4.607929	-1.262964	-2.710826	3.154098	2.720616	-3.543610	-1.598170	-6.148134	3.261450	-1.165188	-4.255706	-0.818492	1.688190	1.126923	-3.006905	6.006795	-5.320747	-1.547365	-1.956394	0.966630	1.374858	-0.291063	-4.723078	-1.403833	4.783820	0.805316	1.555740	-1.716924	0.755759	-8.257092	0.672893	-2.275142	1.261198	-0.041506	-0.306469	-2.211012	-1.681906	1.108523	4.084765	-2.877836	6.008075	-2.132793	-10.485625	-4.177269	-2.050204	0.766278	-0.995314	2.516946	0.039866
1.237801	3.778336	-2.642342	4.808986	-0.923784	0.402766	-1.958611	-0.496744	0.737598	-3.982548	1.902865	2.116001	-0.836404	0.276690	-1.004909	-2.339975	-2.822080	4.218548	1.142441	-2.911570	-2.450694	0.061991	-0.603962	5.475634	-0.021038	-6.004455	-1.635400	-1.973936	3.547115	1.005956	4.049980	-0.818187	-0.504320	-1.435215	1.830136	-1.634988	-0.170231	0.035458	-1.860270	-2.470848	-1.362159	-6.397714	0.496364	2.816724	3.761728	-0.936358	-0.296315	1.038733	2.697796	3.954268
-3.469886	1.367423	0.290122	-1.251323	-1.450424	0.647524	0.203783	2.280298	-4.782555	3.099072	-1.114994	3.063448	-2.090058	2.857753	2.326050	-1.257269	-0.847115	-0.459752	3.849905	0.807537	-1.163795	2.006032	-3.506797	4.965092	0.862088	3.134544	0.744363	0.586886	-0.544567	-2.547017	-0.037335	-0.198475	-1.039202	0.482114	-2.150839	-2.196425	-0.820036	0.962412	-0.846777	-1.125576	2.068513	4.700487	-1.938369	-0.443530	-0.960424	0.937599	0.539127	-2.213688	0.546904	-1.150568
3.294983	3.359923	0.329588	-1.358449	-0.891528	-1.013749	0.879019	2.083027	-0.628815	-2.007842	-0.710882	0.531045	-1.458593	1.397653	1.207949	0.916673	-0.725907	2.681249	0.776903	-0.022895	-2.894245	-0.638605	1.087193	4.786419	2.492409	-4.075397	0.430465	0.063394	-2.188581	0.254013	3.230148	-0.205550	0.619323	-0.869966	-1.240779	-1.345384	-0.227229	-1.271936	0.864529	-2.336732	-1.736798	0.195974	-2.126952	1.055704	-0.473486	-0.219719	1.215581	-0.405525	0.335078	2.060740
-0.885666	-3.909689	0.351234	-0.983139	2.023566	-0.490423	5.743412	-2.584633	-3.534873	4.593871	-0.197016	-2.000855	-0.281581	-1.312113	-1.221200	2.587881	3.126327	-1.372042	-2.047591	0.209279	0.394337	-0.176725	3.320552	0.281381	-0.731467	2.285567	-0.731174	-1.889345	1.177216	1.297164	-5.058914	0.141323	0.843883	-0.740932	1.556494	-6.459799	-1.055211	-5.853470	0.421602	0.578734	3.268470	4.037766	1.135267	-1.089396	1.669692	0.268239	3.969707	-0.439801	-0.080877	-0.202446
-12.148468	-1.998775	3.962583	3.076362	-1.006662	-3.318250	2.672824	4.583957	-0.286385	0.893529	-0.122142	-3.405800	-2.425275	-0.017401	-1.127513	0.907873	-1.129540	0.404168	-0.249961	4.816767	-3.998498	-1.475063	4.246357	-1.514245	-0.906930	0.745668	-0.347924	-0.378758	-4.092042	-1.016666	-5.209787	1.813180	-0.889000	1.778675	1.102976	-1.607731	3.743960	-4.013372	0.660161	4.113874	-4.937396	3.737607	1.508121	-11.476671	-1.560216	2.235121	0.734892	-1.004981	-1.264927	-0.674026
0.772213	4.261248	1.849184	0.760137	-0.604989	1.142638	1.701323	3.523920	1.529909	-5.494836	0.257772	-2.209037	-1.854420	0.069040	-2.301793	0.093161	2.312946	0.884778	-0.244734	1.342520	-2.201547	-4.387960	5.350278	-1.400981	-0.530602	-3.061318	0.519965	-0.022033	-1.938496	-2.259815	-1.711084	0.766721	1.620107	-0.945818	-0.799380	-4.095126	2.314258	-5.614179	0.607462	-1.648945	-5.937233	-4.305721	2.063785	-0.443649	0.260738	2.614584	0.678743	0.437322	-2.637856	2.792317
4.049200	4.861958	-0.953775	-8.856896	0.927145	0.780409	-0.259764	-3.039160	1.311699	0.089992	-1.610116	-6.556310	0.773770	-2.243747	0.672066	0.162037	5.530489	-5.337622	-2.478797	1.100894	-1.130822	-1.031053	1.927884	-0.580452	-3.307844	9.520820	-0.484378	0.430267	-4.623966	3.450699	-5.797644	0.439853	1.150471	0.389408	-2.807610	-0.443445	-3.622059	-3.330926	3.234080	2.315196	2.645734	-2.747108	-1.134015	-5.044093	-4.880235	1.418686	-2.605007	-0.130376	2.660184	-0.922499
2.776406	-6.472122	-2.713948	-3.162663	0.230867	-0.327752	-1.260038	-2.915644	-0.194297	2.691009	1.040139	-2.597299	5.222329	-0.387928	1.650908	0.250006	3.240006	-2.537297	-0.731183	2.339148	1.730723	1.319054	-3.379467	-2.874056	3.029241	0.416418	-0.977199	-0.670997	-0.635511	2.934759	2.277226	-0.599071	-1.481183	0.301100	-1.792303	3.492713	0.404441	6.576383	-1.255085	-0.355844	-2.708781	4.227822	0.122182	1.302319	-2.180658	-1.051123	-1.742041	1.843890	-0.743612	-1.472984
-6.547228	6.458664	6.939733	6.574791	0.567162	2.633355	-0.075226	4.253671	2.486354	-4.802201	0.090167	3.788947	0.372914	1.942955	-0.401376	-0.631624	-9.118686	2.133138	-0.187798	4.226714	-2.240417	-0.684899	1.681253	-4.439564	0.009507	-8.827070	1.037472	2.833171	-1.544657	-4.821880	0.759684	4.252427	0.847936	0.923393	5.176287	0.457851	-0.285636	-4.186625	1.061383	3.871263	1.462276	-5.654864	1.672275	-2.131194	0.608333	4.891913	-0.763436	-1.339774	-4.504983	-0.077637
-1.692689	0.634274	-1.474792	-0.694631	-1.103735	-0.512148	-4.621473	-0.359989	4.374497	2.050661	-0.635877	4.943331	-4.023168	1.393520	-2.248010	2.833812	-7.272194	0.658125	4.717683	0.572888	-0.478811	-0.232141	-1.798056	5.663806	-0.438007	3.979914	0.010709	0.729563	-0.896778	-1.258617	8.207067	-0.629762	-0.874720	-1.092259	-0.722523	-1.665807	0.522513	3.397972	-3.169609	1.058637	-2.110428	-4.641143	-1.031202	-0.458371	-1.455930	-0.170141	1.976775	-1.100396	4.495021	-1.342291
-3.694190	-7.549239	-0.909067	-3.856826	-1.230890	-2.793715	0.079487	0.505667	-6.148518	10.594453	0.359778	-6.068912	0.276055	3.079095	-0.171271	1.553425	3.276410	-11.217118	-8.046706	1.649945	-0.177061	2.492093	-1.280303	1.076284	-3.107287	14.747038	-0.626211	1.756361	0.668209	-0.681178	-6.644365	-2.663257	-0.410218	2.893153	-3.619547	0.030699	0.710606	-1.986882	0.144822	0.238060	-3.802671	10.612107	0.180789	-9.108728	-2.426790	-0.884577	-0.076824	0.824253	0.261946	-0.346166
4.810429	-4.079052	-4.435373	1.151864	-0.206248	1.444611	-6.153688	-3.166326	-4.348950	1.256706	-0.596180	3.639144	-2.202896	0.340967	0.891611	-2.209712	-2.002566	-0.343571	1.171818	-1.058153	0.698555	3.749620	-3.623839	1.543078	0.146681	4.097570	1.709932	3.288117	-0.321007	-1.066488	1.521916	-2.601151	0.194164	-1.533553	1.378923	0.649305	-0.815650	1.668574	0.637915	1.246655	-3.273551	4.077442	0.772726	5.127145	-0.236614	0.335030	-0.517422	-1.638873	3.903745	-3.453574
6.982850	4.832410	-2.030244	-4.235833	4.546861	1.934556	0.299222	-3.285218	3.102881	0.476947	0.048531	-0.792594	-0.862507	-0.166584	1.358179	0.504680	0.824714	1.725328	-1.714791	-1.488944	0.445711	1.652291	-0.537913	2.239598	4.591713	3.155055	1.303356	-1.286342	2.573780	3.799960	1.093843	-1.123222	1.758956	0.463919	-0.265845	-1.562305	-4.446244	0.787061	-1.594043	-4.488971	-1.586176	-4.164250	1.623741	8.566325	3.653816	1.353628	1.372620	0.566593	0.163673	-0.432390
1.326763	1.178656	0.564683	3.600292	-0.715081	-0.258257	-0.142537	0.532108	-0.869795	-0.882109	1.275651	3.357795	-0.514429	-0.841523	1.355736	-2.155988	0.462760	4.372822	-1.342397	2.221621	-1.096047	-0.630529	-0.883964	-1.971642	2.379725	-2.303827	-0.203620	-1.788148	-3.027511	-2.208910	-0.656832	0.442418	0.176031	0.142494	3.059780	0.425198	-0.061446	0.087407	1.525632	-0.794404	-0.124446	-1.033569	2.295893	1.996262	-0.263820	1.558234	0.795426	0.228761	-1.160261	-0.997155
0.717161	-7.754679	-3.740175	-1.054098	-0.444879	-0.049216	-5.367595	-2.355297	-7.402391	1.179834	-2.420602	0.997941	-0.976369	-1.828232	2.561075	-5.611183	1.889218	0.486023	3.188875	-1.021554	2.075561	0.252386	-2.776301	-0.799510	0.471490	0.209764	0.657363	-1.726671	-2.429069	1.005143	-0.887268	-1.981867	1.417078	-2.541833	-0.734392	0.613766	1.901741	1.332197	0.810832	1.458577	-4.197028	5.950528	-4.555349	0.375444	-0.386062	-3.922498	-1.919853	-2.316868	4.479216	1.689431
-2.355152	0.623683	-0.838279	-2.534381	3.107229	0.920273	-2.484309	0.726671	-1.703831	3.285157	-0.240959	-3.322410	1.632568	0.242611	0.390696	2.543797	5.180250	-3.708358	-2.551599	-0.243164	0.296266	0.037637	1.819985	-5.587032	-0.035003	7.308089	0.276308	0.534889	-0.153725	-1.074896	-6.662262	-0.666134	0.218623	2.527142	1.528911	-0.520223	-2.144514	-1.741038	0.258089	1.215051	1.691477	3.286813	-0.063814	-6.182184	-1.095101	0.803109	-0.338751	0.712415	2.017295	-2.697892
0.485010	1.023346	4.095527	-0.228248	0.177260	1.857784	0.588938	-0.854370	2.902392	-6.885271	0.214871	-2.321883	5.062975	1.538657	3.342608	-0.283552	2.761089	2.475338	-1.126997	1.888403	1.379270	-1.997992	1.789843	-4.328001	3.287709	-12.742941	-0.135605	-2.275290	-2.122426	2.017300	1.611204	1.013146	0.781025	0.226122	1.786274	3.083347	0.091478	1.772191	0.490548	-0.084007	0.256072	-2.808922	-1.410728	-1.137575	-0.641115	-0.105709	-1.914007	-0.375703	-3.093220	2.682245
1.169091	-2.275627	-1.265169	-0.965060	-0.489284	-0.989240	0.762742	-0.970661	-2.131502	-1.390613	-0.362052	1.083464	2.120042	-2.214102	1.329238	-2.394657	-0.558821	1.209279	2.649191	1.802048	2.000390	0.503109	-1.667380	0.549562	0.165916	-3.323056	0.540609	-1.900503	2.474861	-0.039446	1.528488	-2.256191	1.765592	0.952808	-0.567380	1.497142	-0.037969	-0.336089	0.075558	-1.058287	-1.395473	2.819842	-1.326797	3.025592	2.298363	-1.796916	-1.596021	1.360962	-0.579022	3.597599
-1.494308	-7.163068	-2.531540	4.690150	1.689744	-3.632863	-0.383588	-2.483711	-3.978121	3.237004	3.688216	-3.911697	2.154875	1.050639	2.981815	-1.347293	5.131586	-0.266023	1.812550	0.759130	0.882907	-0.369698	-0.030851	-5.546576	0.978080	0.077497	-0.755953	-0.884814	0.606436	0.808474	-4.004105	-1.799621	-0.449078	-0.728689	-0.074320	1.766405	2.451121	2.506983	-0.118519	3.405620	-0.384571	4.783654	1.364657	-3.116777	-1.521034	-2.255810	-1.655824	0.540811	-0.476735	0.020237
-0.699084	1.321177	0.844400	-5.540610	1.211283	-0.453184	2.246787	-1.011113	-2.165180	3.434399	1.328809	-2.614777	1.884091	-1.397118	-0.659403	1.061011	1.161996	-1.855023	-2.005754	2.863471	0.949001	1.688269	-0.131636	-0.522131	-2.565479	6.896022	-0.809279	1.430290	-0.043300	-0.517904	0.725686	0.046918	-0.252517	0.284114	-1.332483	-1.705445	-1.991605	-1.250679	1.037837	-2.395434	4.007066	1.458121	2.218006	0.357422	-0.715695	-0.261193	0.928801	0.675172	-3.115822	-2.365055
-2.822438	1.203466	-1.089842	-1.590231	2.126747	0.360328	6.934298	-1.112802	3.753740	6.472914	1.401207	-6.187405	0.805074	0.918357	-2.825598	5.319522	1.875309	-8.375817	-6.227197	1.164699	0.168040	-3.381843	3.135697	0.970686	-2.498272	14.658097	0.461444	2.238689	-1.010969	0.930549	-2.932645	-1.124961	-1.583526	0.446190	-2.718269	-2.577718	-2.458196	-1.787008	0.235297	2.685154	0.990364	-3.907428	1.213643	-7.809711	-4.531801	-1.480748	4.710415	1.399196	-4.889116	-2.981808
0.015979	-1.214568	-0.873605	-5.012769	0.506210	-1.395051	-2.840554	-4.151502	0.007897	6.266984	2.308713	-3.423389	1.262858	1.090887	-0.930584	3.176475	2.706394	-2.870931	-3.781016	1.841783	1.947336	0.368026	1.101535	-4.552279	-1.149713	10.115500	0.387466	1.504987	-2.713043	5.005673	-4.799340	-0.758219	-2.182715	-0.516660	-1.939332	-1.156771	-4.976562	-1.765111	0.920666	3.641477	2.248049	4.788419	3.793273	-5.700032	-5.690413	0.815667	-0.093239	-1.175468	1.080991	-0.245284
3.867063	3.005903	1.414920	4.734426	-0.480724	-0.150365	3.701640	0.226196	2.234491	-3.303719	3.191827	0.390931	2.304267	-1.155369	0.582551	0.645672	-1.455727	0.127650	-4.549601	4.803206	-1.115084	0.277790	-0.575647	1.161880	1.445446	-8.168257	-0.954742	2.944548	0.097508	0.550307	-0.784874	1.186703	-0.658481	-0.652278	0.000770	-1.047957	0.659921	-3.343103	-0.963699	0.709785	-0.733185	-4.515965	3.487196	7.391038	-1.629835	1.334009	-0.421744	2.863533	-4.444790	3.609649
2.886364	2.587621	0.727858	0.007897	-0.277217	-0.358227	0.352297	1.495447	-2.633270	-2.225807	1.892136	6.245629	-3.303073	0.472862	0.949579	-1.089136	-3.573633	4.830908	-1.039497	-2.250620	-1.847929	1.972428	-2.010210	6.362055	0.608877	-3.821443	-0.105996	0.886850	3.149967	-2.346063	6.069279	-0.626830	-1.130700	-1.690933	-1.008858	-1.931704	-0.206812	-0.413685	-2.690233	-4.566895	1.067860	-0.821091	1.762161	6.318897	3.433851	-0.307235	-0.226270	0.377555	1.122320	2.796361
-4.852317	0.969566	3.020900	3.291599	1.677935	1.959732	1.173228	3.311935	-1.171713	-2.151538	1.117705	-2.344615	-0.307535	2.967114	-0.354927	0.486935	2.439953	-0.800884	-1.037322	1.152425	-1.120457	-0.737053	2.061187	-6.070036	1.212243	-5.196186	-0.341899	0.608366	0.689091	-2.336711	-1.305509	1.484690	1.713971	-0.211922	3.118678	-3.774662	-0.008810	-1.937865	-0.931399	2.679090	1.727558	1.839884	3.423333	-5.120160	-0.531763	2.936219	1.885021	0.440374	-1.378920	-0.832197
3.343986	2.525693	-1.896210	-0.983115	2.038521	1.752080	-1.388766	-0.102116	4.185688	-3.126598	-0.480437	-3.093846	0.202727	1.942267	-1.379507	0.194043	-0.999033	-2.772511	1.912544	-0.814122	-1.434050	-1.838606	1.435242	1.948270	-1.760827	-2.047609	0.251847	0.434841	-0.963765	0.667600	-1.663366	-1.271054	-1.015321	0.669590	-3.489092	1.975170	-0.530352	-0.680364	0.551702	-3.928747	-4.039866	-4.774693	-2.340607	0.686228	-1.393464	-1.138674	-0.089927	1.867877	1.561848	2.775453
3.009606	-2.188746	-0.665085	1.154992	-0.523708	-2.287932	-0.461351	-2.427421	2.885898	2.003779	-2.357430	2.867335	-0.122818	3.445664	-1.442987	2.126628	-2.914604	1.342422	2.056995	0.579404	1.476411	1.083850	-1.155793	7.474803	-3.570144	3.249914	-1.198983	-0.109301	-1.210979	2.809533	2.082021	-1.701072	-0.290971	-2.638642	-3.146712	2.764820	1.315645	1.065720	0.523681	-4.191469	0.447354	-0.325615	-4.438634	6.321000	1.230946	-3.182480	-0.852053	0.430414	0.833644	1.315972
0.281135	3.997697	0.655137	-2.798444	-0.929169	-2.228572	1.845493	1.230869	1.383267	2.484089	-0.148390	0.488340	1.639036	1.370590	-0.233706	0.056657	-0.303859	-0.900711	0.434392	2.039148	-0.216877	-0.613933	0.711488	0.641286	-2.089899	8.168583	0.357538	1.229872	0.305080	-0.086705	2.842567	-1.147126	0.517761	2.224749	-2.013934	-0.212620	0.246852	1.837634	-1.165298	0.115209	2.171433	-1.950975	-2.072808	2.420380	-0.810230	-1.124716	-0.473404	-0.283189	-3.819430	-2.995207
-4.701431	4.056123	4.258548	5.243541	-3.673252	-0.529435	5.290273	3.778166	1.080093	-0.243368	0.357297	0.184712	2.556591	-0.465420	-0.573439	-1.021669	-0.721801	-0.452748	-2.647717	3.941365	-3.653167	-2.659214	1.421100	-1.382399	0.314415	1.119026	0.225036	0.399273	-2.525267	-2.485405	-3.112365	1.478897	-0.357767	1.565878	0.909333	-1.918986	3.041465	-4.272778	1.106941	3.969626	1.961721	-4.263695	2.664454	-1.205221	-1.285418	0.472421	0.658759	1.056086	-5.325996	-2.622246
-4.786038	-0.897773	0.325088	-1.829329	1.292521	1.219150	-1.030312	1.556586	1.364285	1.452438	1.356971	-5.073288	2.222702	3.022609	0.163166	-1.761889	3.403299	-5.766014	-2.546447	2.131803	-0.900507	-0.705174	1.149105	-5.470591	0.678332	1.380052	2.263193	2.753322	1.311727	-1.114140	-4.622963	-0.786422	-0.381223	4.553380	-1.132047	0.268944	1.397716	-0.550540	-0.290333	2.842300	-1.474247	2.242182	3.757744	-10.067803	-3.893269	2.409308	-0.109567	-0.391865	-2.294967	-1.530193
2.734838	-0.589049	-2.195913	0.682311	1.886432	1.270625	1.101830	-1.815735	-2.547928	0.674403	-0.602146	0.327275	0.837663	-0.619343	1.344265	1.451000	3.907201	2.348676	2.470942	-3.077935	-0.775288	2.547798	-1.799774	-0.954262	0.431367	2.994378	-0.417452	-1.109205	3.207153	1.160977	-4.051685	-0.237061	0.300391	-0.473301	1.973117	-1.201138	-2.137359	-0.475831	-0.486435	-1.332581	2.856847	2.217885	0.629088	2.700003	2.225367	-0.345202	1.509672	0.925089	0.061922	-0.899535
-0.346885	-6.045436	0.297916	-1.360575	-0.104299	-0.653543	0.184903	-1.598245	-1.202408	4.051315	-0.984572	-3.645902	-1.061014	-0.729661	-1.714367	3.268202	0.676816	-2.617433	-2.149729	-1.084618	0.659690	-0.067607	3.019181	-0.499065	-3.633280	6.837349	-0.937289	-0.553297	0.415249	1.428579	-6.624882	-1.926606	-0.146682	0.273103	0.268355	-0.051832	-0.313752	-3.293592	2.031834	-0.621127	-0.040540	6.494876	-2.351209	-3.734981	-0.638806	-4.018990	0.611874	-2.148312	1.645679	-3.156717
7.635380	0.262551	2.163715	-4.064756	-0.034018	0.632113	2.636968	-3.232064	0.586020	0.174442	-1.111065	-0.797307	1.668799	1.354415	0.821628	-0.447194	1.382267	-0.567489	-3.174291	-1.175661	0.821883	-0.038897	-2.112312	1.975554	0.872357	1.768506	-1.298952	-3.448657	-0.258051	1.587150	4.926922	-1.942295	-0.629095	-1.361371	-2.375159	0.542177	-2.492219	5.581026	-2.906952	-3.454821	2.027678	-1.712575	-0.970054	5.766460	-0.064329	-0.113301	-0.463293	-1.867449	-0.122699	2.363965
0.963633	3.167793	-0.257031	1.491259	-0.633439	-3.555752	0.533501	0.190070	2.566803	-1.916375	1.291641	-0.347655	-3.950402	-1.174121	-1.243205	1.288000	-1.888926	2.679751	1.758584	-1.512314	1.585814	-0.381300	0.534166	3.030543	0.077843	-3.506422	-1.977131	-1.820777	-0.738704	-0.887822	3.530839	0.259165	-0.203511	-2.968427	-1.321079	-2.331272	-0.394697	-1.324752	-1.189172	2.219855	-0.279025	-3.493817	2.188255	0.896421	-1.154963	0.831388	-0.176515	-0.133377	2.272128	4.459731
6.497643	-3.925521	0.453984	2.938739	-1.447944	-1.678327	-0.191146	-1.313223	1.540087	3.223173	-0.847608	-3.346299	2.293179	-2.785003	1.482650	3.048594	3.162683	-3.470553	-2.607113	0.015743	0.840805	-1.801295	1.246650	-3.713852	0.671945	-1.438654	-0.213831	-2.613829	0.846986	1.628462	-3.093903	-1.519285	1.863341	0.967210	2.235113	-0.225913	2.227943	1.431118	-1.705966	-2.763324	-2.393455	1.856092	-1.650582	4.381456	3.001550	-2.553984	-0.639459	1.804606	-0.985205	0.773073
2.831283	0.925300	0.994532	-6.518341	1.484105	1.178696	2.345708	-0.439467	2.968915	1.161689	0.551521	-4.975228	3.608229	-0.246446	-2.096437	-1.460609	2.236074	-4.293445	-2.942647	1.409164	-0.314133	-1.257423	-1.239365	0.615657	-3.598474	13.278115	-1.767941	1.211866	-1.841406	-0.182541	1.239737	0.475786	-0.873347	-0.122159	-6.872978	4.085282	-1.496836	3.892132	1.323387	-3.521956	0.435382	-0.980530	-1.010820	-1.123872	-4.534629	-2.437410	-1.529192	0.574223	-2.417285	-0.605644
4.458480	4.349297	1.609206	-1.544089	0.174331	-2.972904	2.111903	0.349699	0.950816	1.641615	0.200271	0.706312	4.133007	-0.100598	3.741999	-0.864685	-0.434617	1.930930	-0.364628	1.278633	-0.236804	1.769828	-2.085884	-0.810148	3.825969	-1.798355	0.556136	-1.940945	-0.429165	1.112677	2.209901	2.184391	1.367371	3.780501	0.504012	1.878218	-2.327360	1.993807	2.073080	0.313474	1.515968	-1.602321	1.455895	6.777501	1.684444	-0.120031	-2.852238	2.214301	-2.550092	-0.704892
1.566475	2.356983	-0.254272	-3.976701	-0.848980	0.240643	-3.319335	2.567779	-0.509965	0.124741	-1.630858	1.349744	1.057552	1.498767	-0.616180	-1.869177	-1.546060	-1.452241	2.157646	1.215228	-1.997888	-0.556481	-0.584711	5.175034	-2.562246	5.422963	1.882576	3.255616	-0.781236	-1.714444	1.232656	-0.693429	-0.194044	1.340571	-3.840183	1.923322	0.280571	0.920973	1.094997	0.871217	-1.518720	-1.907165	-0.571174	0.449749	-1.935299	-0.234506	-1.957691	0.966379	-0.145932	-0.151584
2.031910	3.219689	4.490651	3.962002	0.068037	2.318755	-1.057358	3.392691	0.972950	-7.847666	-0.117298	3.422896	3.730059	2.746129	1.602768	-1.927529	-2.838061	5.688368	1.080513	3.243951	-0.278014	-1.888140	0.641463	-4.339284	2.452834	-12.556021	0.118077	-0.959330	0.997848	-5.592504	6.710989	1.348270	-0.106268	2.226559	3.418600	1.494061	2.646749	1.888336	-1.499624	-2.611782	0.412287	-3.439703	-0.342050	5.199689	5.404792	-0.310579	-1.797095	-1.631929	-4.161336	-0.969884
4.542982	1.854380	0.244680	4.218208	-0.718784	-0.478676	0.525430	0.702129	-1.082140	-1.420879	0.788382	0.092086	2.686894	1.174289	0.720834	-3.118157	2.225567	0.770642	0.593294	0.847538	-1.172256	-1.333397	-0.547478	-4.689743	-0.946750	-0.797306	1.334359	0.062189	1.212531	-0.410185	-2.055447	0.792446	0.725693	0.124521	0.450770	0.990217	1.413199	0.619842	0.278352	-1.418743	-3.244356	-3.879917	-1.247724	6.140458	2.294164	-2.282010	-0.704344	2.149077	-3.361209	-0.098246
0.245229	2.471796	0.392649	-7.908068	0.747302	-1.626662	1.912683	1.243275	-0.828931	5.262426	0.045070	-3.919080	-3.499323	5.595844	-5.704163	-2.909117	-1.515262	-6.742204	-4.681905	-0.411350	-0.170731	-0.456955	-2.286468	7.819698	-5.979170	19.781563	0.088611	1.239765	-1.523799	-2.274892	4.710864	-0.929505	-0.830492	-1.045786	-8.327514	-0.280113	-2.766007	2.395328	0.801998	-1.221041	2.539182	0.123700	1.138206	-5.750750	-6.611265	2.387914	2.544191	-0.128718	2.242168	-0.812289
-2.095009	-3.249724	-2.648947	-9.256413	-1.375857	-0.511563	2.155956	-0.382106	-3.465139	4.434862	-1.389830	-4.829108	-1.463757	-0.425010	-1.079417	1.239688	3.769955	-8.114620	-0.979623	0.180820	-0.540695	-0.520332	0.192348	3.492051	-2.747143	10.646306	-0.007548	0.925379	-2.117508	-2.547976	-2.413446	-2.997565	0.055753	-0.085919	-5.769809	-0.871783	-0.342201	-1.808190	0.165437	0.099885	-1.202401	6.178473	1.549911	-6.116449	-5.389108	2.033603	0.068033	-0.957050	2.258531	-1.300713
4.284863	1.132998	2.070984	2.717034	-0.220156	1.229739	0.046411	0.449362	-1.328184	0.057114	1.996829	-3.638168	-0.019372	2.208469	-1.680450	0.049725	-1.102066	-2.246645	-5.921379	3.457876	0.858302	-1.577476	1.546191	-1.905346	-3.409447	3.298207	0.488455	0.846820	-2.479676	0.072014	1.036938	-1.166040	0.269444	0.466353	-1.261622	1.663282	1.331585	1.851227	-0.536768	-4.131942	-2.943910	-0.199685	1.345003	3.007394	-0.990972	-1.124434	-0.423764	1.256866	-2.089320	-3.028427
-1.691441	-0.113969	0.720255	4.684067	-0.185440	-0.930458	1.616580	-0.060321	-0.009290	-0.913991	-0.074030	5.023402	-0.140995	0.009193	-2.359350	-0.748780	-3.430434	3.209408	4.273638	2.290300	0.155396	0.031119	-1.330618	0.006054	-1.531302	-2.970792	0.573948	2.026239	1.130358	0.591188	4.780324	0.549072	-2.099409	-1.913921	1.596909	-2.588183	0.209199	0.832801	-1.086888	3.201077	2.859308	-3.636332	-0.741227	5.059453	1.555436	-0.678674	1.559740	0.942069	-2.940608	0.640858
7.231041	-3.136659	-6.632686	-2.609708	2.411129	-1.741796	-3.775808	-6.323558	-0.249398	2.235296	0.514392	0.942313	-1.023229	-2.803408	0.734856	-0.196197	-2.178896	-1.067270	1.070017	-3.726413	1.970847	3.509116	-3.029711	7.690899	1.099780	4.580859	-2.648456	-0.440142	2.088590	4.722557	4.366919	-3.845042	-0.352217	-1.158567	-5.595337	1.452684	-2.621184	1.362442	1.124522	-3.092087	0.132633	-0.897899	-1.774397	4.634572	0.273354	-2.591664	-0.151594	-0.654929	6.985224	2.082800
0.468361	-3.633907	2.142810	0.045976	1.021376	-0.891658	1.461266	-1.094922	-0.517433	2.165996	0.273518	-5.527673	1.397235	-4.025621	-2.759328	0.450534	3.189865	-4.107757	-3.577644	-1.146854	0.713361	-2.525924	1.635410	-2.780830	-3.362726	1.202779	0.483856	-0.133439	-0.412132	1.460266	-1.703531	-0.114851	-0.092216	2.114965	-1.138910	0.053450	1.656569	0.967498	1.441909	-0.757551	-6.249817	2.057805	1.213275	-4.260375	-0.963998	-0.742304	0.420140	0.100919	-1.438275	-0.483571
1.255937	-3.198580	0.808639	-0.976029	-1.854610	-0.620206	3.866721	-0.486027	1.149578	2.560599	-1.842918	3.842467	-0.479736	-2.167239	-1.513702	3.594648	-3.026912	3.003052	-0.829894	-1.222722	0.435764	1.230387	0.793409	8.051617	-2.123208	3.145676	-1.447066	-1.084604	2.059083	1.911854	-0.966723	-0.683067	-0.305948	-1.722041	-0.109339	-1.221760	0.711313	-2.832207	-0.539979	-3.419640	-2.709625	2.566365	-3.327747	5.314665	3.329624	-1.924231	2.067645	-2.419983	0.537819	-1.047700
1.051121	4.330638	3.540826	1.909014	-0.589952	1.899204	0.131207	2.791402	6.325560	-4.832065	-0.155927	1.309492	0.009728	4.622513	1.572242	5.087343	-0.361294	1.769789	0.923046	-0.315362	-1.051567	-5.124892	3.574329	-1.531156	1.781680	-6.334027	-1.398827	1.318454	-0.104491	-3.669244	3.230286	1.509737	-1.920968	-0.468310	-1.004920	2.113759	2.551248	2.760224	-0.703303	-2.926764	-2.663119	-3.054382	-0.871423	1.252196	-0.018775	-2.153610	-0.032285	-1.305352	-1.747848	0.317866
-0.685757	0.730862	3.776949	-4.458337	0.675429	-1.421986	-0.036493	1.010337	0.895406	2.090713	-1.164589	-1.014903	-0.157471	2.153459	-1.038940	2.399641	-0.886275	-0.335393	-2.419507	-0.726498	-0.258126	-2.360876	0.275807	-1.740788	0.339773	4.191676	0.065890	-0.690821	0.549919	-0.546815	1.295024	1.865917	-0.223071	0.470102	-0.992067	0.141336	-0.912774	1.722067	-2.265045	-0.938105	-2.130144	1.924071	-2.270358	-0.293604	0.100450	0.253413	0.025399	-2.155295	-1.449147	-2.537363
-0.584587	6.941391	3.606674	8.139203	1.177256	0.676714	-0.918763	2.435016	-2.063705	-5.267384	3.134149	3.200851	3.375842	-1.231386	3.892863	-5.297932	0.249022	8.855376	0.901759	0.182072	0.720280	1.691699	-1.751701	-7.988952	5.037576	-12.971760	0.660353	-2.264005	3.638611	-4.067624	0.383884	2.035056	-0.288339	0.659336	7.143431	0.423995	-1.138223	1.758733	-1.502694	1.482965	-0.746928	-2.936517	3.348823	2.194609	4.360608	-0.300892	-1.579396	1.913912	-3.341611	2.317584
-5.647019	2.225289	0.628180	1.768455	0.745771	0.872145	-0.880819	-0.192795	0.957283	-0.716550	2.922625	-2.100226	-0.988650	-0.003809	-1.250965	-2.082594	-2.184781	-1.207566	-2.223923	-1.271714	-0.489084	1.486279	-1.756251	-1.712525	0.337758	-0.304626	-0.056810	2.297545	0.452200	-0.563438	5.173763	0.323790	-0.604858	1.741234	0.634797	1.626462	-0.769129	2.902955	-0.032317	1.468748	2.091759	0.084514	0.901869	-6.336083	-0.231641	-0.502157	0.730688	0.441611	0.197456	-1.037108
-3.612459	-1.695929	-2.393663	-3.325595	0.435138	1.507130	-2.954338	-0.928989	-2.683321	2.481819	-0.710131	-0.825778	-3.305171	-0.920074	-2.035478	-2.094157	-1.040537	-4.620497	-1.935629	-2.970352	1.014794	1.465605	-2.001423	0.307375	-3.203190	6.949401	-0.395506	2.034382	-1.385898	-0.037164	-0.839117	-1.070911	-1.538805	1.991961	-1.714209	0.853163	0.683931	-0.188155	0.364872	-1.054633	0.379540	1.940944	-0.309743	-4.589282	-1.737123	-0.847145	1.099939	-0.956205	4.744100	-0.018512
3.324066	2.368000	-0.603363	2.571711	-1.401505	-0.104672	-1.796616	1.395768	2.587487	-0.397614	-1.637090	2.362231	-1.829167	2.694024	-0.059145	1.551477	0.972704	0.355638	3.686364	-0.015743	-0.895840	-2.328898	1.516998	-2.752900	0.799142	-0.289322	-0.039423	-0.819111	-2.677007	-1.425554	-5.159547	0.417974	0.496144	0.054247	2.187388	2.903641	-0.286747	-1.630280	-0.672128	1.871872	-0.036989	-1.522607	-2.912537	4.483385	-1.840700	-2.247410	-0.947818	-1.340736	0.347887	-1.703297
-2.365512	-6.030606	-2.108865	-2.892786	2.725260	-1.061543	-0.864731	-2.195650	-1.386114	3.873928	0.824994	-3.331276	-0.070198	-0.945123	-0.229872	2.681763	5.562981	-2.003169	0.150474	-2.839708	1.256330	-0.504756	1.914115	-0.635598	-1.295766	5.484732	-0.111404	1.025262	0.354774	1.673590	-8.456189	-0.568025	-1.306146	-0.095277	-0.991441	-0.687452	-0.371669	-3.182429	1.223813	1.736342	1.633520	6.922843	0.364688	-7.376828	-3.150354	-1.937130	-0.158950	-1.983882	3.793385	0.329156
-3.539572	-1.373483	0.119169	3.020549	0.168642	0.497073	-5.104627	1.427082	-2.465355	0.841520	1.278400	2.268215	-0.771704	0.898934	3.812441	-0.356308	2.654894	2.243190	-0.575836	-3.481390	-0.712494	1.698539	-0.024028	-6.269494	3.929136	-2.932442	2.202019	2.354318	1.486759	-1.668189	-5.576277	0.971128	0.074877	2.739560	3.975997	-0.723116	-0.770190	-2.443416	0.432927	0.812206	-0.722323	3.058967	3.571116	-1.802587	1.388892	-0.371097	0.276200	-0.243502	2.210452	-1.815800
-2.364595	0.346962	0.519620	-2.852111	1.258612	1.079008	-2.494422	-1.458363	1.026589	-2.732477	-0.320713	0.873962	2.821949	-1.155535	1.428060	0.698010	1.266103	-0.109945	1.880731	1.100330	0.521331	-1.058385	-0.570706	-4.365764	3.056720	-11.322931	1.739609	0.578848	-2.764071	-0.863048	2.449721	0.878928	-0.390827	0.041690	1.274096	1.148711	-2.703274	1.640966	-0.590008	7.870569	0.909535	-1.260984	-1.187380	-4.342941	-3.333122	-1.394922	-0.443956	0.953257	-0.865596	4.488924
0.525769	4.748996	2.710187	5.525848	-1.654394	-1.577805	0.514305	1.261790	0.422160	-1.676758	1.959107	4.912265	2.011387	-1.046624	-0.172041	0.751159	-0.906056	5.634515	-0.298655	-2.868568	0.934426	1.067035	-0.930613	-0.866389	2.182557	-5.346682	-0.434331	-0.738187	4.715582	1.648921	-0.684109	0.243369	0.658612	0.924094	5.819617	-2.748515	-1.468006	-3.046875	-0.232768	-0.971425	-0.361991	-3.505354	3.811297	8.103754	5.848340	0.617397	1.423699	0.943587	-0.451300	0.440530
-3.425985	1.765985	0.513941	3.774991	-3.232943	0.919605	0.101453	0.478477	0.549769	-4.698421	-1.673773	6.669190	3.117702	-3.268220	2.338691	-4.968924	-1.715663	3.535545	5.070958	0.062423	-0.598058	-1.214096	-2.208121	5.214182	3.896661	-9.150100	-0.620367	-0.050924	1.837404	-0.830798	1.996954	-0.696983	0.669985	1.965815	2.603926	1.457729	2.719544	2.054270	-0.041269	3.716179	-1.020516	-4.370048	-2.033183	1.492905	1.533599	-2.816493	-0.725567	-0.531830	-1.099878	-1.275942
-3.130965	1.798153	0.267980	0.588473	-0.176210	-2.275040	1.638934	0.686628	2.171182	3.149546	0.028041	-0.905350	-0.848156	2.031638	-1.314342	0.969087	-1.786720	-1.667364	-2.285553	1.371559	-0.136243	-0.424844	0.267045	0.477094	2.131215	-1.730621	-0.344412	1.395573	-0.784961	1.892031	1.147225	0.458703	-1.632202	1.231763	-0.735066	0.178380	1.290909	1.681515	0.003287	0.316064	-1.846370	-0.342756	-1.754581	-2.503180	-2.951546	-3.040526	0.889699	1.929801	0.493377	-0.838683
