X50	X24	X31	X27	X18	X29	X48	X40	X21	X43	X19	X8	X28	X15	X33	X23	X39	X17	X49	X10	X26	X6	X36	X11	X46	X1	X41	X38	X13	X34	X25	X42	X7	X16	X12	X47	X20	X14	X37	X35	X22	X44	X5	X3	X45	X30	X4	X2	X32	X9
-4.787312	-0.507278	0.615135	-0.578160	-2.436849	-2.010233	4.120166	-3.012658	-1.671442	-3.600349	-2.483615	-0.257622	-1.878249	-0.119300	1.093654	0.173475	-2.925608	-0.922598	-1.339554	0.908047	-1.627535	1.601112	-0.877341	2.884372	-0.713232	0.866801	-0.835564	-4.272421	2.682149	2.991770	-0.765922	-0.634542	0.110446	0.968175	2.866339	2.237491	-1.537714	1.252981	1.572464	-1.434283	-2.303185	1.824901	0.147765	2.637403	0.136336	-4.650971	-0.101662	-0.263205	0.338585	1.076166
-0.308490	-6.917432	1.701531	0.162624	0.584472	0.347501	4.097688	-0.739021	1.432216	2.155580	-1.953675	-1.462944	-1.277465	-1.142753	-1.998169	-0.130047	-2.938084	-0.007835	8.622788	1.648199	-3.360716	1.848435	0.949227	3.445823	1.704611	0.899397	-1.814324	-0.399704	-1.938806	2.349868	2.494558	7.411552	1.310038	-2.052447	1.315521	4.559981	0.680671	-0.074436	-0.461807	-0.625894	-0.335580	-0.348437	1.934468	-0.953698	6.276825	-5.555931	0.399914	1.329699	-0.029506	0.078653
17.478168	3.154938	-0.750320	2.815668	0.070526	1.070510	-0.688349	2.746191	2.973691	3.037709	0.346527	2.394245	0.797851	2.909004	0.422309	0.966255	1.343106	-0.001917	-2.799973	-1.079358	-0.005872	-2.698205	-2.348264	2.332264	12.205145	1.298322	0.754616	2.566195	-1.507536	4.537502	-4.183448	-0.234796	0.746438	0.332938	-2.930994	2.492643	4.062874	2.941676	-2.534934	-5.766464	3.916064	0.762466	-0.408158	2.298262	-0.417039	-1.112152	-1.432023	1.159448	-0.292393	1.243107
18.703738	-0.603133	0.963748	9.360961	0.212207	1.994603	-2.971423	-1.855816	2.551291	5.259615	-0.343362	-0.727770	-4.391069	1.299075	-0.034273	-1.197572	-0.176061	0.351815	6.167614	1.194112	0.666273	2.177959	1.452307	2.466231	21.168055	-1.424015	3.375640	2.095635	-5.087488	3.720448	1.169826	2.181136	2.211063	1.143333	1.392260	8.933378	6.402867	3.551845	0.032938	-8.449099	-0.266497	0.620692	-1.403162	-0.876176	-0.757777	1.600177	1.044508	0.195148	3.411430	6.233271
-4.800283	-0.965823	0.011506	-4.130613	0.575647	1.131511	3.265332	-2.021523	-2.423267	-0.192139	-0.023846	-1.123119	-0.674737	-0.492918	-0.194228	0.284546	2.096847	-0.046471	-3.544998	0.316158	-1.201500	2.100250	-1.288815	0.063413	-1.710909	-0.376071	0.210402	-2.958604	-0.986673	-1.192454	2.322486	-6.007820	-0.595939	-1.922344	3.633305	-3.069686	0.248790	-0.038952	-0.271789	-0.432606	0.607016	-1.092669	1.411940	-0.999731	1.301326	-4.135655	-0.413547	-0.717570	0.179706	-2.145752
-0.659959	0.610085	1.858940	0.582018	-0.324267	-1.622554	-3.034359	-0.034987	-2.459217	0.927106	-0.299729	1.214822	4.265397	-2.226034	-1.584489	0.595449	-0.478474	1.924795	-4.255052	-1.909212	-1.885334	-0.362155	-0.122890	-0.195835	1.724029	-1.393299	-0.916134	-5.759222	1.421876	0.310562	-0.145429	-1.674689	0.108486	0.872490	0.533572	2.249129	-4.436659	1.748462	1.757071	-2.092813	-4.817244	-1.631755	-2.170815	1.324664	-4.393041	1.994245	-1.418107	-0.653241	2.257782	3.159686
7.509160	-4.422384	4.326699	2.829724	3.922949	0.608685	0.634710	-0.918709	3.217127	7.941732	-1.378272	0.146854	2.308645	-0.204622	-2.961916	1.448749	-0.443579	1.157873	4.505941	-0.186036	-0.178829	-2.561093	-0.935215	1.177287	4.626312	1.957098	-1.622361	6.038612	-3.824598	6.151589	-0.191321	10.205153	-1.083678	2.373515	-0.917766	2.769346	1.942454	-1.981633	-4.654378	-5.570640	2.619231	-4.217152	0.092101	-3.034341	2.468748	-1.797835	0.583084	-0.076683	0.051803	-3.377091
10.533977	-1.417113	-2.663279	1.111468	-1.999364	2.364545	-1.012173	3.024026	0.412406	5.976312	-1.939398	2.930215	0.790512	0.763848	-2.759696	-3.010726	-2.439738	2.147567	2.190326	0.901148	-1.758377	1.241944	1.315390	3.457515	12.173438	-0.883748	5.263040	-0.921624	-1.449978	3.898066	2.768533	0.828775	0.443751	-1.795551	2.655118	1.453301	0.002603	2.444618	0.334045	-3.537642	1.514064	-0.940219	3.274637	-0.562319	5.179602	2.105282	0.553311	-0.447548	2.610522	3.610892
-1.362623	-1.797403	2.668046	-0.592719	-0.049091	1.402580	0.328773	-2.709626	-4.661840	1.469266	1.214873	0.047154	0.390985	-1.233630	0.464109	0.295050	-6.202034	-2.325459	-0.077405	-0.258942	-3.649236	3.046202	0.629530	1.399509	5.172458	2.727544	-0.878574	-1.201366	-1.846772	7.747719	-1.308670	1.753840	0.825821	0.652979	2.454368	1.123362	1.028338	1.343460	4.610253	-5.935124	0.881388	0.736481	1.457067	-2.491932	1.489231	-1.060862	0.924955	0.007126	-1.046799	2.787406
-4.258184	-1.797420	0.296935	4.816679	0.145035	-0.004487	2.038719	-0.681346	-0.799879	1.633482	-0.579619	0.232916	0.201623	1.843509	0.003937	0.744404	2.558384	-0.107545	5.312160	-0.306644	-0.219852	-0.070115	4.566069	4.495469	-2.377790	0.317508	-3.037567	1.954478	-0.966010	-0.155641	2.348546	-0.640984	-1.501861	-1.312954	1.223013	4.408332	-0.548257	-0.862853	0.834552	1.937174	-2.878544	-0.432207	1.947212	0.836952	4.452446	-4.267572	2.334871	2.933357	1.575121	-0.413330
2.867805	0.144836	1.566249	-4.246905	3.855079	1.776170	-0.478627	-1.635590	1.828245	1.694821	0.624166	3.341678	-2.274417	1.337735	0.050577	0.480321	1.686090	-1.869867	2.966620	0.585818	1.475838	-1.680398	1.138329	-1.554139	2.513662	0.335092	0.759914	1.060052	0.594830	2.439697	1.852882	-6.658802	-1.541387	-0.374333	-2.030046	-1.672684	-0.797501	1.007750	-3.826555	-1.088746	3.207760	-1.181729	2.706177	-0.141675	2.548507	0.127010	-1.273001	-4.693550	-3.982129	1.150706
2.237559	-1.876864	-3.913156	-3.266889	-2.732905	-0.382147	-0.198555	5.175390	0.202953	-4.040490	0.885215	0.537600	-1.176464	1.032971	0.657136	-0.404159	1.574738	-0.653508	3.661618	-0.981353	-2.370068	-2.032509	2.810194	1.996006	0.913960	-1.542197	-0.535808	1.362992	0.343406	-6.962092	-0.814722	-4.640009	0.047418	-1.203167	-3.279375	-2.904554	3.261128	-1.897096	0.620637	5.907167	0.825551	0.701926	1.486610	1.219027	2.118477	-0.071703	-0.857349	0.082043	5.977432	-2.560314
11.624261	-0.176830	-1.250748	9.545471	-2.734576	0.986080	-2.852749	0.253585	-0.028824	2.754307	0.771737	-0.273247	2.904348	-1.456627	0.383110	-1.413967	-1.811493	-0.821994	3.137822	-0.823026	-0.347515	-0.030900	-1.523959	-0.015363	7.838728	0.278998	-0.013167	-1.946528	-0.890014	4.728225	-5.338352	8.046968	2.180211	3.571591	-0.025216	9.448321	0.257711	4.025901	-1.865092	-6.070990	-2.831541	0.967523	-2.825194	-2.673618	-5.635577	1.823011	-1.588772	2.377908	0.083788	3.381167
11.966921	3.258461	-3.929165	5.613600	-2.285694	1.460982	-4.830867	4.971056	-3.254938	-3.059599	0.608429	1.707506	1.083099	-1.068484	1.733219	-0.131080	-1.223593	0.025452	-2.326323	-0.966018	-0.422691	2.358574	0.349804	-1.504101	12.539719	-3.280776	3.501428	-3.950439	-1.640062	2.207926	-5.633759	0.726982	-2.044564	2.093048	2.662107	2.758615	-1.651987	3.541695	4.252212	-8.239560	-0.788826	0.894026	-0.797142	0.178910	-6.712826	3.319370	-2.583991	1.041958	3.153391	3.759286
8.735901	-0.662271	1.531184	1.846703	0.634349	-1.767648	-2.197477	-1.008557	0.219379	3.132961	-1.923986	-1.022179	0.212706	1.018624	-0.045187	-0.062416	1.803147	0.527049	0.860686	0.675279	-0.107027	-1.070218	-0.754918	0.211670	8.732136	-1.487284	0.839228	-3.149249	0.149255	0.298087	0.060146	0.875692	2.976983	1.163876	-1.859573	2.617423	1.719374	3.084875	-1.659939	-2.609179	0.415276	-0.164496	-1.583462	-0.577294	0.747226	2.805152	-0.197420	1.218708	-2.251629	2.477058
4.087051	0.919918	-0.615954	-0.141816	-1.042978	-0.132123	0.449808	1.494190	2.495097	-1.315285	-3.166701	0.171981	-3.790347	1.869130	0.509819	-1.022157	1.752940	0.856982	4.693105	2.305403	1.037505	-0.569629	1.227773	-0.141166	1.477316	0.637345	-2.561686	6.095880	-0.305063	1.930362	-1.999403	-0.313118	-0.816145	0.302141	0.801070	2.655143	-0.083594	-1.978990	-2.202440	-1.288057	2.436442	-0.388046	0.060323	0.736994	0.100307	-0.641404	-0.384557	0.791482	-0.917009	0.604986
12.711302	0.980404	-1.631938	2.032295	-2.312312	0.864210	0.950574	-5.427038	2.061179	3.816896	-0.430353	-0.718364	-1.426532	0.701361	-0.525898	1.778255	0.765179	0.065028	6.934801	0.895258	-0.802951	-0.332672	0.025009	0.993199	14.566230	-3.159662	-0.443323	0.242313	-2.272171	-5.652728	1.716089	1.775525	-0.082776	-1.372287	-1.762911	2.180296	3.430960	2.494109	0.528994	-2.304584	1.706086	-2.515288	0.747839	-1.137567	3.448815	-1.160352	-0.744186	-0.966542	5.901422	2.088052
10.711158	1.959947	0.394288	0.831146	-2.200706	-0.234930	2.100200	3.081308	3.427618	2.893287	-3.110601	1.363314	-3.278965	0.393468	2.788440	3.336945	-3.184736	-0.699435	8.424290	3.303292	0.305752	-0.342113	0.733447	0.258331	12.711288	-2.002923	0.804430	4.248622	0.517689	3.766940	-1.036518	5.067674	-0.062472	0.103569	-1.297298	0.632367	0.577420	0.544355	-0.411842	-2.284178	1.314613	-2.283792	0.755457	-0.347414	-1.905388	-0.273960	0.962598	0.660928	6.456978	-0.909978
9.774309	0.439755	1.478369	1.257517	0.928620	0.594352	-4.102470	4.244417	3.302715	1.743852	1.575666	0.961413	-0.657000	1.979390	-1.207557	-2.102855	1.601509	1.446442	2.839227	-0.214319	2.423431	-3.014438	-1.299917	0.650720	6.253675	-2.447689	1.368858	0.746530	-2.075832	-2.046133	-0.702711	-0.866049	-0.777436	-1.562754	-3.092513	-2.000226	4.676587	0.353038	-1.453785	0.192786	0.344381	0.400833	0.664032	-2.783507	0.423908	3.813981	-1.015873	-1.100192	1.380079	0.464801
1.348532	1.185449	1.304047	0.250040	-0.506863	-0.263209	-0.891788	0.490144	0.921748	2.233114	-0.420116	1.620826	1.401535	0.540817	2.705514	-0.666682	1.803785	-1.064341	-4.487615	-0.515662	0.566270	0.561334	-1.067637	-1.216674	5.089041	-2.517330	0.319359	-1.662011	1.686366	-1.551946	-0.806026	-1.844512	0.882589	-0.539794	-0.702814	-1.152970	-0.147590	1.656938	-4.648612	-0.213196	2.022768	2.452761	-1.279082	2.358658	-3.469743	3.916790	-0.438745	-0.943971	-1.618482	-0.053788
3.025808	-3.289790	-0.212446	0.519079	0.549120	1.126738	-2.968173	-1.041827	-4.544691	4.226523	-1.746701	1.463533	1.623131	-0.179932	-3.126544	-2.169450	-3.156073	0.799404	-4.583373	-1.152050	2.146111	1.952586	0.738568	0.049209	9.098604	-1.758963	-0.885066	0.864211	-1.711700	-1.966840	4.313721	4.065743	1.757041	-1.884135	-0.904509	-1.463967	0.984013	0.770023	5.650570	-0.847125	2.285633	-0.468090	0.738674	-2.034663	7.972066	2.526596	-0.126118	-1.745927	3.778937	1.009086
16.618909	1.428205	-2.799825	5.696620	-3.029381	0.397389	1.212209	-0.051591	2.205919	6.579609	1.417172	1.572685	-1.833476	2.129714	-1.650074	1.576960	-0.350449	0.958941	6.821770	0.924465	-0.115985	-1.604511	0.942388	1.720429	16.228154	-0.474751	-1.600472	1.202033	-3.225049	0.646760	0.940918	2.316601	-0.012774	0.406738	-1.973199	4.278929	2.857167	3.685877	2.393096	-4.803585	0.521088	-3.041414	0.611594	-0.560135	2.212693	0.463499	0.490361	0.989386	6.928192	2.731963
6.502776	0.451405	-0.772607	-0.615141	-0.233779	-0.095679	1.564473	-1.568485	-0.479076	1.087555	-1.047309	-0.754052	-1.602234	1.278526	0.719551	2.105025	0.394135	-0.488167	3.904371	0.138729	-2.545850	-0.273322	1.774882	2.094174	4.745515	1.215871	-1.636650	-0.717757	0.310387	1.682590	1.648839	-2.057751	-0.394278	-0.689944	-2.752013	3.687137	0.024753	0.858801	-0.577144	-2.120436	4.549595	1.694059	1.266051	0.847871	4.981265	-2.818204	0.051030	-1.587222	-0.813875	1.313837
-6.937989	-0.454931	-0.760940	-7.524276	1.301571	-1.130430	1.174639	-1.428323	0.338583	-8.963925	1.947749	-2.089138	-0.443879	-0.953377	2.130478	1.495851	1.675651	-0.718582	2.148890	0.441040	3.315278	0.968017	1.331153	-3.637324	-4.593395	-1.435041	-1.404890	4.697083	1.392713	-1.566659	-3.742608	-3.228461	0.190989	1.908814	-2.436179	-6.110677	-3.034567	-1.477497	-0.882673	4.905571	2.468066	-1.511510	-1.207325	2.349496	-7.436552	1.771064	-0.358061	-2.801283	-2.076614	-1.734441
5.985373	-1.581636	-1.397939	4.225658	-1.849808	2.437716	-0.248786	1.291001	1.070117	1.744099	0.491989	-0.058729	1.776829	1.885103	-1.894538	1.080273	0.987171	1.963263	6.821895	-0.726066	-1.219742	-0.145779	-2.379090	2.672328	6.449253	-1.661821	2.024618	1.550575	-2.315931	-2.166852	0.365656	2.475381	1.201079	-0.877109	2.014618	5.614693	0.347326	0.718586	2.846074	0.848267	0.781725	-2.468188	1.710494	-1.047715	3.813762	1.887921	-1.758619	2.703590	4.484069	1.483579
5.634919	0.971219	-0.528628	-1.609789	2.033404	-0.634389	-1.419301	1.311687	3.357939	3.167869	-1.476171	0.038200	-0.153617	-1.421984	1.355938	-0.291711	1.167990	-1.372652	-0.903928	1.135337	2.792689	-2.729396	-1.002351	-2.385970	0.827099	-0.292563	-0.538221	1.980724	0.739290	3.958731	-3.312742	1.508110	0.137629	0.752252	-1.192190	-1.702919	-1.391415	0.871599	-3.718786	-3.934499	-1.342974	1.995603	-1.567894	-0.986342	-7.846847	1.885993	-0.795310	-1.563069	-0.153225	-1.347902
-4.034389	-0.340420	2.783467	-1.218278	0.221789	0.372042	0.150803	-2.442473	2.630298	0.332550	-2.193796	-1.638792	-2.410075	-2.287502	-0.304287	-2.618165	0.457996	-0.283481	3.037041	0.732038	-2.093996	1.361125	-1.798495	-1.749954	-2.185426	0.376269	-2.188127	-0.276635	0.379412	5.911934	-1.016794	0.862004	-0.913097	1.317383	0.150171	-2.653882	-0.646481	2.108189	-1.464873	-4.761356	-1.265928	0.666736	1.017037	-0.741109	-3.179617	1.403675	-0.191167	-0.859970	-2.440092	0.595371
-0.714135	-1.491842	4.947406	-1.180264	3.502969	-1.013757	0.319141	-1.453340	1.387586	3.873838	-0.105840	-0.066782	0.068172	-2.999506	-0.062854	-0.008005	-3.035055	-0.888875	-4.047079	-0.725062	1.576240	-1.118351	-1.055810	-4.712228	0.693127	-0.266810	0.185541	-0.115130	-0.495432	4.664385	-1.324285	1.401633	0.698346	-0.178480	-0.448219	-1.638482	-1.573819	-0.251780	-1.621253	-3.807135	-3.534325	-0.948485	-1.056766	-1.397315	-5.219716	-0.472151	-1.011418	-1.392614	-0.114788	1.354783
1.850360	-0.086665	0.845686	-0.591462	1.486874	2.361350	2.892698	-1.092414	1.424164	4.422249	-1.299182	0.548217	-1.229426	-1.476628	-0.500112	3.338081	1.819014	1.772492	1.184092	0.198914	-0.116783	-1.859151	-2.382574	-1.431099	6.604892	-3.987770	-2.166242	1.047382	-2.471909	-1.093719	1.538343	-1.932647	-0.149115	-0.128611	0.090687	-3.039338	3.630749	0.031352	-0.155722	-1.624471	-1.227207	-2.156521	0.285861	-4.357587	1.285018	-0.319968	1.005626	-0.596858	3.495303	-2.442993
1.942208	0.274195	2.709404	5.006674	2.151133	-1.091034	2.665881	-2.326889	-1.301137	-2.663760	-0.623858	-0.727314	-1.825464	-0.977952	3.388775	2.247069	-4.050819	-1.582905	-0.231494	1.210292	2.951318	1.584319	-1.999650	-4.386014	6.194317	-0.997496	-0.812363	-1.385593	-0.402071	7.852536	-4.165853	5.738871	0.997143	1.737009	-1.086733	5.289462	0.431283	0.680377	0.212566	-5.161658	-2.385283	3.632619	-2.897553	-2.039536	-6.451639	-1.668390	0.295572	-0.056329	-0.265648	2.643680
5.345497	1.228848	-0.400245	-2.726079	-0.210678	1.504006	0.418559	2.632266	3.799782	5.415028	-0.165817	0.720950	1.026046	1.834871	0.654239	-2.421415	2.730308	-1.991492	-3.537445	-1.370672	1.936753	-1.697784	-0.748754	-0.442888	0.890655	0.847968	-2.257903	5.676636	-0.066082	1.060932	0.690570	-0.736942	-0.074782	-2.203163	-3.416909	-2.166602	-1.392988	-1.709525	-1.400265	0.550244	2.323025	1.176987	1.242741	-2.402216	3.120929	-0.597352	0.175821	-2.527087	-1.420653	-2.873034
11.306772	3.758824	-0.552764	1.930509	-2.621262	0.348454	-2.968626	-2.449087	-0.734869	3.969120	-1.014622	1.743036	-2.095206	-1.177140	1.531145	-2.172188	-3.441459	-1.060958	0.549622	0.748193	-0.148664	2.235191	-1.487343	0.658804	11.420545	2.059078	1.510023	-2.990315	-1.733957	10.631521	-3.294275	-1.256244	0.626445	-0.338206	1.224809	4.463893	0.658607	3.520281	-2.060562	-9.748236	0.337123	1.159894	-0.033786	-0.222058	-2.971189	3.893722	-0.780749	0.650526	-0.673188	3.579084
5.157031	3.699894	-1.393882	5.347174	-1.568367	0.302123	-2.820301	-0.220355	2.359287	-1.294463	0.326665	1.891118	-2.672827	-2.476305	0.072517	-0.633268	1.026533	0.243865	-2.274017	0.989045	0.234234	-0.374353	-3.262877	-1.467532	0.606655	-0.321390	2.070686	1.407031	-1.129895	0.488080	0.417901	2.219898	-0.474020	0.685060	-0.506916	5.589358	-0.664805	1.642114	-3.407832	-0.310596	-0.215895	0.702640	-0.940878	-0.948678	-1.174629	2.827599	0.441108	-0.535258	1.527196	2.170830
-2.745210	-1.323716	2.035118	2.479594	-1.192782	-0.811886	-3.391579	-1.932357	-0.038231	0.091187	0.060568	-0.746948	-0.793566	-1.047876	-2.443067	-1.189973	-0.776784	-0.278640	-2.462115	-0.286513	-0.767574	0.668455	-1.458591	0.674176	-4.629848	-0.271725	-2.040996	-3.559251	-0.896544	1.689296	-0.791228	-0.167542	2.086511	0.648311	-0.067822	1.707031	-0.209051	0.482730	1.140271	-0.651382	-3.844405	-0.364011	-0.819520	-1.290923	-1.998605	0.093852	-0.609817	0.809285	-0.197256	0.780935
5.853564	1.332945	0.134294	1.342825	-1.760140	0.429853	-2.213053	-1.235539	-0.872582	-1.071502	1.014794	1.469490	0.812972	-0.300537	1.211525	-5.076553	1.357410	0.725020	-9.605058	0.302529	-0.382874	0.995128	-1.254771	-1.716465	9.476585	-2.051657	-0.999319	-3.349479	-1.094658	0.033000	-1.339219	-2.333208	1.208992	1.009424	-3.051188	0.066991	0.032058	2.085047	1.056767	-1.823181	0.157619	4.143091	0.032564	-0.558598	-0.823393	5.196857	-1.674901	-2.440967	2.762097	2.146908
2.922805	3.559067	-0.288817	-1.295904	0.914254	0.472913	-5.221336	2.799737	2.997105	-1.871493	0.768136	0.009722	-0.118067	0.981822	-0.930553	1.293248	5.908584	0.663966	-2.066040	-1.481802	0.694340	-3.692370	2.006681	-0.283875	-2.035895	-2.087797	3.457014	5.535121	-1.072305	-5.808904	0.161426	-6.614045	0.190950	1.254511	-4.422539	-6.852265	2.915908	-3.629273	-3.722003	7.546912	1.075822	-2.775377	-2.991893	0.055027	-0.028621	8.754719	0.818003	-1.612230	3.095473	-0.503726
-8.713233	-0.419804	-0.756045	0.457160	0.379754	-1.166680	1.923585	2.677532	1.522693	3.156876	-1.513920	1.542819	-0.083436	-0.365381	-0.318940	-0.082895	2.197682	0.654267	1.387319	1.942555	0.878349	-0.136761	2.820739	-1.399531	-13.412414	1.836371	-0.067820	1.212897	3.587513	0.871164	2.056878	0.679706	-0.359936	-0.492765	-2.582840	1.446642	-4.350451	-0.794417	-3.339849	0.712847	-0.025686	0.294731	0.267603	4.066941	2.503073	-0.922161	0.650865	1.110100	-7.487865	-1.905335
-2.919999	-0.044395	0.842841	-1.260440	-2.286085	0.405135	-0.315888	-2.151326	1.874560	-2.977255	-0.324934	0.063345	1.034781	3.269206	-0.088636	2.738031	2.842046	1.529562	2.849254	0.636227	1.078549	-0.176748	-1.483893	1.403160	-4.897602	0.401655	-2.732013	1.849658	3.239072	-5.599812	1.559495	-2.870384	1.487189	-1.259333	-2.393343	1.994990	-0.697622	-3.662751	-1.822327	8.637219	2.417571	-0.921200	0.729766	3.602587	3.990022	-0.130289	0.573451	0.332924	1.851429	-1.836248
6.527824	-3.275690	0.193739	1.931497	1.952620	-0.111304	-1.033308	-1.488787	4.412425	1.996506	0.094915	-1.046924	-1.012326	4.987659	0.923988	-1.082487	7.331224	1.139387	7.073640	-0.059122	1.089434	-3.701562	3.788950	2.982789	-1.735588	-0.273886	-4.306257	7.602051	0.303491	-5.720732	2.966031	-0.755416	1.665812	-0.336105	-3.262209	-0.175558	2.563294	-4.144015	-6.024409	8.203183	5.488324	-0.551107	-0.325569	4.098713	11.492959	-0.594446	0.753939	3.333153	-3.006092	-2.852966
0.729877	-4.698280	-0.075226	-4.807386	1.484145	0.869144	0.201471	-0.373766	0.180539	-3.097961	0.335658	-1.926315	-2.492149	1.097954	0.617523	-2.026200	0.913262	-1.345975	3.878490	-0.049672	1.640396	1.613035	1.045857	-1.366673	5.297175	-3.107603	-2.187935	2.989354	0.383750	-3.094969	0.351966	-5.033365	-0.794680	-1.857969	1.144443	-0.748019	0.485352	0.033137	-0.247685	1.995974	2.599205	2.615025	2.899089	0.226142	2.825024	-0.953642	1.630811	-1.238483	2.793319	-0.239184
6.016531	-2.048906	-1.168414	2.573267	-0.477131	5.386722	2.401230	1.779231	-0.555037	0.020229	-1.738430	-0.219414	0.082549	1.260278	-3.590427	1.053025	-0.907941	1.971439	3.616642	0.249578	-0.841395	1.453458	-0.199470	2.063248	7.351222	0.437301	-1.963943	2.436355	-3.430266	2.173062	-0.739327	5.197454	0.469071	-0.752539	-0.839336	3.085895	6.061500	-0.970962	2.716827	-1.584027	0.231538	-4.519872	0.952902	-0.629845	-1.799332	-3.186948	-0.539497	-0.327969	5.174824	0.363593
-11.859260	4.675457	-0.648533	-4.143317	0.001243	-1.241781	0.766733	0.020726	-0.372599	-5.873030	-1.177318	-0.438472	2.881296	0.476838	-0.771432	0.898829	2.258237	1.805790	-6.192733	-0.899612	-0.001017	-0.785024	-0.316446	-0.688050	-14.884104	1.843767	-0.561730	1.439703	1.859051	-2.852014	-1.749890	-6.257290	-4.037853	2.277773	1.070672	-4.491477	-0.595806	-3.677543	1.127793	5.093346	-0.055731	-2.189161	-3.089716	0.958196	-3.255279	0.224929	-1.370294	-0.560363	-0.345706	-3.373533
-5.626660	-4.575199	2.702948	-2.375983	5.899789	3.684924	1.987914	-1.138107	-1.019630	-2.648030	2.590304	-2.129469	3.128771	-2.235204	-0.556851	3.369803	1.082745	-0.014233	1.594900	-2.563025	1.888235	-1.847729	-0.778778	-1.472732	-3.263970	-0.131268	-5.311602	1.994416	-1.375049	-2.224162	-3.737373	1.724989	0.395995	0.659442	-1.627646	-2.459087	1.419278	-2.753903	-0.065176	0.644896	0.426771	-3.369948	1.190226	-1.715072	-3.101276	-4.106650	-1.374260	-1.991976	-1.444845	-3.169031
-14.490842	-1.538317	1.228309	-4.580237	2.249846	1.291751	-0.881084	1.919765	-3.244391	-8.355833	-0.743025	-1.449759	-0.053879	-1.221152	1.666050	-0.312146	-1.698279	-0.867717	-4.955160	-0.677356	-1.651337	1.416591	-0.318599	-1.188510	-10.091829	0.494225	0.073306	-5.625677	2.428687	-1.469239	-1.209557	-3.657095	-1.382383	2.289314	3.299300	-5.485359	0.006657	-1.321823	1.152153	3.855216	-1.005899	0.270978	0.722736	-0.519910	-4.513165	0.318719	0.156449	-1.003231	-2.656552	-0.496232
-2.846880	1.026616	-2.541267	-3.300775	-0.133661	-0.423672	7.560567	4.138927	2.006883	2.104273	-2.752271	1.586105	-1.163033	0.214392	1.376094	2.013002	-0.327242	0.201598	4.116611	2.680638	1.386141	-1.683744	-0.367482	-3.360121	-4.812725	2.377694	-1.398004	6.537058	0.240697	4.481311	-0.281772	1.227071	-1.872714	-1.679299	-3.683358	-4.894311	-1.759252	-2.676782	-3.082863	0.458262	1.965793	-3.352827	1.576643	1.469306	-2.399932	-5.949795	0.752756	-0.834135	-1.179392	-3.044082
5.258071	0.607550	1.956600	0.049023	2.677776	1.847612	2.836244	-0.212713	2.133864	3.405778	-0.885358	1.390035	-2.213053	-0.907662	-0.292826	4.519789	-1.674525	-0.702908	3.356427	0.534356	-0.664628	-2.756737	1.649029	-0.064721	3.313775	1.758242	-0.934834	4.892554	-4.139603	4.156593	-0.300566	3.470720	0.081827	0.481533	-1.706702	0.290891	3.371576	-1.516432	-1.045925	-3.594253	-1.471633	-2.191438	1.292165	-1.240031	-4.095680	-3.216686	0.508283	0.118536	0.674884	-3.090392
-5.757563	-0.154528	-0.115513	-0.518338	0.769978	-1.029853	-0.523356	-2.166746	2.661111	4.710548	-0.813598	0.562818	4.154600	-0.066092	0.053461	2.527438	1.676402	1.864726	2.274138	0.303351	0.745864	-2.102373	-1.570183	0.311362	-11.833129	1.352287	-1.148274	2.303468	1.680485	-3.476897	1.554117	5.160271	-0.709967	-0.287048	-2.435841	0.694320	-1.764318	-1.945949	-3.587502	4.325476	-1.427443	-3.658472	-0.658980	1.206835	0.569542	-1.439832	0.427325	-0.600851	-2.034362	-4.749905
-3.642690	-3.111453	-1.375274	-6.525071	0.166582	1.056461	1.740422	-1.411928	4.378822	0.328294	-1.455207	-1.613243	0.440606	-1.384437	-3.263638	1.534320	0.927454	-0.587034	5.840826	1.522547	0.824188	-3.231622	-1.285864	-2.578779	-7.032053	-1.631330	-2.649897	4.165156	1.528254	-2.035518	-1.167706	1.790280	0.027618	0.451778	-0.815510	-3.212078	-0.951617	-2.508789	-2.426518	3.176399	-0.838331	-2.704987	0.043554	-1.302260	-3.151201	-3.458681	-2.080583	-2.668162	0.773957	-3.008948
7.093291	4.271235	-4.464287	-0.761786	-3.210550	-1.732241	-7.788063	3.328660	-1.709842	-3.117318	3.873622	1.154407	1.486750	-2.166169	0.344143	2.320108	0.217615	-0.662513	-5.216494	-3.096164	-2.021944	-0.696136	-3.957155	0.253703	0.234320	-1.820291	2.871796	-2.626449	0.355337	-4.571628	-2.209330	-3.473065	-1.649598	0.802357	0.600029	0.564864	-2.842334	2.640796	2.621993	-0.265160	-3.055799	0.329016	-1.124974	1.305298	-5.251980	5.295898	-0.927090	0.534026	5.862077	0.099860
5.648820	3.193315	-0.658394	3.040792	-2.406729	0.850258	-2.926130	-0.547343	0.150692	3.595392	-1.498788	0.625939	-2.081435	-0.753765	-2.482735	-1.761708	-2.120849	-0.463932	-1.021973	-0.066066	-0.913876	0.273395	0.785454	1.377540	1.828978	2.111106	-0.369222	2.873093	-2.037634	5.515226	0.450703	1.720840	-1.695004	1.210003	3.619188	1.758760	2.548572	1.811448	1.450092	-5.205906	-0.846019	0.237821	0.057790	-0.070627	1.197179	-0.068408	2.183896	-0.092321	2.416208	0.567294
-10.068916	-0.786593	5.260495	-0.733256	3.603787	1.994433	4.741109	-2.378529	-1.530196	-2.602870	-2.275991	0.174264	-1.192009	-0.189664	0.149946	3.154153	-1.549987	-0.043867	4.461433	0.819066	-1.006048	1.291805	-0.129794	0.756261	-3.719739	-0.898207	-3.013891	4.588579	-0.218053	3.402484	1.441779	2.885536	-0.604504	-0.495412	1.026262	-1.405924	-2.780624	-4.058432	1.344532	0.880069	2.116935	-3.483801	1.042508	-0.211324	5.096169	-2.995521	1.485095	1.630055	-1.902701	-3.532734
-3.298124	-2.305090	-0.445466	-0.453292	1.424369	-1.853011	-0.694352	-2.682469	0.296458	-0.416501	0.185736	-1.322256	0.963759	-3.300118	0.270075	0.319451	-0.382433	1.503848	1.973791	1.317917	0.465185	-0.111126	-1.665216	-3.983110	-7.930142	1.911437	-2.536566	2.101835	-0.401556	-0.017413	-0.888794	4.387780	-0.237992	3.032456	-2.570520	1.580400	-0.814108	-1.939091	-1.137669	1.168884	-0.099163	-1.037141	-2.092477	-0.399626	-2.555304	0.176429	1.158988	-0.518178	-0.714373	-1.507155
-0.141202	0.933512	-1.144810	1.138075	1.144049	-0.376815	-2.530151	-2.139230	-1.687280	-4.340098	0.374652	0.366551	-0.581743	-1.725173	1.147081	-0.336976	0.349168	-0.195167	-3.524028	-0.758807	0.138282	1.078931	0.100224	-0.608875	-0.386442	0.493285	-1.529022	-2.115184	0.480890	-0.054640	-2.998608	-0.276762	0.430729	0.923796	1.701409	0.969611	-0.105707	0.729271	1.015652	0.855228	-0.065272	2.515963	-1.475395	0.599613	-5.424666	0.894902	-0.874404	-0.843044	-0.300914	1.428788
7.290563	0.468352	-0.763423	-0.211119	1.763551	2.143773	1.692516	1.532463	1.508674	2.905015	-0.270945	0.163204	-1.055574	0.730136	1.556439	0.178489	-1.039351	-2.657535	-0.241179	-1.134703	2.219805	-1.866535	0.847294	-1.640084	6.682368	-0.295665	0.998770	-0.699966	1.824659	4.044241	-1.738983	-3.440579	1.771885	1.050517	-2.113942	0.477075	-2.959345	1.592261	-2.362295	-3.417036	-0.896508	1.540562	-0.545274	0.286766	-2.714831	-4.362340	-1.603361	-1.183463	-2.374188	3.252995
7.333489	-3.170986	-3.150473	3.048446	-2.135306	2.388211	1.516271	-1.728830	-2.353349	-0.397672	-0.406976	-0.500199	1.321416	0.209504	2.518496	-0.431100	-1.552937	-0.063464	-7.127516	-1.350433	-0.162966	-0.048245	-1.435819	0.788947	10.976628	-1.486624	0.704963	-1.068422	0.101154	1.361552	-3.102706	5.178107	3.075837	-1.059309	-1.795082	4.514117	-1.193209	1.039657	2.888504	-1.749263	2.030466	3.983360	1.404906	0.837480	-1.330836	0.400491	0.005752	1.862216	3.570810	0.579892
-7.211592	-0.883546	-1.081324	4.964685	-1.845578	3.020494	-0.380296	0.757043	-1.886981	0.026006	-0.305545	-0.500539	2.434724	-0.513184	-1.697506	-1.789443	0.272645	1.445101	2.006606	-0.398526	-0.277992	-0.027763	-1.401574	0.593557	-8.764866	1.765106	0.338980	-4.835730	0.912384	-1.656429	3.184060	1.303695	0.486316	0.353615	3.270548	3.533657	-0.160222	-0.321920	0.017207	1.338926	-2.173028	-2.928814	-1.384729	-0.555024	1.433155	-1.520529	0.808399	0.607901	-2.970684	1.402889
-13.181802	-0.763664	0.256693	-1.654063	-0.904039	-1.256982	2.041735	1.757023	-3.922367	-6.432585	0.521420	-0.478517	0.803522	-1.257399	0.408042	1.504593	-1.326003	0.713470	-3.477231	0.667088	-0.214154	2.387718	0.005557	0.311159	-8.500718	-0.498298	1.582465	-5.149417	0.739704	-3.728620	0.610163	-0.046860	-2.734160	0.338059	2.669848	-0.059841	0.187990	-0.464747	3.438040	2.443310	-1.941330	-2.128331	0.401295	1.532282	0.886725	-2.208649	0.825380	0.300832	0.965400	-1.229233
-7.880309	0.410336	-1.370886	-1.623217	0.372146	-2.742444	1.064260	0.769139	0.489698	-5.992226	1.313245	-0.189134	-1.346298	-0.778022	0.187368	0.085837	3.306131	-1.653953	-2.809350	-0.232030	2.878439	-0.458810	0.779504	-1.884949	-13.630911	3.619237	1.102426	0.203633	2.078789	2.711057	-3.832239	-0.798834	-0.442184	0.358163	0.568760	-1.999519	-2.142758	-1.754039	-3.099853	1.501392	-1.756964	-0.159924	-1.413665	1.887443	-7.132321	0.155691	-1.638485	-1.056602	-4.037963	0.108815
2.839174	2.414322	-0.598045	-2.952327	-1.346085	1.502801	1.344601	0.764922	0.951947	1.620777	-0.521309	-0.549766	-2.211406	2.147100	2.954181	2.683427	3.383211	-0.585271	4.847422	1.623840	-1.318730	-0.364768	1.794508	3.524041	-0.232022	1.852744	1.763019	2.371240	0.191717	1.133852	-0.082296	-3.729136	-1.319312	-1.316419	-0.922664	-3.309759	0.820853	-1.692078	-2.974267	-0.895889	2.326673	-0.182237	-0.181087	0.762206	4.635402	-0.966615	1.391612	1.316264	-2.260586	-3.453211
-4.443439	1.787015	0.819313	1.792162	-2.284557	0.770407	2.449231	0.590093	-0.288202	0.469115	0.630946	1.918220	-0.021983	0.255478	1.432021	1.624245	0.559177	0.270428	2.249123	1.150762	-0.176763	0.590239	0.247552	-1.099426	-1.859075	1.869688	-1.069036	-1.397455	2.021229	1.911256	0.160923	-0.649847	0.518275	0.803816	0.657911	4.509050	-1.605758	-0.112751	1.191422	-0.481382	-1.313616	0.047340	-0.549269	3.954787	-3.541473	-0.892486	0.635516	0.000556	-1.936549	2.254786
-1.436975	-1.105404	-0.317727	-1.588867	2.043951	1.292137	2.789510	0.932752	0.530820	3.260518	0.751566	0.731469	0.528947	0.893654	0.526648	0.531686	-0.597567	1.121955	2.592683	-0.498026	1.890596	-1.273484	0.449438	1.948568	-3.976353	0.985240	-3.482193	2.371446	-0.207258	-2.588299	3.303787	-1.734440	-2.406542	-1.527759	2.342865	1.180364	-0.394398	-1.640521	-0.584668	2.055573	2.197063	-1.599571	2.685024	2.023187	5.159738	-5.230276	-0.121367	-1.541399	-4.264760	-0.709446
3.714241	2.517567	-1.594476	3.037949	-0.899568	-0.485047	-0.656749	3.162726	-1.938304	-1.229095	-1.527224	1.522263	-3.204183	0.217659	-1.946214	-1.918187	-3.381755	-1.205012	1.652848	2.031556	-0.896491	0.717860	0.084853	-0.270831	3.133762	1.321222	3.191881	-1.214602	0.524749	3.425647	-0.007972	3.546756	2.550999	0.765904	-2.693074	4.604949	1.109854	0.841417	0.755063	-2.814508	0.590935	2.354133	-1.179047	-0.466388	-0.915075	3.503816	0.028862	-0.595938	-1.902205	2.737187
13.746837	0.330392	-4.705199	-0.207408	-5.546477	-0.730037	2.616952	3.808623	1.760069	3.121358	-2.018002	0.295334	-2.746931	2.005508	0.798773	0.999031	-0.272032	-0.973501	1.634813	2.025530	0.269180	0.974596	-0.562893	0.321676	12.826562	1.734652	2.709819	-0.058890	-0.173914	8.086781	-2.344679	-2.375046	0.693407	-0.308794	-1.867682	1.452190	0.536696	3.338708	-1.121690	-7.472595	2.101569	0.528794	-0.320793	0.954737	-3.025245	-0.026363	-0.486170	0.164877	0.963022	2.500613
8.662970	1.425529	-0.211689	4.666932	-0.081164	-0.746962	-3.935272	0.210352	-4.306285	-3.774953	-0.727088	-0.397084	-2.857789	1.626196	-1.267237	-0.834149	-2.407968	-0.233810	2.175243	0.154104	-0.686697	2.966595	0.505977	3.684866	10.228230	0.403381	1.541801	0.028470	-2.147164	-0.306143	1.066951	3.549864	0.900763	0.802602	2.711530	4.098016	4.271896	1.025418	5.226872	-1.562842	5.112166	-2.494166	-1.129523	1.316924	6.309820	4.163586	0.716007	2.000120	2.381020	2.238757
-2.672192	-0.846656	-3.489660	1.476476	-4.317652	-0.717959	3.080183	1.745883	1.866879	1.418005	-1.469433	-1.384285	-1.564257	-1.736981	-0.221628	1.217105	0.328657	-0.030441	7.029331	1.021033	-0.397681	-0.629348	1.800150	0.993429	-6.598966	1.269880	1.132664	-4.070721	3.023766	-5.279615	4.464904	-0.628231	-0.329891	-2.384073	-0.003780	3.048884	-0.873885	1.258146	-3.544521	4.744405	-1.957964	-0.941990	1.048044	1.037983	1.868683	-4.310973	0.878238	0.831866	0.820563	1.775505
9.746680	-2.375279	1.509329	3.393485	2.383423	0.863272	0.013595	-6.224193	-0.336878	7.937045	0.425149	0.946627	-0.339144	2.388135	-1.677428	0.487202	0.797561	0.282774	2.432451	0.184485	1.311988	-3.064613	0.109589	1.126383	9.319393	0.376998	-2.741040	1.321755	-2.396763	-0.441651	3.612992	3.071463	1.088208	1.035329	-2.385961	1.162698	4.655822	0.976234	-0.358652	-3.486381	3.392497	-1.274895	0.885195	-1.518708	8.483805	-0.485959	1.166302	0.796477	-0.393029	-0.425603
-1.675460	0.197646	2.485397	-0.690789	0.937801	-0.330593	-0.990054	0.356134	1.962342	6.394076	0.999935	-0.707017	1.839750	-1.436111	-2.074694	0.959895	-0.324531	1.588243	1.640342	-0.344976	-1.630246	0.210260	-1.299917	-1.248051	0.049927	-1.510047	-2.913417	-2.275756	1.406671	0.331850	2.610119	-2.078635	1.325375	-0.947821	-3.317149	1.463213	-3.837853	3.779666	-1.047290	-0.065797	-1.002562	-0.873467	0.108126	-0.726601	0.070428	-0.919960	1.511026	-2.843416	-2.343798	2.600862
-0.060494	-2.065287	-2.023184	2.537648	-3.508067	0.255122	-5.973015	2.199554	-1.340323	-5.180878	4.169054	-0.461550	3.519353	-0.832708	-0.354914	-0.506550	-0.194056	2.507753	-3.391264	-1.750933	-0.439358	-0.917295	-4.177512	1.378061	-5.534140	-0.272905	2.748034	0.064865	0.779029	-5.873420	-0.348260	4.090854	0.689593	0.628686	1.497226	3.551147	-0.503721	-1.341989	0.980565	5.106445	-0.070683	-1.146782	0.286386	1.528562	1.896563	1.752752	-2.428328	1.616703	2.559321	0.885997
4.065915	-1.824554	2.952910	-0.817901	2.671748	0.114399	-0.547357	-1.727693	-0.462883	-4.250792	-0.520247	1.304025	-2.944829	2.854500	1.222521	-3.408930	2.148455	-2.176145	-9.258572	-0.302232	1.490456	-1.547725	-2.924776	1.365529	2.819859	0.780796	0.291238	5.620362	-0.688031	3.539873	-3.746256	-1.788870	2.185843	0.405470	-2.184579	-3.015674	3.211489	-1.033429	-1.078140	-1.243320	2.468973	2.919655	0.170168	-0.516282	1.851451	1.141752	-1.243692	1.432049	-3.206612	0.730242
-4.212204	-1.674206	1.670577	2.961811	3.390709	0.630701	2.166273	-1.508204	1.679837	1.558674	-1.637595	-3.568271	0.567426	-2.142446	0.021966	2.465575	-1.811181	-0.673005	7.135574	0.364030	-1.657602	-0.577009	0.975785	-0.234929	-5.496735	-0.836926	-3.214467	1.444260	-1.356223	2.130657	0.987651	6.571139	-0.846554	0.143279	-0.343065	1.532663	-2.761265	-4.234432	-1.265214	0.999449	-3.764219	-0.675934	0.850804	-2.758768	-1.739988	-2.955783	-0.330464	2.826584	2.224610	-4.754336
-11.492419	-1.720999	4.246332	-0.492982	3.319888	0.767403	1.338070	-2.213661	-2.491829	-4.988122	1.561324	-2.741095	-1.842076	-2.119971	1.416577	-0.185381	0.751488	0.548926	-1.905798	-0.481937	0.177634	-0.037664	0.924113	-1.878843	-5.736410	-0.705947	-2.095158	-3.163752	-1.859111	-2.562337	2.054564	-0.023875	-2.383451	-0.007183	3.524906	-0.770205	1.881072	-2.842108	1.823125	2.408223	-1.592639	2.323493	-0.600551	-2.623425	0.177124	-2.820984	-0.206123	0.401400	0.415584	-1.343421
1.465837	4.449232	0.081416	2.105598	-1.776547	-0.981333	-0.965654	3.517511	1.772067	5.541119	1.673666	2.813052	3.789749	-1.859367	-1.765967	-0.570541	-1.049732	-0.153127	-0.329220	-1.667737	-0.464547	-3.070910	0.038938	-2.656714	-2.443749	0.903103	0.279393	-1.070386	-0.170250	-0.170585	-0.651256	2.654774	-1.123282	1.505378	-1.798282	1.005494	0.531827	1.351683	-0.274810	-2.000085	-2.372752	-0.553939	0.519612	-0.633241	-4.816777	2.158229	0.990437	-0.797242	-0.316235	1.995775
0.497524	-0.928299	0.607279	5.144072	-1.241875	-1.558334	3.072792	-3.320754	4.274807	1.950964	-2.361360	1.338326	-1.366409	0.843749	2.817429	-0.216201	3.706804	-0.512771	5.673399	2.144363	-1.335989	-1.517548	0.431674	1.417377	-1.394450	-0.082929	-1.719133	4.703536	3.835020	-1.007266	0.519916	-0.360437	-0.286239	-1.728001	-0.550815	5.893037	-2.437113	0.310506	-5.580076	3.368714	2.756384	3.172955	1.224289	1.133917	3.285507	-0.503248	0.118522	-0.177615	-3.524964	2.940841
-0.913152	2.210677	0.790023	-1.756268	-2.369555	0.400268	-1.237424	0.672329	-1.103415	0.644459	-0.451510	1.339008	0.697386	-1.959878	-0.200707	-0.033395	-2.571884	-0.046914	-2.035173	-0.396988	-2.046875	1.108659	-0.607421	-0.307402	1.766603	-0.433295	0.620821	-6.642936	1.213729	3.091233	0.691279	0.469112	0.974115	-0.364443	0.065429	-1.297125	-3.259631	1.614083	0.694432	-2.681861	-1.291004	1.304800	-0.204430	0.384712	-2.158855	1.241710	-0.964963	-0.083026	-0.086944	1.385355
2.808592	-1.706824	0.103360	-1.273128	2.383600	0.392121	-1.244828	-1.888104	-1.055978	2.567357	-2.414892	-0.123702	-0.307988	1.910247	0.169994	1.213475	-2.694546	-0.434732	-0.725444	1.848387	2.423367	-0.120889	-1.238034	0.092856	2.259282	2.575447	-5.404183	1.952907	0.203761	8.445058	-2.672519	2.447983	-0.455967	0.563468	-1.386973	0.050009	-1.255160	0.498381	-1.452918	-6.084704	2.338113	0.841653	0.134798	0.843804	1.741506	-3.578526	1.021133	-2.033198	-3.936083	-1.109836
2.795115	-1.565492	-2.137599	1.291691	1.244556	0.114840	3.216511	-0.917267	3.080136	0.950931	-0.067770	0.148099	-0.170118	-0.749906	-1.704211	0.555217	1.105020	-1.736403	4.847301	0.894739	-2.542518	-1.422551	-0.345701	1.633638	-0.223941	-0.704297	0.922685	4.134074	-0.060659	-0.765931	1.712286	1.636943	-0.155206	-0.010166	-1.899053	0.734486	-2.610087	1.579168	-2.411871	2.705668	2.538657	-1.086067	0.841280	0.555965	4.213742	-2.288000	-0.071002	-1.115684	-0.173873	3.204615
5.429463	-2.312692	-0.063423	3.488595	1.240811	2.428192	-0.270188	0.300085	-3.663144	1.781515	-0.283516	-1.060704	1.126421	1.039431	0.642669	-1.866665	0.751849	-0.149091	-3.420972	-1.284103	0.231076	-0.743771	0.963694	1.766940	12.599334	-2.416953	1.056819	-3.898209	-0.528589	2.553311	-2.263029	-0.990462	1.651081	0.976123	-0.374093	3.764761	-0.730991	2.770667	4.369181	-5.643789	0.565518	0.980342	-0.185753	1.270439	-2.332534	1.724300	0.348520	-0.789566	1.124966	3.099271
-5.203432	-0.271274	0.402729	6.131902	-0.261052	1.517093	5.713129	1.176266	-1.661718	-1.867915	1.083525	-1.860810	0.550656	1.321168	-2.212378	3.021128	2.020866	0.145422	6.437577	-1.370629	0.280639	0.270479	-1.627082	1.928489	-4.063847	2.661021	-3.847747	-0.155947	-1.881751	-0.867252	0.459504	0.170154	-0.381048	-1.008167	0.056965	6.806498	5.767351	-1.173858	-0.108796	1.052378	-0.844056	-3.874978	2.649824	-1.236900	2.148017	-7.382971	-0.355682	1.890170	0.989625	-0.355277
-0.975284	-2.097724	-0.213129	-3.589405	1.337739	0.252016	0.582209	-0.509859	-0.351985	-3.916546	-0.142879	-0.665382	-0.088299	1.131344	0.211708	1.582116	0.638210	-1.197922	-1.476213	-1.559196	1.221350	-1.198454	0.890234	-0.105501	-2.338166	0.495163	-3.118628	9.690897	-1.692851	1.752284	-2.069108	0.347607	-0.090001	2.135178	-1.404957	-3.411977	1.226426	-4.011782	0.863238	1.785451	0.990486	-1.501404	-0.707096	-2.227507	0.432637	-0.993317	0.553708	2.630768	1.458721	-5.508160
-0.774637	3.262087	2.455413	0.444227	-0.930929	0.356203	4.076865	-1.081232	2.763919	3.278144	-1.130662	0.381651	-0.983413	-0.969395	-2.072410	-0.082793	-0.631591	1.001833	6.031992	1.842012	0.410178	0.975226	-0.652223	-1.769400	1.134409	0.998498	-0.155569	-2.225802	-1.079570	2.643968	-0.868452	-3.828646	-1.549638	0.765343	0.988829	3.683498	1.883921	2.894321	-5.795001	-4.224854	-3.236327	-0.930062	0.207968	-3.590241	-5.442175	-0.986889	-1.125579	-0.435707	-1.014541	3.624214
3.261469	5.509500	1.295732	2.063729	0.402688	-0.354545	0.533376	-0.304667	1.537136	-0.377114	-0.260072	1.294302	-1.931195	-0.488409	1.842547	0.591865	-1.646544	-0.142430	0.666844	0.514584	1.245615	-2.694576	-2.546049	-0.235563	0.184543	1.112898	-1.314138	5.289295	-2.885187	2.621203	0.178741	1.216980	-2.951913	0.250302	0.330709	2.961103	2.559110	-1.985000	1.287831	-0.442188	-1.685703	0.147553	0.426209	-0.919638	-4.661393	-0.850653	0.205378	0.153800	3.893587	-0.599262
-4.778371	-2.629807	-0.532345	-0.808832	1.579972	-0.359067	0.001281	-2.092853	0.079676	-2.733448	-0.673013	-0.859822	0.594873	-0.223732	-0.159321	3.538689	2.296323	1.625589	3.903265	-0.108733	-0.361751	0.120066	-0.977574	0.173048	-7.211382	0.367439	-3.555259	-2.532055	1.303204	-4.665240	2.114562	-1.911434	0.970429	-0.511761	1.372283	2.859063	-1.241455	-1.830920	-0.850254	5.390365	0.162460	-1.894172	0.538065	0.848350	3.659656	-1.710100	-0.043160	0.277542	-1.727259	-2.226962
2.340432	3.288970	0.287420	0.663056	-0.588039	-2.528058	0.664052	0.107150	0.087717	4.015211	-1.553507	0.282877	1.093570	-0.989402	-2.843751	-1.147066	-2.545399	1.336517	3.921006	0.463640	1.931422	-1.415608	1.801221	-1.096008	2.142920	0.642492	0.838128	3.274437	0.329810	-1.663982	0.221608	3.853453	0.254785	-1.865757	-0.452509	1.704377	-0.342862	-1.160542	1.023964	1.237419	1.901621	-1.858471	-0.549830	0.147305	-1.450892	1.032515	0.711282	-0.235618	0.844477	1.133481
-0.920777	0.667029	-0.467514	-1.382188	1.922211	-1.660493	-0.792929	-1.077841	3.407129	2.828276	1.350384	0.701580	0.868462	-0.076986	-1.593254	-0.059807	1.305055	-0.439681	1.865898	0.446450	-0.391307	-1.422174	1.322371	1.278900	-0.910402	-4.311686	-0.945465	2.681830	0.138635	-3.154351	0.474044	0.019552	1.339287	2.295614	-0.286962	-1.095657	-0.254931	-0.151748	-1.169068	2.068320	-2.938295	-1.810397	-0.749796	-0.175203	0.678514	5.255247	0.801248	-0.007668	0.712252	-1.247111
-4.921052	2.495365	-0.743198	-0.397024	-0.376539	1.198296	1.950572	-0.193264	1.369512	-3.250695	2.469911	-0.096991	-1.244564	3.289097	-0.532293	0.547814	2.183605	1.653459	5.060946	0.286587	0.623892	-0.012518	-1.610245	4.621000	-3.837171	-0.116770	1.655398	0.478783	-1.415588	-5.856732	1.071474	-6.032572	-1.814348	-1.976574	2.223941	-0.101254	6.234744	1.543356	-1.690889	2.334349	-0.010043	0.231104	2.114232	1.213136	2.565934	-2.829218	-0.235895	0.371489	-1.166973	-0.169546
5.932104	-2.100943	-4.472301	-0.441127	-2.057061	-0.920508	-1.088209	2.167012	4.242764	-0.794197	-0.237413	-0.924943	-2.599515	3.302109	1.734280	-0.156269	4.758511	-0.122202	-0.268241	0.686987	2.582209	-2.425114	-2.561158	-1.119586	-1.332546	-0.344596	-0.309483	3.307334	0.438235	-7.180500	0.583391	-5.422010	2.261541	0.090899	-5.178867	-2.360868	3.118368	-1.451224	-1.794884	5.507638	-0.692268	1.599664	-0.919885	-0.793645	-1.875386	1.726690	-0.182878	-0.953156	1.167153	0.243532
-4.616069	1.259399	-0.999382	2.957000	-0.758699	-0.522761	-1.699702	2.942589	0.417535	-1.668456	3.284603	-0.628710	2.862443	-1.126379	0.334399	-0.821475	3.090621	-2.287581	1.132757	-2.648588	-0.128257	-0.308701	1.554012	-0.349218	-7.060382	-0.264043	2.103001	0.146666	1.743155	-3.814640	-2.092972	2.808133	-0.891727	1.917801	3.830801	2.226649	-1.821079	-0.948198	-0.550441	4.476096	-1.074980	-0.030566	-0.134068	2.216094	-4.299235	2.915813	0.211422	-0.335739	0.041020	-0.612620
1.204203	1.500554	-0.430256	2.780732	-1.523971	0.735046	-4.718076	-0.568894	-3.964534	1.931057	1.679443	-2.456913	2.913096	-0.547091	0.141424	-0.039405	-0.514386	-0.410827	-1.316455	-3.214285	-0.865226	-1.220370	1.781394	0.140490	-0.690005	1.286133	0.492917	-6.695856	-1.109289	-2.572167	3.630589	0.247568	0.001103	-0.505908	-0.322648	1.982177	-2.968202	2.625422	1.586360	-0.566211	-0.183484	0.884629	-1.149529	-0.197691	3.259161	3.026840	1.809329	-0.034828	-2.733714	0.880320
6.728236	4.894685	-1.071635	-0.683091	-0.969175	-2.971423	-4.933840	1.047497	1.712602	1.304224	-0.082630	1.671646	-0.045016	-0.223051	0.182803	-2.020579	1.961561	1.012288	-11.421518	-0.569427	3.018880	-1.025693	-1.312691	-1.932559	-0.287608	-0.084583	2.664182	2.921322	0.289186	-0.777488	-3.200103	-5.392068	1.713164	1.540025	-1.520891	-2.581259	2.692366	1.173292	-2.465042	0.779299	-0.342735	2.806630	-3.172769	-1.499891	-4.035994	6.820496	-0.080319	0.322799	-2.086617	0.069885
-5.765862	3.664555	1.967920	-1.882218	-1.424041	-0.955669	-2.114934	-2.858513	-0.136543	-2.510338	3.086706	-0.307820	3.551165	1.354219	-0.163502	1.336683	1.641249	-0.178723	0.853338	-2.688999	1.369228	-1.501204	2.018792	-1.038697	-7.595404	-1.329703	-2.200249	-0.451666	2.269745	-3.541988	0.019754	-6.804848	-1.394767	1.336734	-0.547649	-3.171823	-3.455076	-3.032394	-1.479816	5.402897	-0.690535	-1.343655	-0.228836	1.644035	-0.869599	1.220712	0.400082	2.344081	2.706165	-2.206950
-6.209721	-2.331419	1.662813	-0.847677	2.119262	1.703949	2.547859	-0.631521	0.124410	-0.516773	0.332070	-1.390586	0.219156	-1.165499	-0.208136	3.823997	-1.189301	1.369125	-0.611832	-1.205041	-0.147310	0.264136	-1.688938	-0.008555	-0.468287	-1.045699	-6.124887	2.564681	-0.449476	1.273631	-1.595147	0.592399	1.092845	-1.215433	-2.367122	1.452158	0.527613	-1.895344	0.578845	-0.996276	-0.253789	-1.238618	0.006865	-0.535624	1.080522	-3.837116	-0.257938	0.307628	-0.578979	-1.675164
2.763011	0.628412	-0.450412	4.248722	-0.211498	0.570785	6.666409	-1.290218	1.105010	4.712549	0.278577	0.931294	0.667024	1.118935	-1.818270	1.551670	-2.852475	-0.398304	1.288932	0.408986	0.272676	-0.725312	-1.425029	1.526065	3.721809	2.609117	-1.216086	-2.172693	-2.795752	1.646745	0.414431	3.605313	-1.302436	-1.350421	-0.698122	7.464306	2.815983	-0.049698	1.533405	-3.535206	-1.581335	1.445436	1.754376	-0.231888	0.372858	-6.012101	-0.341380	0.594368	2.397973	1.037943
-1.098257	1.492135	-1.087700	-0.369010	-0.089758	-1.787722	0.791804	1.178670	0.477137	-1.719552	-0.747913	-0.152377	-3.742765	-0.293016	0.945321	1.681820	1.495438	-1.391277	3.340263	1.272606	-1.391456	-0.004785	2.371088	0.997976	-5.646447	1.622204	-0.992519	-0.245463	-1.881342	0.735990	1.333368	-1.097520	-2.732231	-2.307915	0.626220	-1.789589	2.294019	-1.324943	0.174886	-0.879892	0.174250	-1.644542	-1.341362	0.333853	1.976513	-0.732460	-0.658796	2.724982	-2.283962	-3.052083
8.695597	1.743877	0.612692	-0.388105	3.382211	1.767592	0.467335	0.535378	3.297880	7.313218	0.167088	0.225924	2.331303	-0.152077	-0.264302	0.378557	0.120848	1.969360	-2.405842	-0.110565	-2.209256	-3.391445	-2.524603	1.089132	5.709905	1.101944	-1.611064	5.406314	-2.578654	1.544236	0.543794	-0.348562	-1.120514	2.225648	-2.413498	-0.747424	1.990551	1.066795	-4.086860	-3.913063	0.409118	-1.320850	-2.646582	-2.269683	0.621390	1.374358	0.096655	-0.329417	-1.776091	0.386321
2.736979	-0.373930	1.423901	-3.329914	1.624524	-2.542559	1.657248	-1.236885	0.373044	-2.432431	-0.061644	-0.711573	0.766502	2.309983	0.201872	4.897616	0.873561	0.153096	-1.200557	-0.395031	-0.422107	-4.275736	-0.806928	1.891677	0.542301	-1.116750	-3.514623	3.162791	1.400484	-0.558910	-2.242619	-0.558993	0.259855	-0.741322	-0.400311	-5.124267	0.322207	-3.738301	0.339860	2.361406	2.232891	-1.562120	0.230554	2.795281	1.470837	-1.364009	-2.408658	-0.590770	1.947260	-4.387752
-11.806295	-1.534941	0.908827	-2.403096	2.688568	-1.543888	-1.734804	-2.042940	-4.823693	-7.207099	-0.155363	-1.339719	-0.966631	1.303826	-1.345651	-2.264148	-2.846554	-1.702062	-3.570549	-0.513672	0.344518	1.259577	-0.224649	-0.671130	-5.667103	-0.792300	-0.497034	-2.655030	2.009182	-2.099967	-0.110352	-1.292473	-0.529213	-0.762518	1.296014	-1.678406	-1.381089	-2.864192	4.622094	3.030690	0.520033	-1.777986	0.489324	-0.997336	-1.719135	1.180668	1.620257	-1.343134	-1.367687	-0.504882
-9.051691	-0.439965	-2.860439	-2.907538	-0.124067	-0.363740	1.813019	2.929524	-1.419586	-6.781794	-3.246624	0.004655	-3.668692	0.264284	2.361462	-0.631870	-0.947841	-0.017257	-2.834185	0.687819	0.958678	0.266637	-1.640129	-0.781682	-10.546638	1.691866	2.433385	-1.284914	-0.697395	2.662298	-1.060861	0.863889	-0.673532	-0.396576	-0.009259	-3.523326	2.603838	-1.007919	2.712196	0.874822	-1.590908	1.797726	0.077016	-0.282395	-0.768942	-1.176994	0.106171	-0.889862	-3.899347	-2.228113
-5.014103	1.125065	2.674933	0.038408	3.963394	-1.846994	1.634679	-3.212837	2.685702	-1.571839	0.205901	0.508833	-1.929446	0.262398	0.270617	-0.107021	2.107293	-1.548744	-3.192575	1.089452	0.247606	-0.801680	-0.939831	-1.250557	-6.356293	1.097995	0.914958	6.053624	-0.114999	2.387374	-1.392608	-0.025836	-1.219995	2.303916	1.912873	-2.280348	2.639206	-1.927448	-6.430851	0.744126	1.595824	2.724637	0.251973	-0.367643	0.173404	0.138286	0.874834	-0.357725	-4.277426	-0.571141
-11.296587	-0.781791	0.760223	-3.516980	1.323801	-0.583058	-0.727879	-0.470156	-1.238161	-1.937042	-0.206912	0.495485	1.249071	-2.281303	-0.860284	-1.569025	-0.071995	1.451740	-5.660858	-0.640243	-0.890075	-0.305555	-1.129173	-0.726786	-12.679249	0.275052	0.336300	-0.372155	0.467569	-3.371139	1.700986	-2.353629	0.012354	0.881302	-0.760578	-3.184000	-2.390430	-1.634566	-0.985831	3.900693	-1.711415	2.630481	-0.422610	0.314743	1.774913	0.597487	0.738279	-1.257824	-2.271704	-1.788359
9.254498	-5.532907	2.160368	0.458057	3.812221	3.102188	-0.712317	-1.244704	-0.247810	8.673670	1.724417	-0.146933	-3.838661	1.115006	-0.473918	0.193594	-0.731582	0.103567	2.265447	-1.175404	0.430483	-3.191871	2.011537	-1.233130	9.339346	0.880414	-0.685799	4.298295	-5.622534	1.704637	2.355329	2.233596	-0.200609	-0.882113	-4.086057	1.531434	7.119064	-1.084119	0.986714	-4.293492	1.162998	-0.798041	1.510135	-3.385189	4.006019	-4.671257	1.998225	-1.496774	1.317889	-2.304395
