X22	X45	X9	X28	X18	X35	X25	X38	X36	X44	X15	X8	X34	X30	X14	X10	X21	X2	X49	X26	X5	X7	X17	X39	X41	X29	X33	X1	X20	X48	X16	X46	X23	X42	X40	X32	X27	X11	X19	X47	X4	X31	X24	X12	X13	X6	X43	X37	X50	X3
-2.776250	0.492456	-0.308400	-0.413321	0.400247	0.056394	-0.045681	5.943175	-0.687371	1.390678	-0.604185	-0.858230	-4.098860	-2.661969	1.271801	0.308961	1.413045	0.710809	-1.064225	2.900063	-2.212789	2.370996	-0.725132	1.274265	1.529706	-2.664951	0.944673	1.270805	1.699316	0.926178	-0.745220	3.898276	-0.280068	-0.950304	3.046525	2.708443	-1.380485	1.091628	0.047052	-2.320238	0.661721	-0.642584	-0.917497	-1.629771	-3.412448	-0.498406	-4.144871	-0.580505	-2.012004	0.182572
2.838199	-0.241620	-0.596531	-1.274240	0.369631	2.722619	2.453999	5.082982	2.206448	-1.166294	-1.040642	-0.268030	-3.476053	0.584147	-0.300984	-0.526508	-0.563106	0.159330	-2.946039	-0.812527	-1.039368	1.668942	-2.923996	-1.763204	-1.257716	-2.543006	-0.458613	-0.887987	2.526109	-0.324131	0.990902	-1.357797	0.229151	4.318614	-2.128666	-0.153131	-1.136167	-1.532811	-0.258470	0.483465	2.225846	-3.955929	-0.141540	1.992973	-2.219226	-2.098494	-3.116505	-0.982106	-2.484971	2.428417
-4.022467	1.867584	-0.086407	-3.491278	1.643153	-1.267527	0.445474	-3.078318	-2.145130	0.697012	3.829347	-0.429095	1.364455	-0.891559	0.771374	-0.312533	-0.424431	0.784098	1.534725	2.594887	-0.656705	2.386191	-1.155979	2.771342	-0.407903	-4.286857	1.634123	1.435493	-0.356328	1.668357	1.373604	3.154960	1.366412	-2.020314	4.307032	2.961640	-1.190764	2.156987	-2.665923	-3.455808	-0.107282	0.418088	0.340157	-4.112088	-0.075344	-0.632369	-1.674554	-0.865330	-1.046956	-0.695984
-4.166996	3.663947	-1.159565	0.747312	-2.189387	2.842257	1.884240	-6.176769	0.541514	-2.950458	-0.712872	-0.894609	4.742841	0.135810	-2.837766	-1.037567	-1.613480	-1.043297	-2.945604	-0.924628	-0.797533	-0.559392	-0.832063	1.929274	-2.105403	1.619386	-0.066313	-0.225914	-2.361534	0.565090	-2.746491	7.246375	0.100007	-5.261782	4.627834	0.054363	5.326380	0.425440	1.889792	0.603330	-0.212917	3.791847	0.373942	-1.435171	0.876425	-1.687601	3.847163	-2.620404	-1.137369	0.446931
-0.498222	1.768408	-1.749565	-2.814247	2.248134	0.013349	1.957355	-0.513591	1.519189	3.672903	0.600966	-0.947361	-0.310783	-0.436850	-2.220018	0.317971	3.405910	0.141215	-0.895034	1.855532	-1.014304	1.276176	0.327505	0.222250	2.116667	0.038961	1.472314	0.716560	-0.599777	1.690156	-2.695606	3.132177	0.401666	-4.548901	3.698800	1.846257	2.905467	0.322251	-2.186572	1.587867	-2.417074	2.824820	-0.174267	-1.750447	-1.316664	-1.225625	-0.229534	-0.650976	0.516049	1.554435
-0.113918	-2.484920	0.264078	1.416649	-0.503250	2.043848	0.619712	-0.164535	0.958266	-5.237192	-0.851031	1.440997	-1.850979	-2.361460	0.721768	-1.338431	-2.304499	0.581372	-6.030718	-0.128891	2.773942	1.165116	-0.326345	-3.449294	-0.424114	-0.501559	2.686246	-0.317797	1.005655	0.903133	1.547135	-0.860643	1.400926	1.587116	1.234082	0.813310	-0.937622	1.593486	0.761754	0.409072	-1.027297	-1.701473	1.504687	0.728622	-1.542366	-0.247558	-0.820049	-5.130288	-1.501309	1.612032
-0.948104	-2.899851	2.268586	9.708426	-5.416417	-1.999711	1.880472	-4.520818	-1.334120	-2.370507	-0.293047	-1.391560	4.566623	0.729933	0.375565	0.185712	-0.468921	0.016146	-5.141592	-1.024757	0.356242	-0.443467	-0.791309	2.619628	-2.833330	3.113432	-2.543677	-4.020251	-1.144015	-3.586383	-0.945007	-4.019240	0.940638	1.667219	-0.563792	-2.141243	-2.253603	-2.452943	7.883612	-2.505439	-0.121200	-3.050689	-2.182215	2.578313	2.384880	0.740242	4.294409	2.119273	-0.650472	-0.831202
-0.653058	-5.746667	2.166190	4.188837	-0.390924	-0.773404	3.169991	-6.989999	1.941181	-6.871551	3.047977	-0.627221	6.709137	-7.547810	0.070056	-1.334538	1.349488	-0.385503	-1.712442	-1.555228	-1.070420	-3.783929	-1.097047	-4.112883	-2.263870	3.545129	0.694478	-0.854983	-1.536625	-1.476745	1.091551	-0.041866	-3.251006	-5.104078	-0.744053	-0.469552	1.119093	-0.172700	7.093870	-13.638992	0.938238	1.629399	0.026897	1.154525	4.885590	0.513058	5.328799	2.470009	-2.130419	-2.985082
0.355775	-0.618948	2.569718	-3.734384	0.459925	1.977681	0.439539	-0.919648	0.640495	-1.617875	0.760558	-0.251097	-1.956991	0.855417	3.227022	0.983501	-0.474957	0.342531	-3.170810	0.338458	-0.138982	-0.121575	0.710528	-4.457889	2.502602	-1.470581	2.271729	-0.241440	1.257600	0.004618	1.353752	-0.134628	0.702425	0.987441	-2.240823	-1.660041	-0.249683	-0.623743	-1.801702	1.200337	-1.412011	0.785114	-0.004018	0.854429	1.533970	0.554796	-1.760161	-3.817331	1.451770	1.733129
-3.653928	-2.138247	-0.573129	-5.552296	1.831563	1.592070	-0.909710	2.393959	1.844076	0.929042	-1.125745	2.031949	-4.547043	5.849878	-0.264172	-0.840588	-1.148056	0.408200	-0.236113	0.670382	1.950603	0.165547	0.200237	-2.638367	1.432614	-0.797921	2.333805	2.608124	4.060483	5.562110	-2.118039	7.962032	-1.174637	0.153377	7.183802	3.047765	-1.810091	2.167172	-4.620669	5.369750	-1.274891	-3.307603	-3.052182	-2.366662	0.178798	-0.636013	-2.649682	-1.637200	1.267456	0.393316
0.329593	-3.887955	0.825661	-6.048491	1.926601	3.551430	-0.915362	5.606863	-2.226832	0.710094	-2.107666	0.238831	-7.870688	4.815969	0.730146	-0.112677	-0.530169	1.328756	-2.800935	3.070797	-0.378691	6.059201	-0.995139	3.243487	5.279793	-5.050598	-0.767010	1.309243	7.113340	1.347605	3.054536	-0.835873	-0.825975	5.825755	-0.408308	-1.178238	-2.730000	1.929108	-4.763040	3.535566	3.559484	-2.383785	2.544428	1.769227	-2.844056	0.465584	-6.169522	-3.060571	-3.114617	2.564625
-2.924533	-0.835554	0.056898	-2.799104	-1.094034	2.502985	-0.582903	2.214539	-0.932144	-2.766169	-0.651515	-1.503068	-2.700132	-3.492619	1.512540	0.425262	0.309906	1.151239	-0.392720	0.292985	-0.255422	-0.695556	-0.916942	3.497040	-0.373377	0.796206	-1.673019	2.314862	-1.965093	0.257435	-1.114204	4.469739	-0.955129	-1.466912	-0.281627	-2.587062	-1.900200	1.875337	0.566394	-3.935990	0.990746	-1.718669	2.741482	-2.591195	1.263399	1.170215	-1.788742	-0.772309	-1.622837	0.630630
0.849933	-0.032693	-0.504852	3.583366	1.074161	-2.433043	-0.712595	-2.098347	3.327610	0.391519	-0.230903	-0.229844	5.596327	-0.686454	-1.079082	1.113815	-0.396598	-0.214177	0.255351	1.706434	-0.014122	1.862946	-1.002283	-2.611120	0.192009	-1.064657	0.088167	0.298206	1.247879	1.214786	-1.120222	-0.608691	0.140252	-0.565547	-1.689543	-0.757373	2.480014	1.252589	0.333378	3.431031	1.464652	3.666894	2.271343	0.009238	-1.684945	-2.414613	-1.349115	2.768625	-1.456630	-2.180995
-0.632636	3.595245	0.243115	0.279152	-1.579029	0.548184	-1.704842	-1.385096	3.045062	-0.529088	4.493400	-0.388914	2.311809	0.617406	-0.268838	-0.264509	-0.042552	-0.758478	-1.708780	-1.306605	-0.573934	1.042472	1.360641	0.503306	0.276048	-3.546196	0.518484	0.455870	2.347397	1.723010	-3.917506	6.488773	0.218406	0.127578	2.369054	1.109130	2.635878	-0.846565	0.867419	0.634886	-1.810779	2.877492	-1.824178	-1.681880	0.807753	-1.068686	-3.492772	-1.652108	2.233966	0.536901
0.218067	-1.433798	-0.343440	4.288186	-0.970728	-3.142708	-0.083411	-4.149566	-0.827957	-2.181223	-5.743418	1.116722	0.228957	0.098662	-3.294829	-2.487411	-0.165688	0.750188	-5.484070	0.693409	2.894791	1.576247	0.973921	-0.856759	2.011263	-0.268820	1.465422	-2.958861	5.535507	4.038941	1.056542	-4.344122	-1.193240	3.266303	-0.804370	1.548927	-1.403472	-2.066433	1.859506	-0.851692	1.036263	-1.722843	-0.369074	0.617402	-1.253074	0.274667	7.678729	0.307821	-1.031899	0.305696
0.244254	-1.443832	-0.230246	4.153492	-0.655449	0.536369	3.268517	-4.212771	1.582842	-2.446448	0.061536	-1.477488	3.305257	-1.575262	-0.238617	1.007851	0.559072	-0.392563	-5.258629	-1.616054	-0.643581	-1.142672	-2.405344	-4.442235	-0.644478	3.036443	0.033404	-1.982403	3.081977	-1.096653	1.384158	-3.114088	-1.970569	-3.749788	-0.394398	-0.010005	4.144939	-0.689494	3.646393	-1.204535	1.268197	2.184760	0.603296	2.345363	4.036955	-0.227200	4.815217	1.626254	-0.439206	-1.219057
1.645952	-0.084858	-1.097263	-2.283989	2.918625	2.358855	2.318801	1.422031	0.424896	1.422460	0.558002	-0.514003	-3.525425	0.819818	0.714253	-1.704088	2.491024	-0.945092	10.140840	1.366165	-0.110039	-2.696578	-1.904967	-0.796022	0.912355	-1.250640	-1.843544	1.518132	-2.665344	-0.993271	1.708099	6.612480	-0.229875	-3.611526	-0.346133	0.898013	0.641794	0.390379	-6.605570	-0.638582	1.688405	-0.637880	2.195593	-0.677682	-1.220921	-0.054214	-2.815409	1.809760	-5.458850	-0.448078
-2.201503	-1.124322	1.494930	0.205036	-1.562895	1.511637	3.809600	4.110366	1.414441	5.050126	3.868121	-2.489817	-4.471785	-3.059812	2.518864	0.751170	2.742179	-2.263689	1.947526	1.242902	0.348570	-2.532621	0.570152	-0.311552	1.389106	2.422522	-1.611502	-0.527046	-2.817998	-1.789481	-2.589324	8.591871	0.353868	-1.821875	2.366528	0.416413	-4.202267	-1.296237	0.481924	-8.209572	0.036452	-3.567301	-2.878018	-1.171996	-0.948803	-2.755647	-5.723901	1.662418	0.318665	0.993931
-3.716054	-5.910190	-1.039457	-1.625181	0.798054	-2.357352	-1.007819	0.134631	-1.113556	-4.089617	-3.978684	0.775423	-2.032341	1.480363	0.821696	0.015141	0.415027	1.752091	3.194997	1.387323	1.380516	2.298922	0.948811	3.541856	1.208763	-4.030917	3.187883	0.054575	1.061607	1.783373	-0.582451	1.510684	-0.403260	-1.373596	4.982549	2.980287	1.110138	1.009215	-3.941929	3.243770	-1.466910	1.260640	-0.024039	-1.844934	-2.184412	0.948300	3.919237	-0.154931	2.311077	0.797350
0.744147	-2.448898	0.222319	1.811114	-0.423928	-1.542276	-0.128320	-3.263307	0.562300	-0.901085	-1.358549	0.105955	2.527306	1.603657	-0.326311	1.072332	1.063275	-0.693621	-0.985582	-0.479380	2.562071	-0.561049	-0.084356	-1.379264	1.728384	0.184291	2.281015	-1.274160	0.161320	-4.422676	-1.037929	-2.436154	0.669015	0.550741	-1.181864	0.369991	4.071857	-1.602616	0.710447	4.535872	-0.274704	2.271393	-0.954702	0.938875	-1.037129	0.249851	4.087069	-1.594654	0.090056	-0.154814
-1.016916	3.473419	-0.820048	-2.219058	-3.182600	-1.143823	1.483690	2.606288	-2.574961	1.989509	-1.003704	-1.005100	-2.222507	-5.652291	-1.712663	-2.616889	-0.067233	-0.374369	-4.250545	1.270582	0.802651	0.843896	-1.092132	2.191780	-1.640875	2.376923	-0.943640	2.377351	5.913970	6.624541	3.577716	4.098626	-1.444515	-4.664541	3.572250	2.335991	-2.900283	3.160536	2.723783	-8.494048	1.693230	-3.602607	1.633925	-1.034279	1.518621	0.374407	0.924467	3.346482	-4.026729	-0.580228
5.293344	-2.706373	2.009541	9.744688	-0.832070	-0.587992	0.761608	1.230598	0.685301	-2.890162	0.259536	2.230433	-0.563819	-1.161362	2.993789	2.639957	1.068718	1.111080	-1.613610	0.623127	-1.809662	0.618659	-1.294851	-0.614280	-1.390712	-1.260084	-0.497200	-3.346651	2.371122	-4.441712	1.368098	-10.538171	-0.597089	8.117954	-8.553081	1.394109	-0.031670	-4.980321	3.578228	-1.471115	-0.404639	-0.529947	0.019399	6.952906	-1.332855	1.993978	-1.249464	1.500479	-1.147261	2.410730
0.793518	-3.322821	-0.918267	2.859521	-1.326776	-1.562678	-2.176921	4.017188	0.037982	-1.045476	0.637950	-0.403594	-2.102036	-2.560631	-0.274773	-0.193328	2.231299	1.332593	0.812483	0.003084	-1.607038	0.066693	2.422073	1.538720	1.626665	-3.382023	-0.372822	-0.634729	0.261971	-3.494373	-3.219347	-2.092286	2.195106	4.046183	2.067274	0.350270	0.762165	-0.899649	2.737145	0.200042	-2.043689	-1.177662	-2.229261	1.230935	0.772662	-0.201750	-3.365497	1.368503	1.005497	-1.212624
3.736473	2.759693	0.244757	5.887860	-2.799459	1.539917	1.405059	0.825644	1.861443	0.137709	2.027353	-0.342801	1.776235	-1.067800	0.362979	1.706072	1.614089	-2.317457	-5.159170	-0.701652	-0.843764	-2.905293	2.002449	-1.955193	-2.187323	1.756271	-0.951222	-0.987916	0.521052	0.298442	0.002932	-6.008576	2.888485	-0.106580	-3.959138	1.442573	2.336973	0.293200	2.687119	3.193134	-3.362514	0.394910	2.372176	2.229158	-1.755451	-0.336817	-2.553881	-1.265847	2.050679	1.067351
-0.557962	2.103145	-1.035227	-1.158136	3.672457	1.382245	-0.456731	4.693072	-0.499714	3.650536	-6.536481	-0.412364	-5.995080	3.711724	-3.163179	-1.240895	-0.800528	0.173570	5.173246	1.996066	0.309514	2.089733	-1.041271	0.809994	0.165816	-1.213954	-1.265498	0.016082	0.665022	1.501797	3.066639	-3.389351	-1.212201	5.956368	2.090093	1.813596	-3.302423	-0.799601	-4.397433	5.389095	2.226314	-3.401034	-0.836478	-0.973792	-4.681280	-0.364061	0.650225	0.463799	-3.147243	1.923897
-0.203227	-0.996796	-0.822087	-5.514458	1.851915	2.223771	0.120635	5.196926	-0.644782	1.437237	1.564479	-0.009872	-2.046685	-4.166381	-0.519227	-0.163537	-0.195600	-0.786752	-0.448529	0.027811	0.000740	-3.083322	-0.429604	0.487461	1.161456	0.369349	-0.235384	1.698462	-2.813867	-0.259570	-1.065319	6.560391	0.232689	-7.700967	-4.922612	-1.831413	1.202382	2.455086	-2.746610	-2.590584	-0.295722	-0.167898	3.592914	-2.024296	-0.025174	0.625709	-6.049017	-3.896606	-1.971716	0.789907
-4.991412	-0.200463	-1.972719	-6.705889	-0.244345	2.007772	-0.354949	6.480005	2.446505	2.411454	1.030068	-0.955255	-9.254944	1.686616	0.253877	1.610151	1.454484	1.176962	-3.013894	1.990312	1.444384	-1.054751	2.582455	-1.852232	1.791808	0.363139	0.800130	1.312723	0.076062	4.942858	0.607373	5.421683	0.325632	-2.195167	5.910242	-0.085757	-6.553657	2.735492	-2.352896	-4.565890	-1.669515	-5.204885	-1.511728	-5.467023	-1.104325	-2.161864	-6.759327	-4.014344	3.336801	1.333588
2.928633	0.794339	-0.143287	-0.454371	0.408300	-0.998022	0.836408	2.391168	0.556436	2.694030	0.702367	-0.255213	1.932168	1.054612	0.089359	-0.510576	3.157025	-1.324145	-0.307176	1.912317	-0.490346	-0.864110	1.965542	-1.439588	6.675864	0.009752	0.889002	0.507764	3.674846	-0.736157	-3.135806	0.485556	1.373279	-0.589989	-1.621465	3.103820	1.832034	-1.413302	-0.658067	4.427698	-1.768420	4.808496	-1.828217	2.067119	-0.625395	-1.035725	-2.371977	0.914337	-0.178353	0.708414
1.956108	4.902484	-2.513484	4.983923	-3.327552	-3.889321	1.048184	-0.433838	1.148923	1.105646	2.525176	-0.877450	1.651829	0.182789	-1.395258	-0.321234	-2.738587	-0.911626	-3.837514	0.251012	-1.679511	0.076552	-0.319656	-0.578850	0.818415	2.184405	-2.134844	-0.781059	0.107440	-0.645446	0.692366	0.477520	-0.670577	1.315599	-0.481553	-2.095771	-1.012101	-0.687347	5.529241	-2.228241	1.308707	1.079042	-0.413546	1.249894	2.750634	-1.434311	0.567553	3.876658	-1.132524	-1.900823
4.151393	1.687609	-2.529346	-0.225771	0.323942	-1.330031	0.847522	5.623868	-1.929532	1.468753	-3.347050	1.154944	-4.871553	-2.417695	-2.550044	-2.323478	0.917888	0.418608	-1.387338	1.029605	0.024471	2.300180	-1.152034	-0.383074	2.092232	-4.058073	3.502147	-1.127285	4.511711	4.369791	1.520065	-2.895033	0.367492	3.693893	-2.877274	3.319493	-0.046535	-0.693762	-0.520053	2.437273	-0.183187	-1.136876	2.619967	3.213707	-0.898361	1.891932	-1.996749	0.790142	-2.708998	1.284037
1.104123	3.438542	-2.210299	-3.278266	3.930871	1.741658	-1.940535	3.260488	-2.480943	4.130091	-0.100492	0.849979	-4.201723	3.242953	0.320129	-0.747721	0.506782	-0.922993	3.607092	1.584094	-0.917878	3.427926	1.658378	2.397860	2.078836	-5.471247	0.698252	-0.266292	5.692541	1.581408	-0.147291	-0.145376	0.918800	4.788465	0.782914	0.323732	1.292763	-0.449939	-5.840061	7.036823	-0.228678	0.128443	1.525044	1.406486	-2.685057	-0.116123	-2.870151	-1.088712	1.462665	1.003447
-2.012471	-2.127229	1.576885	-1.712320	0.707444	1.369600	-0.029059	0.340255	-1.297211	-1.507639	-1.652961	-0.736770	-0.970936	4.882386	0.556038	-1.028563	-1.058608	0.252145	2.993925	0.032309	0.246351	2.403334	1.870392	-0.403222	1.987987	-3.278390	2.017591	-0.020347	1.938351	-0.032195	-2.093028	1.363682	0.687734	1.654338	4.654794	-2.982022	-3.768698	-0.823811	-3.588661	3.277996	-1.724078	-1.251232	-3.683521	-0.224942	-2.926233	-0.183606	1.069436	-2.692679	1.221796	1.528108
3.671222	3.173082	-0.786534	1.384127	0.390179	-3.955647	-0.685921	-3.549757	-2.196072	-1.590586	2.394765	0.756194	3.831014	1.627318	1.005835	0.488295	-2.252104	-0.595353	7.859060	-1.207039	-0.776137	-2.405279	-1.359280	3.858123	-1.290746	1.110889	-1.862429	-0.587926	-2.872807	-3.200144	-0.991662	-0.193424	1.099944	-2.408097	-7.584067	1.108308	4.734225	-1.999828	-1.554251	2.470816	0.620151	3.764891	2.752064	-0.550018	-0.752595	-0.172527	-0.810857	5.188261	-0.978932	-1.846524
-3.677038	2.208806	-1.328434	-1.473333	0.629330	-2.345415	1.968168	0.189672	-0.669655	0.243433	-1.458095	-1.405332	-1.130311	0.481675	-1.646117	-1.263682	-0.994321	-0.208042	0.062040	0.894247	-0.810510	0.278928	-1.849195	0.250172	3.518085	0.949957	1.664672	0.833528	0.007554	1.274566	-1.647575	9.802430	-2.409394	-7.964110	4.559018	1.322275	0.165290	1.387494	0.658033	-2.183022	0.870528	2.236499	-1.962193	-1.803274	1.075969	-0.279659	0.178721	1.451277	-2.876697	-1.069386
1.090252	4.039304	-2.196464	1.093766	-1.101543	-1.610598	-3.060524	0.791924	0.424885	2.403471	0.554140	1.665407	1.249992	0.735128	-2.700785	1.271927	0.714829	0.244402	-1.531402	-1.415009	0.983456	0.622752	-0.784513	1.166912	-1.689414	1.163908	0.812700	1.187704	1.866265	-0.520932	-3.387471	-1.421794	1.537586	-1.435031	2.168311	2.610635	0.445621	-0.135758	2.242070	3.358347	-1.489133	1.523909	0.624924	-0.208461	1.148096	0.463359	1.843933	0.214009	2.732955	0.850985
-1.163930	-6.535718	2.718231	0.498826	-2.285057	-0.601972	-0.268218	-2.431940	-1.030902	-2.825118	3.493683	-0.710153	2.548223	-0.159189	1.757569	-1.128674	-0.430915	-0.283616	-4.308784	-2.042345	1.352061	-1.704831	-0.811505	-1.509179	-0.486321	1.860745	1.387489	0.431096	-0.400726	2.797673	1.179628	0.704806	-0.731246	-1.003447	2.481484	0.770458	-2.582856	0.812495	2.928472	-4.389560	-0.037504	-0.225297	-1.152585	-1.930111	3.115259	-0.241840	1.833499	-1.520646	1.010432	-0.041174
-2.254612	3.111537	1.722965	2.935430	-3.553851	-1.150373	-0.242110	-6.814077	-0.813649	-1.024222	4.388984	-1.175996	4.962243	-2.129439	2.398108	0.256940	0.120717	-0.239513	-2.643036	-1.177296	0.449826	1.102465	1.779783	6.690560	-4.721498	1.953837	-2.044790	0.561190	1.096799	1.407982	-3.124444	9.656760	3.111225	-5.645643	1.930833	-0.383390	0.375147	1.736835	5.658885	-3.545100	-1.932162	0.649185	-0.188329	-3.527532	2.609239	0.826046	-1.013981	3.841665	3.976464	-0.925967
1.938997	0.411343	1.147730	2.074440	-0.529712	-3.145181	0.399723	0.820377	-0.758647	0.772491	1.139902	1.140358	2.010914	-2.906489	1.219785	-0.291049	1.606206	0.539119	-0.698438	0.323592	0.967034	1.659480	0.066195	2.476723	-0.791523	-1.339486	0.212698	-1.503553	-1.143000	-1.550418	-1.110139	-3.003715	0.967049	1.573121	-2.562787	0.731280	3.311542	0.427218	1.708641	-0.431674	-0.007018	2.705544	3.004206	1.228283	-1.189490	2.173042	-3.300440	1.102086	-1.127780	0.837644
0.565559	0.370700	3.000209	2.083058	0.891848	-0.904389	-0.647391	-3.486178	-1.836861	1.774722	2.540756	-0.464429	2.904343	-0.776882	2.471115	1.397859	-1.538899	-1.892118	-4.021254	1.087101	2.131092	-2.375095	1.149270	2.206927	-1.174822	1.299750	-0.370638	-0.667781	-0.031893	3.966530	-2.771729	-0.276096	-0.155051	-0.549998	-0.490179	-3.631888	0.424683	0.313011	2.586062	-0.804582	-0.435298	1.177663	-1.435900	-1.502730	0.791971	-1.410841	-1.477370	0.113222	1.015611	-1.162205
1.619713	2.272914	-1.303956	-2.335357	1.916669	-3.685183	-1.623203	3.034307	1.011215	4.361169	-1.962928	-1.077240	1.371323	2.323444	-3.624956	-1.222893	-1.532278	-1.913775	3.536702	-2.084880	-0.888889	-2.015564	-0.201404	-2.384328	-1.841984	-0.949588	-0.371105	-0.526829	0.114411	-4.091869	-3.316646	-3.700190	0.152574	2.916428	-1.960578	0.352896	0.414417	1.588317	-0.360866	3.487932	-0.504179	0.586821	1.755098	2.912508	2.216295	-1.817014	0.367743	1.308483	0.305185	-0.647375
-1.439672	-1.186474	0.823998	0.571653	-0.027870	0.080558	1.272887	-4.918955	1.706988	-1.120649	0.944287	1.162831	0.929061	-0.412151	1.472235	0.064813	2.195079	0.859380	5.064702	-0.305469	-0.133422	0.657427	0.329111	-1.431079	-0.007256	1.291697	-0.333348	-0.453624	-3.443229	0.677233	-0.475304	1.323117	-0.036783	-3.297260	2.316650	-0.700145	2.183779	-1.889724	0.430139	-2.995354	0.328927	0.967552	-2.879971	-2.975149	2.485934	-0.464674	5.633828	0.940380	-0.077313	0.203798
-0.220004	-1.234284	2.872498	-5.948376	3.164186	-0.651202	1.754540	1.924148	-0.419337	1.418834	-1.109816	0.466561	-4.067818	1.280573	2.594858	1.629413	2.145873	-0.825049	5.536583	1.939280	-0.005987	1.892221	2.293198	0.057652	0.266525	-5.151673	1.391569	0.399764	-0.439515	1.836683	1.890658	2.423602	1.033855	3.680498	1.686798	2.445602	-2.470055	-0.427867	-6.689838	2.501661	-3.093419	-1.589438	-2.913987	-0.527062	-3.924735	-0.090180	-3.109718	1.222604	2.007453	2.207203
-5.142129	-0.997344	-0.521353	2.104245	-2.767532	2.004276	-0.441631	-5.450107	0.314913	-5.804683	0.445043	-0.242879	-0.213181	-0.033035	-0.190235	0.471045	-1.581865	1.865273	-9.172069	-0.824659	0.403402	6.011495	-0.959974	3.868796	-1.273814	-0.308594	-1.378121	0.587539	3.222285	7.019997	3.920357	5.790809	0.232364	-0.725558	6.192091	-1.768119	-4.750834	0.595653	5.941760	-4.859819	1.493535	-3.432516	-5.065100	-2.669222	1.231360	-0.035711	4.233311	-1.805264	-0.338037	-0.186760
-1.096325	0.367432	0.543350	-1.547338	-2.996169	1.150012	1.624459	2.706799	-2.514239	2.934328	-1.789820	-0.352327	-6.385831	0.402234	1.218554	-0.459943	0.779479	-0.117198	3.520574	0.205442	0.022382	-3.716730	-1.662137	0.821134	0.100968	1.696415	-1.462536	0.825150	-3.068087	2.203162	5.737991	2.891818	-1.159694	0.839253	1.519094	1.182630	-7.063883	-0.690218	-3.003505	-3.516971	0.836856	-7.470991	-1.983778	-3.492896	-0.959016	2.358760	-1.229272	1.337069	-1.554062	-0.588940
-3.425170	3.346205	-0.953251	0.292691	-1.610026	-0.183254	-1.378641	-1.246299	1.258347	0.024292	-2.249941	-0.159474	-0.066878	-0.212026	-0.093623	1.740778	0.434882	0.679190	-3.468022	-0.474239	1.717797	2.880518	1.463966	-0.924860	-0.811001	-0.831156	3.675278	0.485621	-0.219157	2.818614	-1.455205	-2.456670	1.538294	0.593232	7.506987	-0.004328	-2.459113	0.695653	2.176585	-0.778051	-2.848942	-1.664068	-4.900360	-2.753606	1.030809	0.810165	1.182515	-2.119260	2.797323	0.283195
-1.581504	-3.799337	-1.200633	-4.345246	0.147928	-0.597413	0.615408	4.994533	1.144740	-0.357908	-1.492436	1.449455	-3.719267	-1.077860	-1.934657	-3.926146	0.644782	0.882237	6.222754	-0.944115	2.052361	-0.300373	-0.073864	-0.533788	0.994294	-0.904940	1.137313	0.843472	-4.875835	-3.603643	-1.008269	3.028589	-1.334865	0.752172	2.879838	0.620177	-3.690242	0.167421	-1.751814	-4.366772	0.028744	-2.262793	-2.592443	-0.491617	0.446713	0.991352	1.056573	0.011794	-3.641633	0.710730
-2.345542	-0.851691	2.214266	-2.772941	0.611027	0.782312	0.283538	0.103365	1.864682	0.360362	0.204168	0.665396	0.169645	0.383034	2.176677	0.722472	0.279271	0.187733	2.298890	-0.328107	-0.407953	2.689255	0.374428	1.069148	-2.172968	-0.670900	-0.310524	1.262061	1.338283	5.500585	-0.862093	3.785966	-0.335117	-0.602858	2.740596	-2.020185	-2.458515	1.457943	-4.117171	-1.845611	0.922829	0.038165	0.641975	-2.925501	-2.025729	0.047258	-0.038497	-0.619153	0.189294	-0.484344
0.803263	2.492965	1.719705	3.713035	0.405170	-2.674832	-0.933178	-7.274795	3.538790	-0.866310	1.921258	-1.024606	5.536260	6.103396	3.044593	1.775811	-1.039767	-0.800772	1.339899	1.003779	0.649527	0.789191	2.716017	-2.570605	0.798182	-1.541694	1.248734	-2.252649	-1.256842	-1.482766	-1.066967	-4.021148	1.610645	2.054712	2.985379	-1.088688	5.092123	-1.957969	0.892132	8.611898	-0.707214	3.367224	-3.094570	0.566450	1.364062	-2.717218	0.319625	-1.344158	2.087505	-1.373642
-0.508607	2.689148	0.679640	-3.351498	-1.786055	0.109442	2.434817	5.738495	-0.419715	5.801609	-1.251525	0.463291	-5.489839	-3.654856	-1.691702	-2.065500	0.539245	0.045395	1.252913	-0.313861	0.819904	0.075106	-2.346423	1.153661	-0.137115	-0.253344	0.731678	0.628746	3.257141	6.831645	1.667446	3.224124	-1.189683	-5.283517	-1.815661	1.802228	-1.431981	1.013953	-2.120997	-5.719964	2.075752	-1.276848	1.966216	-1.925001	-1.092180	0.610595	-0.004281	1.580368	-2.929336	1.405043
-2.235201	-0.303102	0.353092	2.341969	-1.293721	-0.907326	1.429600	-3.314512	-0.330215	-1.205204	1.713391	-0.163774	1.030974	0.728328	-0.561981	-2.031457	0.324954	0.135457	-1.286783	0.438533	1.058690	0.541234	0.274394	-1.274731	-0.759750	0.490704	3.539057	-0.910698	-4.025287	-0.145344	1.012247	5.759602	-0.539756	-4.722253	3.196350	1.011701	-4.944731	-0.315683	2.236245	-7.314711	-0.654348	-2.044322	-2.433567	-3.518870	0.922264	0.007657	1.423639	-4.062542	-0.233327	-1.060700
-1.079917	-1.110820	-0.332058	-1.787467	0.164134	-0.473542	-0.309962	-0.505585	0.431010	1.550648	0.779459	0.454952	-3.600172	1.657708	-0.263676	0.461062	0.914281	-0.450145	5.565705	0.122772	0.237946	-0.441597	1.911424	1.936743	1.384754	1.206289	-1.830103	-0.321893	-2.225079	-1.974708	0.295554	2.212782	0.811814	-0.290506	1.585349	1.301779	-4.619639	0.259145	0.210431	-0.374453	-1.292425	-2.867337	-3.104883	-2.022754	1.337927	0.063057	0.725016	3.994729	1.641501	0.492356
1.242531	-0.931929	-0.559332	3.311798	-1.674007	0.893182	1.978045	1.500482	0.347642	1.920838	2.084648	0.989071	1.580575	0.356846	1.254503	0.057892	-0.407592	-0.589730	-2.066577	0.422276	-0.963713	-2.865233	-0.178899	-3.478327	0.762793	2.720606	1.151253	-0.740451	-1.196668	-0.577360	-0.579371	3.437227	-1.855177	-3.479974	0.599398	-0.299877	1.180516	-1.104483	3.888091	-2.611485	0.103659	1.253812	-0.851438	2.106724	1.759450	-0.121997	-1.310331	-0.014641	-0.169486	-1.158816
3.046016	-2.953690	2.705347	-1.141735	-1.566724	-2.627560	0.437387	-3.428639	-0.728507	-1.987861	1.001630	1.026440	5.397886	-4.701659	0.596041	-1.534831	0.636213	0.420326	0.420042	-1.535549	-0.993076	-4.340901	-1.094764	-1.906996	-1.877487	2.018836	-1.895995	1.041859	-0.069665	-3.543161	4.036147	-3.864193	-1.950279	1.394704	-5.887251	0.876176	3.512486	1.379690	2.569059	-1.775836	1.270508	2.388507	3.566660	2.088775	1.420430	1.007976	4.119763	3.146023	-1.645014	-1.434271
-2.758056	0.356683	-0.259769	-2.305662	1.308786	-1.843688	-0.264932	-1.532212	-0.696767	-1.716055	0.508439	0.303735	1.017240	3.392904	-1.838095	0.194444	-1.138860	1.198061	1.373971	-1.552057	1.058240	-1.489712	-0.664380	0.713233	3.077958	-1.432733	-0.284628	0.027394	0.811729	5.877827	-1.704780	2.046052	-0.095291	-4.196141	2.762181	-1.712177	0.844201	1.275523	-2.546842	1.065424	0.105988	2.110256	-1.324744	-0.400812	1.650520	0.576920	1.357269	-1.441480	-1.428888	-1.292007
-0.267028	2.240428	-1.232988	6.230267	-1.654174	-1.200339	-1.856480	-4.176385	0.470218	-1.741599	0.698630	0.357864	-0.123396	4.104164	-0.875574	0.771862	-1.249278	1.026238	-0.217699	1.524418	-0.020192	2.617773	-0.582546	0.196734	2.440860	-2.154406	1.317560	-1.708161	0.832293	-1.287601	0.489882	-1.121283	1.716215	5.697744	3.373194	-1.083870	-1.150437	-4.985748	2.681178	1.318598	0.952159	0.240929	-5.370969	0.891591	1.480917	-0.960397	-3.664193	0.489663	-1.776937	0.253138
0.743880	0.804728	1.730797	1.560645	-0.729390	1.579804	-0.893767	1.033748	1.691106	0.741672	-2.777656	-1.462255	0.497494	-0.534831	1.279122	0.439639	0.795560	1.370054	-0.185090	-1.940565	-1.028428	-0.152986	0.034776	-2.301448	0.859416	-2.419475	1.511015	-1.578879	2.287236	1.092880	-0.365533	-3.733856	0.714458	1.021816	-1.473914	-0.785986	-1.063465	-2.268938	0.008227	-0.652150	-0.189253	0.955352	-1.522998	2.040011	0.359206	-0.947549	2.572891	0.271282	2.188093	0.725606
-3.042959	-1.352097	-2.251382	0.814956	-0.122291	2.535527	1.879523	0.196104	-0.009978	-3.140700	3.348425	1.292611	-0.490392	-3.088586	0.709629	1.783072	0.479324	1.625132	-1.385265	-0.007540	-0.708343	2.681977	-2.554103	2.684668	-0.444823	-1.548709	-0.601934	0.757297	-1.354822	0.828803	0.978861	0.515184	-0.046975	-2.105528	4.454227	-1.909878	-2.834960	0.089563	2.076627	-8.135778	1.811560	-1.699203	-0.414801	-2.414416	1.337478	0.274506	-0.084227	-0.859705	-1.373283	0.500767
1.560735	-1.205335	-0.714975	-7.647019	7.339693	-1.077092	-0.816654	6.172603	-2.054503	6.728523	-2.173494	3.437033	-5.496739	3.346619	-2.433731	-0.155747	1.658856	0.039142	10.241186	1.956188	0.658331	-3.102181	1.831788	-0.184882	1.002138	-1.860389	-1.258663	1.226920	1.322341	-1.379268	2.040092	0.378555	1.872136	3.093215	-0.873214	1.869095	-2.384048	-0.100520	-10.398471	4.158343	-1.834722	-2.269211	1.908202	2.277226	-2.271025	2.040653	-5.682039	2.411429	1.529552	-0.462416
0.003342	3.395524	-1.101837	-0.890918	0.641633	3.791742	1.052327	-0.837502	2.010551	-0.464260	-2.267026	-0.914230	0.182377	-0.271814	-5.237256	-1.984383	-0.027507	-0.620560	-0.747417	-0.753627	0.474254	0.703401	-0.874827	-0.074265	-1.751362	-1.987013	0.298838	-0.341941	-4.011247	-4.085145	-1.137898	1.011825	-1.273033	-1.501115	-0.013516	-2.886329	2.472990	0.595022	-1.419670	1.774017	0.798010	0.449673	2.663387	-1.321335	0.487545	0.854011	3.324074	-2.719637	-2.280718	0.885818
0.095408	-1.738210	-0.528301	0.627005	0.789041	1.176565	2.730583	2.889565	0.209246	0.163965	-0.326355	-2.066965	-2.034909	-0.412069	2.127017	1.948566	0.678179	0.121535	-0.596782	4.605537	1.714577	0.360115	-1.998865	-0.958461	0.131726	1.147657	0.360632	-0.073416	0.627814	0.130567	1.453029	0.699053	-2.529207	-1.566813	-1.366964	1.724171	0.392710	0.482855	-1.417032	-3.196585	1.543242	0.495544	4.111588	0.331771	-3.369162	-1.567575	-4.396291	0.131832	-3.136576	0.931894
2.482766	-5.706633	0.110472	3.433907	0.480138	0.344100	1.410825	4.575514	-1.958119	-0.097479	-0.678162	-0.241721	-5.039732	-3.084554	2.105624	1.074337	2.158383	0.537890	-2.475996	4.374509	1.637176	0.379697	-0.301590	-1.643064	5.182837	-0.088742	3.483048	-3.484467	-0.950818	-1.170127	-2.658561	-1.683934	-2.225721	-2.156551	-3.096088	-1.174661	1.267878	-2.157996	-0.005404	-5.893935	0.454322	0.038791	0.569908	2.270299	-3.984310	-0.237001	-2.535726	-2.792296	0.346782	3.210539
-3.497657	-1.780817	2.413763	-7.295965	5.479365	1.188966	-3.469506	4.544172	1.643105	2.554915	1.388427	-2.673481	-5.913026	4.912197	3.009064	0.526646	-0.491927	0.238678	11.685372	1.688111	0.296267	-0.679402	0.658266	-1.212292	3.164572	-6.278508	0.885260	0.534258	-2.655789	1.512670	-0.192880	3.727898	0.970759	4.295444	3.604077	2.495272	-2.102824	0.799141	-8.475929	3.760955	-1.697185	0.249448	-3.344196	-3.711600	-3.030052	-0.596417	-7.220381	1.262129	-0.614822	2.584090
5.633911	9.369844	0.486009	2.329314	-2.946493	-0.593849	2.880513	3.939294	3.443826	3.902586	2.647265	1.305291	-0.193739	-7.118030	4.833137	2.406574	0.940691	-1.520596	-2.859779	-1.067768	-2.271676	-2.524101	-2.418690	-5.594835	-3.928885	3.327441	-2.670423	-0.939907	1.171171	-5.245152	3.654658	-7.397903	-0.157928	1.751152	-11.347498	0.673080	0.199879	-0.722503	5.074125	-7.198966	1.194774	-0.716109	6.137077	5.244569	3.544563	0.699901	-3.102343	2.903145	-1.294467	-1.625978
-0.883737	-0.038575	-0.563683	0.789522	1.438376	1.818513	-0.509392	-1.188653	0.243350	-2.280285	-1.231448	-0.542087	-1.769718	6.736514	-0.897870	0.197224	-1.787510	0.095926	3.671656	-0.169272	-0.807765	-1.967360	1.521230	-2.690752	0.174686	2.021830	1.867568	-1.513315	-3.034613	-3.108409	-2.046583	-1.764229	-1.926535	0.928454	3.423498	-2.241101	-1.025595	-2.516563	-0.589898	3.356836	0.137829	-2.125236	-3.998181	0.458913	-1.574568	-0.736097	4.786294	-0.896615	1.862589	1.251784
-1.287598	-1.570722	0.235558	0.951299	0.739347	-2.494472	-7.328077	-3.175368	0.301710	-0.475454	2.194168	-1.094257	1.481317	6.180504	1.196980	1.612511	-3.259026	0.476369	5.646646	-1.294298	-2.071197	-1.692364	2.120438	1.003643	1.478379	-1.594143	-1.790882	-0.438850	-0.096416	-2.653578	-0.075349	-1.468450	2.478767	7.670361	4.009331	-1.672121	-3.296051	-1.452442	-0.004836	5.905925	-1.295960	-1.498503	-5.077554	0.085049	-0.602269	-0.997555	-1.754298	2.350654	3.451689	-1.225333
1.270742	5.089498	-1.427298	1.864519	-4.764121	1.149266	0.393206	-1.324418	2.594383	0.497069	-1.289911	-1.082275	2.820202	-0.651918	-1.833327	0.617319	-0.991555	-1.624705	-2.545663	-2.192700	-2.709322	-0.799740	0.540854	1.586986	-2.915575	3.160888	-6.804301	0.453696	-1.070139	-1.540935	-0.604973	-4.643330	2.586674	0.744358	0.735124	-4.697949	-0.606342	1.312904	5.274795	3.495501	-0.355205	-0.380232	1.462077	1.912397	1.200825	-1.205431	0.716503	1.096401	3.061454	-0.597099
0.368971	-1.608565	-1.304346	0.219956	2.218179	0.771393	-2.066309	0.738319	-0.421621	-1.846483	-0.438110	-0.286460	-1.138405	2.905449	0.686805	0.479051	-0.069337	1.056156	0.761324	0.128778	-0.128117	-0.408849	2.058210	-0.494940	0.746059	-2.252958	1.005995	-2.208000	-1.399651	1.294558	-0.607611	-6.113359	0.241672	5.516467	-0.335992	-0.620956	0.770971	-0.913046	-1.082712	4.112378	-1.939729	-0.876941	-2.639157	1.185792	-0.297950	-0.839068	-0.114482	-3.253680	2.913279	1.936704
-2.791000	-3.468573	2.056432	-3.635520	0.117261	0.854017	2.856551	2.332575	0.597167	0.571337	-0.657399	-1.505583	-3.740522	1.279509	2.607095	1.174693	1.068137	0.886586	0.938249	0.515388	-0.875105	-1.679527	-1.399127	0.334741	2.695422	-1.255333	-1.349311	1.332949	1.064249	1.593223	0.035628	3.408196	-0.603354	-0.393228	0.895807	0.256656	-3.773073	0.150680	-4.047497	-0.567910	-0.146365	-1.339883	-0.635937	-2.054682	-0.902955	-0.528210	0.618006	0.521328	0.441355	0.374113
-4.204935	0.942463	1.695788	-3.886824	-1.483706	-0.596437	-1.051653	3.530054	-0.776428	1.527358	-0.303905	-1.011343	-3.961693	-2.722644	-1.244310	-1.482817	2.001826	0.233501	0.615178	-0.775497	0.267647	1.192410	-0.572440	1.000964	-0.984544	1.501211	-0.680966	1.291810	-0.489940	1.149226	1.470280	6.595227	0.034007	-0.265844	3.694870	-1.076194	-5.179697	1.300102	1.338137	-3.893892	1.431439	-3.574813	-3.690898	-4.026618	1.997451	0.432828	-0.752214	0.624673	-1.410972	-0.331823
-1.730926	-5.750592	-0.382772	0.501637	1.633081	-1.218949	-2.564151	3.509567	-0.120789	-2.495849	-3.635366	0.352177	-6.023324	3.216601	-0.165284	0.706078	-1.575829	2.250183	2.970978	2.008135	0.858207	-0.455644	-0.393718	-2.275541	1.032510	-2.886305	-0.269464	-0.750012	0.245711	-1.811174	1.457020	-6.184193	0.093087	10.957423	2.027475	2.683169	-3.443289	-1.471845	-0.321089	4.936916	1.655289	-3.805669	-3.057812	-0.432608	-2.417605	-0.174930	-0.966141	2.230761	-0.618879	3.469506
-0.843799	-0.903048	-2.547568	-1.995014	-0.153695	-0.211517	0.420705	-0.697134	0.458212	-1.413797	0.991826	-0.342828	-1.229136	1.293378	-1.785366	1.842385	-1.291807	1.190740	-1.103326	-0.568447	-0.316234	-0.324753	0.479466	0.184614	1.319212	0.512929	0.542959	0.614437	-1.008528	-1.435085	1.130612	1.866103	0.714906	-3.495637	5.885933	-1.147225	-2.493892	3.254470	-0.809202	-3.395289	-0.673605	-1.569546	-0.692981	-1.549059	1.190072	-1.666042	-1.495299	-0.694131	1.780843	-1.586780
0.675151	-1.188589	1.037546	-2.968571	-0.895883	2.719955	-1.447552	0.163436	0.115648	-0.531053	3.704954	2.677654	2.246292	-0.612170	3.489699	1.160660	-0.706409	0.109376	-6.532677	-2.986084	-0.704605	-1.431406	1.968742	-0.148121	-0.329839	0.852626	-1.782320	1.868125	2.247875	1.244883	-1.469318	-4.751178	2.521913	2.231259	-0.390781	-4.500633	1.854163	2.242907	0.234557	1.946883	-0.774716	1.225621	1.185618	1.194715	0.976534	1.169390	-0.561820	-3.021387	4.918698	0.424960
0.088738	3.623394	0.465900	-1.992450	-1.165691	-0.871243	0.800007	2.393279	-0.203952	0.229159	1.193500	-0.945083	0.212784	-1.852639	0.300327	0.617867	0.942571	-0.546980	1.755609	0.600226	0.239672	-1.301401	2.770573	-1.690578	-3.044354	-0.724364	3.741676	1.288583	-1.377078	-0.351534	-1.935521	6.828721	1.217895	-6.889859	-0.596560	0.007920	0.712375	1.030503	-1.532712	-1.910188	-2.973576	0.009282	0.802863	-0.672484	-1.589464	-0.626955	-3.003844	-1.263994	3.480927	0.056873
-4.179050	-5.484879	-0.574676	0.723760	-0.992181	0.492920	-1.409556	0.368425	-2.268950	-5.439305	0.341370	-0.364468	-2.112719	-0.491198	1.226771	-0.635784	0.359319	2.020575	-1.623063	-0.112488	2.112234	0.265869	0.490524	1.993441	1.651533	-2.430185	1.524126	0.354846	1.096421	4.794316	1.145134	4.153975	2.304336	0.534376	3.949019	1.612176	-3.870000	1.107508	-0.403021	-3.885173	-0.775617	-2.032624	-1.843785	-3.149180	-0.324935	0.572107	-1.969700	-2.057470	-0.422747	0.651754
2.630839	1.463018	0.185259	0.287364	0.586973	1.728093	2.957564	-1.551070	0.831694	-1.129716	-1.983683	1.030196	2.681705	-0.714761	-0.320093	0.924906	0.550921	-1.482513	-2.046163	-1.830379	1.630817	-0.802205	-0.802122	-1.907645	-2.540806	0.780496	-1.330374	0.149082	-2.416033	-0.784496	2.114478	-5.484205	-1.862908	1.181430	-3.974530	-4.725246	-1.712088	-0.706900	-0.921868	-0.171824	3.565541	-0.312344	2.460741	-0.148826	-0.394493	0.942604	5.601897	-3.085629	-0.112945	-0.067194
4.277201	-2.634921	2.083332	-0.651519	0.622615	0.998496	-1.944994	-0.329466	-0.317240	-1.457140	1.288095	0.984286	0.099772	3.241747	1.915473	-1.144709	0.631615	-0.489548	2.298326	-1.283041	-2.175762	-2.690803	1.493442	-0.114158	0.261896	2.605527	-3.814772	-0.265241	-2.149026	-2.336529	-0.206711	-8.061754	1.865270	3.957054	-3.582502	-0.328679	0.571242	0.425151	0.395422	5.840629	-1.498621	1.082948	-0.045154	3.630929	1.362215	0.307321	1.469394	1.137316	0.764135	0.679008
0.750375	0.585046	0.000329	-1.504842	-1.775631	-1.374337	-0.856409	-1.759494	-0.387070	-0.905406	1.530121	2.091823	2.094101	3.178113	-2.721905	-2.298871	-1.432903	-0.572809	-0.736150	-3.316913	0.190954	0.739253	1.251782	-0.490355	0.537289	0.964335	0.825317	-0.681300	2.318858	-1.108068	-1.646051	-0.864755	0.408765	-2.088643	-2.469138	-2.719856	0.657926	1.678658	0.999016	3.025427	-0.366825	0.223420	0.680062	2.824263	1.365841	-0.831082	1.947885	2.184322	0.503644	0.842149
-2.613155	-1.723944	1.363894	-4.769340	1.900794	4.253524	-0.632909	-2.522005	1.056783	-1.939266	3.698506	1.193721	-0.420081	1.189062	4.704289	1.784045	1.342544	-0.509023	-3.338540	1.271744	1.097882	0.428461	1.902759	-2.343857	0.335279	-1.816896	1.639046	1.574817	2.726291	1.631964	-0.690846	5.998694	1.435287	-4.758434	1.766551	-0.475712	-2.570579	2.932364	-1.612944	-6.210685	-0.746135	-0.651906	-1.885315	-2.069049	0.486443	-1.211855	-4.317159	-2.688698	2.530680	-0.182236
-2.043790	-0.370441	-0.893920	-1.106612	-1.991419	1.714837	-0.810474	3.198205	-2.809159	2.464237	0.962049	0.508283	-3.785427	-1.171374	0.293168	0.935011	-1.751282	-0.265380	-1.903005	-0.490348	0.242382	-2.069355	-0.015612	5.634746	-0.111520	2.157756	-3.239843	0.685739	2.096067	3.147174	0.514578	-1.432625	0.760061	-0.895198	-0.720445	-3.894390	-4.162359	2.295445	0.095327	-1.758797	1.449653	-3.320473	3.001093	-2.190096	-0.864745	-0.708848	-1.141032	0.086077	1.426585	0.710156
1.090453	2.248531	-2.046312	2.283719	-2.974112	2.770212	2.296173	1.599133	-0.463377	3.498326	-0.613133	-0.174311	-2.414732	-2.308852	-1.497632	-1.051957	1.539343	-2.106622	-2.101512	-1.413139	-0.698433	-1.340790	0.819117	2.457340	3.662743	1.791152	-2.101287	0.155310	-0.299161	-4.278728	0.459165	1.875732	0.287881	-3.514547	-1.958900	3.395512	-2.278381	-0.959890	3.736830	-2.579743	-0.994991	-0.474728	1.564084	0.343824	-0.961465	-0.962830	1.781859	2.910683	1.438656	3.246910
-0.659689	-2.732334	0.893452	0.655823	4.189398	0.338233	-1.067437	-3.010940	0.264326	-0.853509	2.098685	-1.585469	2.324479	3.666473	1.288985	-0.390739	-2.030971	0.558811	3.271947	-0.352498	-1.331739	1.833600	-1.562022	2.515396	-1.330806	-0.450698	-0.235555	-0.760712	-2.393997	-1.463139	-1.528544	1.836089	-0.031179	2.346081	1.221312	0.691733	0.925858	-2.162932	-1.734552	2.721613	1.762792	1.368867	-2.656695	0.274179	0.620429	-2.111133	3.666854	-0.183420	-1.780908	0.089924
0.637442	0.867786	1.863390	1.816195	-2.324900	3.609078	2.227043	-1.110020	-0.630907	-0.489058	3.276096	-0.667014	1.236885	-1.305252	2.994163	2.403761	0.670732	-1.807249	-3.582890	1.178116	0.949206	-2.955433	-1.404119	0.661008	-1.524059	3.566629	-2.434638	-0.330383	-0.814367	-0.243726	0.713547	0.239308	-0.211112	-0.387654	-1.007305	-1.975839	0.547047	-1.165153	1.394234	-2.652824	1.425989	-0.933100	0.454480	0.899606	2.906314	-1.250159	-1.953859	-1.406510	1.118064	-0.568734
-2.224910	-2.299757	1.641980	4.488470	-1.181839	-2.753942	1.543096	-4.563436	0.477953	-0.889872	-2.417778	-0.980169	-0.895706	-5.745173	1.030034	-1.523222	0.530149	0.375440	-1.610628	-0.230097	-0.326891	1.266373	-1.207012	0.297864	-4.724612	2.001054	-1.229105	-0.620862	-3.482913	0.736174	5.102478	-0.946217	-0.289553	1.321480	1.854551	2.183095	-6.960620	-0.010628	6.248700	-10.113997	1.611278	-5.328465	-0.212211	-3.360355	1.586677	1.338441	4.531338	3.300351	-3.060291	-1.666932
3.554447	2.095123	0.378471	6.511047	-1.379065	-3.455503	-1.310834	-3.183357	-3.516587	-0.209522	0.684511	0.211710	6.500996	1.142574	0.977667	0.439990	-3.378920	0.159460	0.779621	0.191488	-1.758952	1.141609	-2.515834	3.207431	-3.629494	0.346451	-1.171037	-2.015401	1.945058	-0.983711	2.836216	-9.673787	-1.487681	4.065037	-2.112580	1.682641	2.163804	-1.574124	4.836213	1.128911	2.237328	1.411425	1.626842	3.758808	4.095683	0.449147	1.044930	4.360169	-2.377451	-2.813161
-2.663314	-3.556722	0.114318	-3.885588	1.469877	-0.113837	3.308853	5.646892	-0.121380	2.475803	-2.978777	2.595462	-7.035874	-2.982902	-0.712529	-1.026222	3.236704	0.431725	1.181879	2.027849	1.623834	-0.964246	-2.969849	-4.395108	0.729067	0.263348	2.211165	0.978439	2.653453	0.280078	2.436337	6.022518	-0.716611	-3.549992	1.267276	2.653363	-4.813446	0.608487	-3.269453	-6.681857	1.083260	-4.548270	-0.513889	-0.533197	-1.343445	0.037232	-1.531895	-0.258316	-3.452247	1.529115
1.856390	6.132252	0.501709	5.162366	0.996280	-0.649699	-0.865908	2.942215	-1.893816	3.257422	1.605004	1.774753	1.217283	0.074728	2.416785	0.255846	-2.682790	-0.573552	-2.073880	0.472505	-1.177775	0.613157	-0.196664	-2.328463	-2.033397	-2.117440	1.083258	-2.169404	0.413103	-1.567087	2.720047	-2.650082	0.731212	4.777944	-2.349237	-1.716191	-2.139843	-1.766133	1.178905	0.431279	0.730513	-0.243223	2.648159	3.881578	-0.613427	1.778242	-2.437398	-0.562928	-2.910460	0.016308
0.556726	-2.757141	-0.229051	-3.837711	1.492712	0.074462	1.490983	2.400294	-1.673172	1.464634	-5.004974	-1.164297	-5.401201	-3.573350	-1.648583	-0.746024	0.602872	-0.432453	3.322107	1.281542	0.749071	-1.572166	-2.350301	-1.183952	5.338854	-1.898600	1.684798	-1.725754	-0.431448	-4.299433	0.485361	-0.662144	-0.639519	1.361325	-1.156712	0.372214	1.165600	-0.065694	-2.728143	-0.219874	0.797799	0.686448	3.736650	1.711690	-0.759639	1.205658	-1.198231	-1.834020	-3.586499	1.208481
1.232590	2.845454	-0.569223	7.198439	-3.511868	-0.274807	4.567532	1.082804	-1.999895	1.384943	-0.975976	1.509460	0.690957	-5.158748	0.120048	0.105336	-0.276791	-0.571700	-9.003121	-1.309053	0.482543	-1.499829	-0.651252	-0.670918	-1.518415	2.909540	-1.855942	-1.718966	0.624744	0.964991	2.311614	0.731470	0.719640	-3.325575	-2.191630	-1.882896	0.160237	-0.246871	7.787106	-5.418776	1.150315	-0.028328	1.732381	1.772833	3.050231	2.628882	1.264552	0.098466	0.212801	0.144072
-1.046397	0.573098	0.541226	6.002069	-4.254976	0.962174	3.252048	0.674005	-0.095798	-0.501542	0.213323	0.293308	-4.042127	-3.980265	1.368256	-0.540798	1.753832	0.680674	-2.550202	0.313463	0.020599	0.755786	-3.320596	2.805598	-3.146827	2.337544	-2.337498	-2.802576	-5.043300	-4.191265	3.010317	3.397694	-1.139400	-1.427346	1.044359	-0.640891	-5.728626	-1.507404	6.075261	-12.058413	3.349738	-5.678672	-1.687114	-0.011861	1.582885	0.945192	-2.075542	1.477373	-2.108497	-0.594407
0.272482	0.973428	-3.304856	2.839616	0.027213	1.060743	0.131650	-2.545680	1.779208	-3.455381	0.492059	-0.041718	2.095048	-2.682742	-3.354186	-0.660851	0.869720	0.930900	-4.097654	-0.135342	0.917386	2.117921	1.487716	-0.497488	2.160825	-0.245763	-0.909416	0.164678	0.225096	0.322400	-2.856408	-0.797252	0.248079	-0.325863	-1.261344	-2.451042	2.195127	-1.183549	3.830917	0.332793	-0.910747	1.757813	1.202930	-1.108965	1.755690	-0.224071	3.027530	-3.281105	0.008806	0.091659
-1.458173	-2.464112	0.775425	3.425098	0.124939	-0.901705	-1.159360	-1.015731	0.486319	-0.457384	0.615753	-0.563730	-0.337934	1.868959	1.779730	2.546768	-0.455497	0.992804	2.465741	-2.203125	0.368371	1.626238	-0.873947	3.260557	-3.321937	-2.062693	-2.414223	-1.859310	-1.778691	-2.653165	2.033402	-3.600945	1.429564	5.723338	2.070767	-0.608097	-4.544834	-1.126937	0.089858	0.443646	-0.215222	-3.746167	-5.005737	-0.205251	-1.006104	0.831407	-0.963862	-0.401466	1.432434	0.289658
-3.628582	1.225524	0.225191	3.497885	-2.676505	0.086415	1.399385	-4.275546	0.182830	-0.913343	0.658597	1.610123	0.761855	-5.592055	2.208893	1.186454	3.795729	-0.054562	-5.802099	-0.270576	4.129958	1.235609	3.140860	2.976083	1.105720	1.374870	1.072024	-0.940615	-2.911013	2.634464	-1.996787	1.915852	0.197995	-3.898894	6.302310	-1.464128	-1.189101	0.966764	6.908697	-5.873208	-2.915403	0.708209	-3.322850	-4.485143	1.047359	-0.391779	0.979276	-1.436944	3.594085	1.183396
0.965963	-3.550689	1.843331	-1.542151	1.098203	-2.556112	-1.870059	0.942754	-0.987736	1.285057	-3.096834	-1.246171	1.485725	-3.289276	-2.121949	-2.306278	1.729104	0.758878	6.405203	0.217085	0.276664	-2.905876	-2.202146	-1.405386	-1.505499	0.029669	-1.272533	0.084302	-3.493053	-2.536026	2.629024	-0.284851	1.334891	2.759821	-3.921403	4.307906	0.116705	1.431401	-1.340604	2.056748	1.090378	-0.280818	2.865542	1.357641	-0.588442	-0.015117	-2.295385	2.716420	-3.284507	0.711068
1.200669	-1.347396	0.308972	4.609652	-3.686807	-2.272829	-1.624605	-0.816295	1.735278	-3.919452	-1.211998	0.714277	-1.717423	5.737339	-1.329686	-0.680183	-4.679706	0.557107	-5.417584	0.312289	1.415141	-0.931066	0.504843	-3.022495	-0.413273	2.337992	0.480015	-1.620018	-1.841934	-5.261026	1.283068	-2.728691	-1.653354	3.282691	-2.724660	-1.638902	-1.312975	-1.766797	4.102233	3.757571	0.475326	-3.106116	-2.834610	1.005834	2.595622	0.995239	0.898304	-2.708665	0.618956	-0.757410
4.717789	2.261027	0.891430	-2.248591	5.183552	-3.325400	-0.083617	2.182864	0.148656	1.461108	-3.899253	0.821780	-0.714918	4.147570	-0.480741	-2.296894	-0.080357	-3.154503	3.373142	1.915349	-0.726613	-1.729503	1.239906	-1.139574	1.335941	-3.021391	1.188877	-0.589718	3.822893	1.221008	-1.100777	-2.876414	1.545446	3.867727	-5.721792	2.610002	3.562625	-0.046059	-5.923366	13.016838	-1.155276	3.372042	4.868295	3.194887	-4.345919	-0.937823	-2.271743	1.034781	-0.974823	0.698176
-3.164359	-3.687532	-1.175939	-4.947659	4.748044	4.056252	-0.466956	2.901736	-0.962907	-2.293835	-1.410593	-0.591361	-8.363569	5.396241	-0.095439	1.527051	0.672485	2.575572	5.606985	0.649922	0.360301	0.933273	1.934248	-3.982950	3.671451	-4.231185	5.439147	0.228358	-3.038174	-0.883200	2.740564	0.978777	-1.021254	1.561757	4.431511	-0.367999	-4.990018	-1.496299	-6.695845	-1.072569	-1.633896	-3.023080	-5.454955	-0.650368	-3.695563	1.396755	1.342172	-4.191635	1.327333	2.870245
-0.319584	-0.154423	-0.456754	-2.486507	1.276872	-2.738533	-3.286104	-1.541430	-2.599189	-1.593769	-0.789178	0.776898	1.812139	-3.562698	-1.585137	-2.308923	0.891983	1.098813	6.569768	-1.121473	0.333746	-0.645779	1.676458	1.862099	-0.641340	-1.310700	0.732288	0.254487	-0.705811	-0.976018	-0.568240	-1.506365	2.457243	2.171152	-0.929329	1.154902	1.530418	2.378358	-1.277640	0.470479	-1.017424	0.718191	3.483377	-0.427895	1.568121	1.441578	0.523853	2.736870	-0.429795	-0.943413
-0.307413	0.735128	-2.297427	-2.324847	1.314727	1.571192	1.273933	0.528122	1.746767	-1.160447	-0.927189	-0.286111	-5.491303	2.311461	-1.115269	0.836619	0.740001	0.937699	-0.558368	1.593343	-0.662590	1.747097	-1.344342	-2.280047	3.708465	-1.347213	2.350711	0.213745	-1.361712	0.261169	-0.085093	2.745363	-0.574497	-5.053125	3.534248	2.381956	-0.102817	0.225831	-3.636282	-1.033277	0.625971	-0.460809	-1.002647	-0.427332	-4.059045	-0.923279	0.460117	-3.091117	-0.956795	2.576799
0.460699	0.378986	1.568508	-1.868684	-0.315239	-0.562374	-3.563633	1.501018	1.322657	2.252007	0.300652	-0.771832	-2.433511	4.714356	2.090190	-0.855764	-2.745343	0.254565	6.031329	0.521215	0.399464	0.417954	0.239792	-0.770140	1.446337	-0.966009	1.350908	1.047896	-1.001602	0.840936	0.401502	0.869750	0.086615	4.778285	-1.347471	-1.471254	-0.418975	0.264333	-3.779063	4.833017	0.190797	-0.057192	1.785394	-1.245717	-0.357148	0.820803	-2.005033	-1.216080	-0.387045	-1.725618
-1.458556	-0.817731	0.110196	-2.077813	4.443002	-0.119465	-2.696086	-2.576781	-0.202303	-4.214709	-2.461377	-1.337928	1.997357	2.673224	-2.022640	0.269221	-1.366343	-0.076660	7.340198	-0.800468	0.094568	0.228127	0.049885	-0.232671	1.389087	-5.041495	1.915131	-0.963743	-0.882593	-0.146733	-1.134907	-4.316187	-0.806866	5.294383	0.288035	0.498924	0.495448	-0.226826	-7.107775	4.277217	-0.106916	0.623478	-0.083803	0.708536	-3.536059	-1.530864	4.462000	-1.905956	0.196419	-1.139715
