X39	X42	X50	X20	X22	X31	X14	X1	X43	X28	X38	X15	X11	X47	X16	X26	X6	X44	X36	X2	X24	X19	X8	X10	X5	X7	X12	X23	X48	X18	X35	X46	X33	X49	X13	X45	X9	X27	X29	X3	X4	X25	X21	X40	X37	X30	X41	X17	X32	X34
0.330213	4.749491	0.749122	1.908449	-1.767362	0.973392	1.303079	-1.612786	2.529617	3.476776	-1.027120	-1.393662	1.865356	-4.021938	0.963004	3.466966	-1.135905	-0.525579	-1.627773	-0.134806	3.432180	-2.327692	2.164855	0.069732	0.454316	0.735142	-1.039220	-5.124360	-3.419731	-1.584249	2.948249	0.494070	-2.585769	1.126596	1.429537	-1.789917	1.807324	-3.406672	4.879386	-0.211792	0.215637	2.364788	5.012150	-5.933477	-0.786757	7.148623	1.368596	-1.394945	0.116667	-3.264759
-1.533111	-0.867658	3.359491	-1.215078	-1.332218	-1.064202	-0.933763	0.876978	-1.487788	0.076920	1.849369	-1.354607	2.014048	0.032572	2.835810	0.301182	-0.594605	4.924541	-0.986899	-0.823766	-1.748431	-2.017251	-0.586246	-0.620997	-0.705027	1.345361	-2.371777	1.154679	3.143036	-0.494555	-2.434949	0.802527	2.954915	-4.775213	2.569770	4.535459	-0.780450	-1.902676	-1.222266	-0.570321	1.464422	-0.846009	0.446770	6.247213	-3.000584	-1.121289	0.024071	1.761175	-0.078736	1.800035
0.601269	2.872469	5.724670	0.564373	-1.285342	-1.969984	-0.385773	0.957902	-0.770616	-1.113070	1.718046	-1.182397	-0.738824	-3.950227	0.952884	3.337786	1.308902	2.828804	-6.072551	-1.443399	-0.386070	-3.827356	1.320657	-0.893132	1.529849	5.302426	-1.918811	0.724243	-1.888161	-0.081752	3.404184	-0.112675	2.868977	-3.605099	1.066959	2.307718	-1.870697	-2.178265	2.786517	-1.605176	0.031346	0.418479	0.582684	-0.728288	-0.461432	2.209612	-0.333027	0.501179	0.526582	-3.556104
0.733024	-6.363650	-3.857223	-1.551425	0.754849	0.601480	0.182422	0.038771	-4.874776	-0.616450	4.227622	-0.313095	1.519025	9.262365	-1.143627	-2.688574	-0.081719	1.490411	5.675781	-1.565900	-0.673488	-0.698413	-0.493037	0.017418	-0.838123	-0.098949	0.665983	2.535493	6.001818	-0.007310	-4.314826	4.749629	0.097116	-2.653473	1.858333	1.769601	1.156315	-0.537358	-2.711784	1.837874	-0.905858	-0.685671	-5.288458	3.495277	3.741491	-4.608705	-2.526077	1.320601	1.359807	-0.337083
0.035484	-3.252927	2.249057	0.117476	-0.613333	1.224194	0.172644	1.530307	1.419601	0.799816	1.888342	-1.108875	-1.604777	-1.039334	-1.010103	0.780139	-1.342810	0.233107	0.926606	0.345148	0.554774	2.325395	-0.262549	2.640687	0.522847	0.449388	-1.442514	0.966403	3.082392	-1.230405	-1.133789	-0.013252	2.573641	3.452112	0.817070	0.847627	0.465730	1.791095	-1.180883	-0.742318	1.935705	-0.289344	-2.323868	2.359209	0.028037	-1.953131	3.092106	2.905583	-1.200962	-0.777038
2.455322	-8.069061	-1.907677	1.091601	-0.675482	0.096684	1.538779	-2.470881	-1.295804	1.230448	-1.657725	-0.843462	0.696312	3.073463	-0.293223	1.357035	-3.550454	-3.353351	0.635375	2.252781	-1.424279	1.214830	-0.486363	-2.223253	2.547507	-2.721111	0.420192	-1.056759	-3.347226	-1.023465	-3.804489	2.768270	-0.138806	0.196633	-0.581157	-5.201219	-1.714281	1.832604	7.335184	-0.398019	-1.072521	2.953351	-0.987688	-1.360472	-2.697626	1.958330	1.343098	-0.900102	0.611218	-6.583337
2.629218	-3.301949	3.300310	1.979884	-2.486095	0.605439	1.585618	0.215013	-4.259597	-1.195746	0.073609	-1.327384	1.625090	-6.347447	0.543957	3.066906	1.322757	1.612601	-3.975031	0.060128	4.552970	-0.394614	0.312535	2.451262	1.907793	0.039924	1.223793	-1.185044	-7.876760	-2.434372	-2.593209	-2.497187	2.790449	0.973250	2.619550	1.029785	-1.569786	1.274940	4.456860	-0.909140	-0.207439	-0.075833	-0.447308	-9.088592	1.831302	2.155373	2.934151	-0.533519	1.120291	-0.855987
1.754796	-0.384829	9.550632	-1.411674	2.944304	-1.204246	-0.534335	0.530504	-3.518518	-4.009198	-2.171850	2.912883	2.758125	-0.232577	2.905395	5.836762	-0.449538	1.404203	-3.770102	-0.774937	-1.026915	-4.515957	0.535495	1.658596	-2.671024	3.328717	-0.360699	-2.846172	0.392371	-3.612046	-3.402787	7.119812	3.634687	1.970439	2.558845	5.776153	-0.828841	-2.381560	6.190659	-2.058131	1.184611	-0.182759	2.720555	-0.868319	7.549430	8.530811	-3.689324	-0.643262	5.498251	-0.782454
-1.355111	0.641524	3.214886	-2.949919	3.251972	-1.192337	2.552234	-1.129444	2.356357	2.821302	0.049157	1.986052	1.549649	5.317576	-2.283300	5.466555	-1.618415	5.799759	-2.714509	2.326303	3.907743	-1.815099	1.070691	-0.063380	0.458747	-0.775099	0.261666	-2.041222	-10.161336	-2.065164	2.688571	6.770435	-0.640978	1.131049	0.704409	6.077582	-1.869689	-3.107309	7.527885	-2.298501	1.332279	-1.067140	1.858580	-7.297962	-0.658240	4.712226	-5.120804	-2.337839	3.488532	0.144332
2.171789	0.637296	-1.137920	-2.680503	-0.228989	0.831922	0.823423	1.508395	-2.922800	-2.043091	-1.888485	-1.848931	-1.981431	-1.394606	-2.676177	-3.307042	-0.716032	-1.343287	0.593451	-0.317372	1.244912	1.025943	-0.286000	3.204650	1.223166	-1.231357	-0.578447	-1.047543	-3.566952	1.995501	1.574352	0.090048	-1.199179	-0.690104	0.652696	0.978588	0.372101	2.393443	-6.402715	0.376377	-0.858180	-2.424488	-0.103856	-3.139691	0.890236	-2.098174	3.663204	2.312660	-0.752526	2.008005
2.818426	-4.099047	5.164787	-1.069718	3.370341	-0.860014	3.194067	-0.913364	-4.259519	-4.728643	-5.358256	0.768260	0.215229	-3.567322	2.291916	2.272008	1.052132	-5.691964	-3.367639	1.483245	-3.581746	1.739913	3.989604	0.854113	-2.148819	-0.711064	0.719884	-4.325594	-1.497214	-1.941645	-4.025010	2.456475	3.227097	7.463820	2.197220	-0.932702	-2.628826	2.734699	5.272815	-2.136778	-1.135309	3.758434	3.756648	-4.765832	9.678251	4.779460	0.132392	-2.986626	3.202974	-3.181384
-0.622019	0.935731	0.606399	-0.366449	-4.015506	-2.468751	-1.962080	-0.142942	0.661554	1.297315	2.126525	-3.799703	0.208727	-1.140850	2.157296	-0.495079	2.500917	1.128940	0.875105	-0.795184	1.301274	-1.305502	-3.432431	-0.127712	0.654122	0.291577	-0.785246	1.124934	1.740959	-0.632251	-2.074198	-9.201357	-0.727488	-2.904112	0.339154	-0.328743	1.631071	-0.705100	-5.009263	-0.059647	0.803116	-5.132800	-1.573486	0.542884	-3.059583	-0.191480	3.352326	-0.907966	-2.024678	5.311004
1.634134	-2.015402	0.240219	0.313001	-3.091679	2.155460	1.166322	-1.378082	-1.517039	-1.530622	-3.367515	-2.034207	-2.017893	-1.852891	-0.180921	0.949440	1.405049	-8.958534	-0.237173	-3.190592	-0.902915	-0.353991	1.402134	-0.712663	0.000272	2.068226	-0.152039	0.864000	-2.353148	1.765058	-0.129859	-0.145138	1.957300	1.541004	0.415247	-3.248858	-2.338553	-0.382556	-1.382038	-0.486544	-1.318254	2.750239	0.667966	-1.595178	-3.697904	-0.331541	3.267436	0.145032	-4.206951	-0.892841
-0.789559	3.671485	0.133639	0.222019	-0.786798	0.931711	-1.154666	-0.537228	1.373214	3.748153	-2.638945	0.650331	-0.624356	-0.437391	2.694804	-1.407523	-0.985282	0.556969	-0.238853	-2.432523	0.511283	-3.169784	-0.689290	-2.825879	0.791547	2.712129	-1.349462	-2.950538	-1.200776	0.757250	1.717555	-1.085505	-0.750956	-2.565150	1.822569	0.186283	1.268724	-2.494414	-0.112896	0.588275	-0.107119	-0.134646	2.719915	-0.847113	-3.446336	1.132800	-1.458754	0.380160	0.227146	0.420817
0.778534	-3.556917	5.015957	0.411669	1.794703	0.619107	0.770235	-0.503407	2.431202	1.793392	2.692367	0.084253	1.731328	9.160750	-2.143127	3.392488	-1.175096	3.402574	2.447002	-3.623042	0.391419	-3.667795	-1.497342	-1.696270	3.430210	5.148615	0.822102	3.940463	-4.002999	-3.080269	3.086400	8.498941	-0.585525	0.177342	0.598858	0.007528	0.028078	-2.174002	11.785620	-1.326271	-1.362482	2.407357	-0.340260	-2.479083	2.297860	-2.156002	-3.985448	0.153833	0.441063	-4.544311
-1.466321	3.963229	-1.302813	1.080392	-0.647264	1.420921	-0.853084	0.449129	1.499866	0.081976	-4.247935	-0.996558	0.370715	-3.233063	-1.308512	-2.029838	0.444461	-6.920348	-3.825792	0.292739	0.346775	-1.213501	-1.782051	-1.795554	-0.917888	-0.848638	0.288442	-2.308067	0.305976	0.311650	1.519972	-6.753665	0.971333	-5.773896	0.491520	-5.726192	0.010373	-0.647193	-3.337969	0.694474	-0.750796	-1.831018	3.563131	0.775435	-1.662416	1.615403	1.833901	1.154758	-4.114202	2.621839
-3.111536	3.705321	-1.514018	1.193857	-0.907441	-0.591051	0.558928	0.246831	2.600303	1.987212	2.275217	4.668212	1.214039	-0.774884	-0.282867	-1.866350	1.560231	3.133129	-1.061254	-2.774857	1.411923	-1.152915	-0.504480	-0.866901	-2.518365	0.568441	0.182613	-0.020818	0.678890	-1.424775	3.252709	-5.414416	-1.614174	-4.153864	-1.608572	-1.933950	2.148530	-1.908390	0.747998	0.734865	4.126841	-0.863955	-0.848896	-0.479561	-0.150294	-2.685029	0.024016	-3.377778	-1.088674	2.086089
-2.109929	-2.219428	1.481286	-0.827807	3.680526	-0.651917	1.986412	1.443450	1.979215	3.176670	-0.196783	1.299154	-3.480588	-4.499475	-1.256666	-0.825226	1.536371	2.857197	-5.282202	3.076001	1.486130	-0.181927	-0.241687	-2.150279	-0.295425	-1.849515	-0.723169	-2.767960	-3.947311	3.077600	0.323629	2.028879	0.129383	5.377088	0.079506	1.851766	-1.144225	-0.755857	3.063047	0.568869	-0.035586	2.401264	0.618577	-0.617296	-3.621817	3.471066	-3.520749	1.876550	3.825531	-2.541602
0.794722	-5.252437	-1.078110	1.976840	-1.467899	1.493004	-0.419647	-0.521568	0.394870	1.096067	-1.171695	-0.039749	0.112313	-1.085340	1.576886	0.936256	-0.739645	-3.157492	0.514311	2.669551	-1.380601	0.783668	0.284876	-2.340512	1.905885	-1.742862	0.591174	-0.407354	-2.065770	-0.717485	-2.487944	-0.483880	0.131948	2.527390	0.582929	-4.156713	-1.333323	1.010898	4.663367	-1.050559	-0.167674	-0.137583	-0.918468	-4.253548	-1.392381	-1.550401	2.457154	-1.037346	-1.290999	-0.816015
-0.442900	0.167852	-1.557325	1.662180	-1.611501	-0.239307	-1.981169	-0.532706	-0.729075	0.737656	1.424992	1.756021	-1.883244	-4.611145	0.144749	-0.580221	-1.177428	0.733016	-3.081145	0.190349	-0.459586	0.672442	-2.767066	-0.111479	-3.020024	0.092922	0.344432	-0.702640	7.623315	1.244145	-1.701097	-1.937175	-0.011743	0.462409	0.556288	-1.276174	-1.549519	0.099804	-5.341768	-0.794720	-0.373814	-0.680730	0.307249	6.257523	-5.670899	-0.228654	1.039118	0.367574	1.324152	2.702465
0.266481	3.352604	-1.528102	-2.597690	1.748219	0.572318	-0.488531	1.737844	-0.942416	-0.859065	-4.524018	-1.631820	-3.743802	-4.811234	0.500797	-1.842852	1.159788	-4.986675	-2.410868	1.146955	1.210960	0.945423	1.089942	-1.784840	3.161581	0.772206	-0.914603	-0.758264	-5.923969	2.568866	3.226450	-3.992796	-1.005816	1.522704	0.863201	-1.661770	-2.740246	2.680862	-2.362057	-1.449496	-0.291517	-2.151460	2.495594	-5.513335	0.605850	0.353681	1.490992	1.185920	1.127167	1.820224
-0.646753	-2.580411	0.802070	-0.552495	-0.386022	-0.324407	1.166248	-0.927700	-0.425423	2.554598	2.993276	-0.933561	-0.121648	-1.466357	-1.115308	2.082683	-4.732773	4.069377	-0.479517	0.070953	0.309820	0.335564	1.556300	-1.641966	-1.054641	-0.439382	-0.671065	-0.484157	4.023566	-0.040349	-3.349830	3.851412	2.177306	0.344495	-1.272923	1.975851	0.906448	0.499768	1.264158	-0.193962	0.355387	-0.968174	-2.067112	2.739730	-3.936313	0.854004	1.704261	0.346837	-2.375291	1.911122
2.065291	-2.045504	4.793611	-0.255993	1.924067	-0.529811	0.339053	0.930647	-2.771624	0.341353	4.453296	0.919478	-2.021445	7.592526	1.384171	0.093555	0.368985	2.154907	0.856125	0.441242	-0.038094	-3.045591	4.562091	-0.271174	-1.440710	0.138646	-2.056004	-0.401568	4.237558	0.151838	-2.697701	7.794311	2.034268	2.197125	1.053828	0.814063	-0.993784	-3.809754	1.486885	-2.121598	1.337826	1.661470	1.144745	3.563981	2.674411	0.757601	-5.254190	3.258503	0.146537	-1.972649
1.336462	2.107253	4.518605	-2.578776	2.550326	1.844135	-0.604480	0.375404	-0.975926	-0.787022	-2.371468	0.197758	1.321603	3.058142	1.318302	2.140549	1.561999	-5.073506	0.101095	-0.757743	-0.094540	-3.870210	1.155361	-0.185993	-1.677012	1.053776	-0.973047	-3.664570	-3.924885	-2.851613	-2.626878	4.398284	2.393268	1.386360	0.468062	0.376462	-2.875880	-2.859429	2.001220	-0.582111	-1.547581	-0.395767	1.529755	-4.920186	4.199413	5.458572	-5.814191	-2.236968	4.675540	1.439687
5.501973	4.332835	-2.444932	3.653846	-3.142941	-0.017365	-0.243456	-0.933415	-1.547728	-0.099598	4.123130	-0.194242	0.636338	-0.612282	1.408888	-4.233466	-0.268182	4.110235	2.594743	-2.633486	2.805617	-3.246111	-1.570975	1.893899	-0.730943	1.250238	-0.306032	0.447291	-1.265535	0.750769	1.315574	1.389210	0.090979	-6.244076	0.559198	-0.678003	-1.716527	-0.945340	-7.939517	0.662425	-2.840278	0.851299	0.592411	-3.422798	-2.460279	-3.610184	2.115559	-2.544919	-3.255398	1.342359
-4.070950	-0.745070	-0.584929	1.604979	0.319541	-0.755765	-0.569892	-0.294631	4.694053	-0.720715	4.754280	2.449842	-1.158667	-1.036717	-1.775297	-1.704153	0.180795	5.196215	-1.080312	0.177917	-0.316682	0.598515	0.407847	1.004649	-1.984769	-0.832523	-0.209288	-0.709548	7.907968	1.600118	-2.720672	-2.247392	3.248924	1.226489	-0.963401	3.913627	-0.823268	2.363877	-4.581029	1.102397	2.026850	0.947103	-2.330691	7.974894	-0.304243	0.957980	1.463803	0.557371	-2.006175	2.199107
-0.898852	3.152148	-2.826602	-3.969230	5.036361	0.816356	0.418167	2.649567	0.216381	2.424843	0.525495	2.366258	0.434585	4.460826	-2.307391	-2.031691	0.397457	3.775807	-0.063620	1.729001	1.578232	0.520932	0.738920	-0.845663	-0.701456	-2.718465	0.469649	3.456281	-0.270639	1.350853	3.665288	-2.248712	-1.248689	-3.829050	-2.031732	5.536796	3.454092	2.742790	0.785896	2.394913	2.106361	-2.390318	-1.444882	0.647983	0.942455	-2.334043	-1.151067	-0.397295	1.998318	-0.393043
0.530549	0.816438	-0.917037	-1.344635	2.529074	-1.647195	-1.358579	-2.044289	-1.618473	-1.268523	-4.919732	0.605283	-1.272882	-5.257131	3.522259	-0.842696	-2.072279	4.538950	-1.921331	-1.310687	-1.853824	2.329003	0.152180	-1.991893	-0.862097	1.826132	-2.377679	-4.688990	-2.580432	1.203318	0.646328	-2.431713	-2.591886	2.201907	2.574341	1.931395	-0.267202	4.506916	0.308824	-0.951093	-0.590989	1.709831	1.571905	-4.808284	1.662948	2.988003	2.510669	-2.449993	5.343789	-0.104833
1.989531	2.610336	-0.074630	-0.015045	0.032808	-0.365134	-0.165009	0.398887	-3.969768	-5.128144	4.630209	0.212059	2.513870	3.452987	-0.791612	3.308616	0.828044	3.198279	-0.548157	1.156427	-0.049352	-1.532403	-0.292718	4.613808	-1.214395	3.067625	1.415843	1.906318	-1.782141	-3.481367	1.717079	3.313931	0.674136	-3.534136	1.783778	2.829701	-2.149661	-2.314294	1.275641	-1.670051	0.148005	1.098546	-1.606595	-2.820615	6.250301	2.014358	-4.794677	-1.230405	1.594028	-0.272997
-1.376545	-2.403937	2.478533	1.183584	0.458983	0.169527	1.100884	0.507733	3.954770	1.853873	0.689669	1.307009	1.998911	9.298836	-2.181884	2.847690	0.183225	2.404962	3.267222	-0.031942	2.964196	-0.507967	-0.236410	0.466136	0.733797	0.041303	-0.406850	4.830410	-5.710400	-2.343760	-0.060636	-2.348605	0.007124	-3.321562	-1.151951	-0.052500	1.894619	0.851155	5.172088	0.269628	1.564894	0.089483	-2.398451	-6.119250	1.724929	-3.682561	-1.807742	-4.865707	1.534790	1.768743
-1.342441	0.204644	1.077539	-2.362517	0.632307	0.750226	0.264910	-0.641286	2.507682	0.731577	-5.824573	-0.921073	0.987146	-2.959593	-0.853610	1.616191	-2.015210	-4.050120	-1.104033	0.206970	0.390618	1.171041	2.464958	-0.056031	3.325142	-1.082418	-1.694146	-2.430799	-7.202441	-1.973533	0.973263	-0.407785	-0.752321	2.157616	0.178888	0.348991	-0.160660	0.682820	6.851314	-0.417120	-0.647791	0.367871	2.503295	-4.789009	1.126907	2.979699	-0.205416	-1.182341	-0.460511	-1.238474
-2.220278	3.268129	-2.071151	0.889391	0.349740	0.615023	0.138118	1.974758	0.510669	-1.306558	0.169311	1.053558	0.561824	0.685380	-2.897526	0.838522	1.079893	0.544761	1.980553	2.975438	0.586881	1.885151	0.439006	-0.706611	0.709747	-0.880685	1.540508	2.139971	4.288961	-0.276887	2.965363	-4.941705	-0.127710	-4.031804	-0.752275	-0.850146	-0.941600	3.455472	-0.841761	-1.929154	1.412031	-0.865766	-0.621757	3.078660	1.685979	-1.661134	2.482318	1.122058	-1.241588	1.278833
2.900054	4.408814	3.254166	-0.177250	-1.857363	0.380287	-3.792412	1.128139	-3.958855	-1.158758	-2.383242	0.109133	0.419909	-11.324473	2.715350	3.862606	1.403796	-4.640165	-2.534856	-0.103650	0.274571	-1.076249	0.118294	0.188908	-1.035748	1.939046	-2.408500	-3.679713	-1.010306	-2.362199	3.379929	-2.845136	-0.342825	-0.154693	0.759493	-2.650834	-1.618205	-1.108542	2.995077	-2.126909	-1.408886	0.535744	2.217874	-0.443511	-0.207808	5.261582	2.652660	1.910213	-0.867915	-2.516516
2.012635	4.546773	-0.414330	0.961851	-1.484646	1.147243	0.437736	-0.513446	2.648151	2.458819	-2.308933	-0.704930	0.749307	0.699107	0.450468	0.459439	0.870607	-1.409264	-0.918059	-1.871886	1.398794	-0.771454	-1.512692	-0.789167	-0.087279	2.503465	0.709372	-0.989202	-6.438460	-2.078004	3.031825	0.724177	1.156595	-0.577045	1.149374	-2.997399	-1.196660	1.402377	3.385161	0.020570	-1.535422	3.726779	3.633658	-7.583683	-0.775171	0.849359	1.350417	-0.736860	0.970557	-4.499339
-1.148533	-1.015092	-0.056925	-1.702233	1.272161	-0.443937	1.713289	0.986423	4.556571	4.552586	-2.564249	-0.020521	0.559510	7.680213	0.538882	-0.468796	-0.019898	-1.059849	-1.582484	-1.379429	1.930573	-4.094463	1.037672	-4.045228	1.325474	0.547159	2.276778	-1.288582	-4.290903	1.312113	1.435331	4.047221	-1.785960	0.692957	1.347866	-0.130515	0.576409	-3.278739	4.783494	-0.391358	0.028243	0.827463	3.720427	-4.631868	-2.565444	2.491964	-3.775900	-1.066075	1.229513	-1.452129
0.942409	-2.594418	2.211195	0.061193	-1.056827	0.533816	-0.037542	0.880418	-2.543729	-0.578993	-2.991131	0.209040	-0.595051	4.293668	-2.441000	-2.459045	0.985394	-7.690137	1.656843	-1.890426	2.000030	0.498394	-0.938901	1.062584	0.474563	0.495810	-2.132845	2.991562	-3.450727	1.662866	-0.765302	-0.787970	2.200354	-2.801617	-1.398682	-5.826921	-0.209039	-0.323014	-4.252383	1.559624	-0.682532	-1.051284	0.858683	-3.527768	-0.671239	-6.154122	-0.899493	1.251052	-2.656616	1.853002
0.893596	-5.600594	10.080358	2.068012	-1.941873	-1.759130	-0.084732	-1.150900	-1.440004	-0.756702	-0.023565	0.371132	-0.827849	-0.993717	0.493545	7.120844	-1.076494	-0.220738	-3.993488	-0.907567	1.548979	-1.235332	0.457146	-1.603835	0.858405	4.177285	-0.531472	-0.598261	-1.098121	-2.003569	-5.255773	1.698800	5.431589	0.164315	1.467784	-1.181177	-4.304595	0.610179	7.961005	-3.145973	-1.397824	3.671256	1.816627	-4.921109	2.500136	4.772248	-1.451011	-0.578123	-1.098924	-3.817174
-2.053821	2.658562	0.659706	3.942980	-5.296432	-1.056004	-0.721348	-0.575296	0.306250	-0.235469	-2.291365	-2.654338	0.848230	-7.932026	5.862562	0.626063	1.617073	-1.566350	-0.422910	-1.083374	0.169764	-0.169317	2.036912	-3.489960	-0.724547	1.122306	-1.797648	-5.114536	1.234359	-1.015187	-3.924831	-5.667885	1.802793	0.465456	3.795632	-5.536789	-2.875228	0.871807	-2.213905	-0.815728	-0.528543	3.741872	4.319282	0.486506	-0.398417	5.277649	3.232895	-0.802327	-2.039661	-4.494669
-0.600755	3.022028	-0.765374	3.037391	-2.912486	0.625883	1.150577	-0.006698	-0.439477	-0.958215	-4.265431	-0.960327	-0.420557	-13.869089	-0.393744	-0.657676	-1.942983	-3.121117	-4.402652	2.486941	-0.376653	3.223149	-3.104754	-1.683739	-0.809446	-3.466080	-0.748891	-4.318652	-0.319629	1.534613	1.283533	-9.233513	-0.545765	1.979771	0.532080	-4.007243	0.790600	3.922777	-0.932584	0.127248	0.175120	2.019147	2.676809	-1.193917	-4.385170	3.757464	7.810975	-0.117583	-2.700824	-4.582677
-3.952558	3.628269	0.120150	3.014226	-3.559992	0.756117	0.305229	-0.332246	2.474223	0.264035	2.002641	0.712370	-1.766792	-3.687167	-0.368253	1.241257	0.645947	3.205621	-2.395163	0.887328	-0.385112	-2.787604	1.221664	-2.041193	-0.156065	1.230307	-0.053774	-3.471868	2.897733	-1.558515	0.477605	-8.279281	0.110825	-2.806426	0.053287	-1.268692	0.548941	-2.938787	0.733949	-1.524917	1.944650	1.184026	0.440470	2.761932	-1.700633	2.184964	2.947849	-0.309325	-1.973324	-2.557356
-3.539258	-3.428340	-0.176907	-1.270613	0.875890	1.435201	2.301501	1.277828	5.289709	1.340855	-0.311071	-0.834586	-2.520500	7.688527	-2.851699	2.752658	1.438525	-0.901510	1.632506	1.651655	0.995126	-0.849988	1.118024	-0.949657	2.877524	-0.707214	1.030382	4.657890	-2.858506	1.515428	0.933262	-1.551609	-3.227027	1.342724	0.317296	-2.308173	0.373452	-0.185245	4.907080	-0.601790	1.823773	-2.125564	-0.961636	-1.254992	0.470790	-3.795830	-0.933475	2.400992	-0.098073	-0.096904
0.833585	-4.915632	3.502341	-2.619836	3.073932	-2.133878	-2.301620	0.412190	-2.216503	-2.194942	2.542377	-0.347956	-4.439685	-4.932757	3.571078	0.774587	0.089905	5.171876	-4.572662	-1.135970	-1.086411	-2.420108	-5.082337	0.932321	1.578872	2.924226	0.265492	-3.802899	1.724372	1.219227	-2.985126	5.694880	1.861572	0.815511	3.487620	5.865610	-3.718857	-0.523827	2.774959	-2.289625	-0.226871	-0.897279	-0.908109	1.760120	3.597173	4.187510	-0.514665	1.312738	4.522473	0.800087
-3.087803	-0.937025	2.651821	3.121227	-3.740380	1.947429	1.572382	0.254459	2.777391	-0.099457	0.379747	0.720916	0.974581	-4.051416	-1.079051	2.139353	-0.724831	-3.075666	-1.735085	1.220224	1.603985	-1.837360	-0.226895	-3.096196	3.422528	-0.743088	-1.009102	0.554001	-5.453334	-0.243146	2.211851	-4.782105	-1.023916	-2.020569	-1.284257	-4.251278	0.350405	0.393104	4.077679	1.594783	-0.091388	1.676881	-0.038528	-5.110762	-2.693899	2.289569	2.837121	1.278657	-4.437132	-4.456837
-0.431248	3.971537	-6.145269	-0.834484	-0.824063	0.733241	0.946726	-0.155608	2.431189	5.024929	0.546970	-0.127734	-2.251746	5.234488	0.530239	-6.596381	-0.221180	0.180256	1.691997	-1.146826	-1.369459	0.023415	-0.581917	-2.081691	-0.635215	-1.627107	-0.406328	2.981773	1.534064	1.914480	1.892468	5.637861	-1.181641	-0.634411	-0.303080	-0.990263	3.057208	-0.239485	-8.344205	4.053152	-1.215789	-2.778458	-1.271237	2.679909	-5.441126	-5.558243	-1.321922	2.435954	0.096435	4.316917
-4.278302	-3.557794	0.888418	-0.067012	2.429112	0.731855	1.164086	-0.704584	1.820039	1.093848	5.956863	2.648233	-1.306441	6.639415	-3.368622	-1.889893	0.015132	5.751763	-0.027687	-1.671013	-1.084482	-1.621836	0.353104	-1.597286	1.098785	2.058419	0.484669	4.636025	6.189668	0.586041	2.320658	3.397530	-0.068222	1.361719	-1.975409	2.271892	0.064913	-3.207665	3.868471	-1.535293	3.531333	5.219912	-0.177741	6.223253	-0.272823	-5.143950	-6.078553	0.782288	-0.244213	-6.297062
-0.159201	-1.493997	1.309093	1.708622	0.582493	-1.253429	-0.735368	0.169294	-0.308408	0.096637	-1.350207	1.209869	-1.558504	0.282969	-0.327857	1.291326	0.060580	0.035861	-1.026399	-0.270817	-2.143070	-0.023480	1.098126	-0.076546	-0.470541	-2.085432	0.265590	1.638516	3.860049	-1.222161	-1.558941	1.306048	0.414895	1.743111	-0.068250	0.974245	1.148879	-0.568720	2.756292	-0.633853	1.548999	0.318632	-0.307097	4.323283	0.954845	0.590733	-0.287105	2.124321	0.754629	0.533061
-0.121083	-0.493347	0.230124	2.169440	-0.905706	-0.128949	0.255076	-0.351566	1.348608	2.026142	0.648993	-0.883665	-1.056649	-1.361872	-2.714427	1.665927	2.088613	-2.860770	0.202599	-0.228778	1.152071	-1.636573	0.174996	0.977344	0.020704	2.267755	2.659244	1.840087	3.757089	1.195441	1.597242	-1.248170	-0.447922	-0.052648	-1.469407	-0.827783	0.152414	-0.196097	1.611668	-0.460153	0.069778	0.009797	0.706582	6.276505	-2.558223	-0.382773	1.959472	1.144818	-1.994089	-1.428988
-0.750811	0.967851	-5.109229	0.736525	-1.468774	-0.725693	0.264635	-1.305573	2.072910	0.231509	3.618911	1.386355	-0.153928	0.705051	1.632610	-2.828556	-0.354985	3.665665	-0.342664	-1.263912	-0.237656	0.781380	-1.080936	-4.628326	1.387183	1.209671	0.564982	-0.803241	1.413964	2.587114	-0.514015	1.874717	-0.350856	0.656980	0.659833	-1.387025	-0.908470	-1.216829	-3.182108	0.522276	0.728342	-0.271928	-0.915145	-0.909259	-3.784245	-2.002150	-2.389863	0.065260	-0.877532	1.492965
0.282113	-1.752335	-3.504488	0.065381	-0.116389	-0.096196	0.397426	0.514250	-0.411604	-0.990157	-1.057239	0.232502	1.444144	7.186399	-2.022735	-4.110839	3.538965	-3.249641	3.620796	2.759134	-2.757388	3.230710	-2.968012	1.380169	-3.502955	-2.909794	0.649037	4.597135	7.784808	1.932646	-2.503918	-3.579400	-1.504047	-2.507906	1.357192	-2.120314	2.489158	3.388354	-9.657369	2.447357	-1.554137	-1.995795	-3.407115	6.627537	1.236840	-5.602300	1.928619	0.754596	0.908290	5.315185
0.560958	0.494974	-1.624359	-0.943808	-0.684735	0.997575	-2.324231	1.064948	-1.792641	-3.435299	2.294182	-0.859382	-1.085117	8.179070	0.911159	0.507376	1.430962	2.049524	1.269305	1.107890	-3.907203	-3.298832	-3.896932	2.265050	-0.925706	1.289722	0.528740	3.673719	5.517290	-1.674337	-0.087940	2.497579	-2.319627	-5.383990	2.643179	-0.264220	1.200877	-3.589507	-3.863074	-1.107151	1.006582	-3.892750	-1.678800	7.292844	1.850432	-3.286096	-4.918810	1.818358	1.155695	3.989953
2.198731	0.519264	2.015760	1.826384	-0.249876	-0.769072	-0.622401	0.564821	-0.831229	0.466630	-1.664651	-0.801854	4.238586	-3.150212	2.936971	5.135274	-0.108892	0.200420	0.047692	1.351606	3.226637	2.440461	0.334570	0.236049	2.652724	-0.082700	-0.014896	-2.018119	-5.232460	-4.148659	0.758848	-1.805331	0.078132	1.954951	2.561524	1.478136	-3.030091	-0.009987	9.668988	-1.497044	-1.657787	1.106710	2.799160	-6.573691	0.792425	4.259344	2.078769	-2.012867	1.939088	-2.800132
-2.382145	7.286101	-4.379798	0.560028	-1.805675	-1.041272	0.334616	0.887709	1.586243	3.204038	0.240257	-1.390487	0.040581	-6.310164	1.077394	3.117959	-0.280433	1.218958	-3.261650	0.815786	-0.094439	-0.586000	1.441316	-3.315130	-1.781754	-0.187189	-1.028252	-3.208276	3.802112	0.960127	3.082931	-8.229194	-2.365889	-2.722947	0.826294	-2.332387	0.618702	0.778189	-1.476451	0.620149	0.171737	-2.553449	-0.138551	5.500083	-4.987708	6.212462	3.619705	2.905673	-2.110760	3.141894
-1.976840	1.342712	3.364005	-0.183257	-0.739196	-1.951315	-1.070029	-0.360552	-2.057801	-3.340661	-0.208450	-0.562171	1.645680	-9.450206	1.050662	7.335736	-0.343101	1.459439	-1.371257	-1.052596	0.047985	3.289273	-0.829285	1.336432	1.901935	-0.581835	-1.015860	-3.435912	-2.340005	-2.174166	1.228182	-6.341774	-0.972453	3.960078	0.003616	2.661584	-3.123075	3.401895	5.761965	-1.787047	0.256722	-0.309739	-0.892731	-0.869862	4.438083	4.990037	5.224037	-3.045687	-3.668444	1.849012
2.084780	1.302340	4.392871	-2.373024	4.243126	1.344923	1.530850	0.517009	-2.476749	0.070633	0.278989	1.412917	2.498669	-0.479003	-3.213289	3.580681	-2.264147	1.621836	-0.755329	-1.036897	0.556657	-0.394183	-0.196404	2.012838	-0.719350	2.533145	2.468685	-2.487653	0.329803	-1.482037	1.891882	8.065424	2.699643	3.900570	-1.346469	3.624720	-0.964604	0.114179	5.772691	-2.024436	0.458423	-1.857058	1.502784	1.142390	5.186212	5.766470	-3.324330	0.890618	0.514469	-0.018452
0.137761	-7.138908	5.847896	-2.034034	3.005752	-2.886523	0.894605	-0.647424	0.579474	-0.307070	0.083220	0.183106	2.273413	10.024915	0.202873	5.237694	0.265507	4.124257	1.392101	1.775273	2.092510	0.086247	-1.666228	0.095546	1.008661	-1.956711	-1.287578	2.381369	-1.238285	-4.040567	-6.387667	7.843202	1.471798	1.739527	2.151567	2.856768	-1.117813	-0.277333	7.169148	-0.021611	0.649432	0.424038	-0.495180	-4.613351	5.518046	0.254798	-4.492011	-2.228578	4.973466	-1.013638
2.846810	-5.877839	2.372367	2.935712	-3.627050	-0.885375	1.387460	-1.550928	-2.870919	-2.815727	6.725725	-1.370365	0.653315	6.689302	4.454459	-0.982237	-1.791057	3.505345	5.194707	-2.458886	-0.686338	-1.251686	0.183270	2.636488	-0.504310	0.132535	-0.095402	1.663572	1.311228	-1.092082	-6.743813	5.544396	1.495806	-1.353173	5.459238	-0.121043	-1.331974	-2.698205	-5.302228	-0.604372	-1.165385	0.480129	-3.544427	0.040758	-1.267263	-2.466443	0.426682	-1.304350	0.776425	-0.182220
2.773709	-2.455459	4.575913	1.334769	-0.757574	0.398014	-0.284146	2.230129	-0.180705	-2.115840	-3.438259	-1.105943	1.708384	3.879263	1.759442	2.206518	2.356565	-5.765452	3.039128	1.582413	2.497793	0.762132	-0.909672	1.069440	1.884343	-0.197283	0.296453	-1.640912	-4.990081	-3.370363	-2.416917	0.778961	1.242446	3.764558	3.578070	-3.572194	-3.167496	-0.222806	6.463504	-1.203487	-1.416548	2.326270	2.119395	-6.387720	5.070071	2.495187	-0.250597	1.669012	1.556624	-4.717370
0.809952	-0.212098	-5.328829	0.057820	-1.023229	0.716839	-0.090341	0.116735	1.624031	2.810655	1.581155	-1.996112	-0.562167	2.857366	0.215401	-4.432942	-0.875588	2.681764	1.219968	-0.806653	-0.538834	0.914955	-1.505168	-0.786638	1.242548	0.267282	0.874616	0.864872	0.196832	2.924462	3.534809	1.831384	-3.170356	-1.411712	-1.140348	0.550471	1.499931	-0.396266	-4.927953	2.444081	0.010359	-4.180204	-0.975816	3.110096	-4.016970	-4.557282	-0.747551	2.165530	0.310263	5.195977
-0.796724	-0.474057	0.456873	2.551645	-2.063209	1.463074	1.559123	-0.736356	1.441833	1.249108	-5.971579	-0.540413	-1.194243	-1.513115	-0.953545	-1.811458	-0.179478	-4.415256	-0.411770	-0.895298	-1.116858	-0.645814	1.325963	-1.875634	-1.266174	0.974726	0.300257	-0.008284	-2.541615	1.936459	-1.334346	-3.932970	1.698028	0.166884	2.516899	-4.470190	-1.374881	3.044851	-1.675843	0.855281	-1.132028	1.962410	1.548578	-1.864635	-3.335879	-1.217490	2.050153	-1.018783	0.333477	-1.215085
2.561231	3.803937	-1.479408	-1.429768	3.512383	-0.299178	-0.166008	1.807086	-7.533626	-3.511932	-7.042334	-0.324779	-1.702108	-4.752483	0.506202	-1.035625	-0.191693	-6.595034	-3.931973	-0.552706	-1.785287	0.849907	1.213928	-0.408346	2.189504	1.717684	0.707775	-1.034467	-5.315726	0.523635	2.919866	2.659507	1.330360	-0.432712	-0.285039	-2.818750	-1.086232	0.968218	-0.101345	-1.728338	-0.505277	2.335715	1.718640	-2.301798	3.674804	0.518484	-1.338655	2.424785	-0.408903	-0.494321
1.014690	10.484757	-3.020908	-1.897464	4.361871	0.959310	1.494172	-0.660857	-3.647166	-3.155823	-1.555600	-0.224658	-0.492771	1.759589	-1.207253	1.389430	-0.058243	0.007725	0.260487	0.581007	-1.090821	1.567562	4.143877	1.787131	-4.344673	-2.323660	-0.431572	-2.793330	2.618334	-1.296632	2.972265	3.776785	-4.121305	3.422953	-1.439827	2.037040	-1.288910	0.993281	-4.278702	-0.797331	-0.827602	-1.835668	0.123213	1.860740	6.674052	3.501973	-3.724953	-0.858625	2.738544	3.944372
-2.500618	3.138500	-4.764539	0.866473	-1.210701	0.558282	1.274955	-0.413755	3.576065	0.176767	-1.503636	-0.254040	0.741314	-6.189693	-0.319030	-2.312126	0.152646	-0.165793	-2.553268	2.017661	-2.227058	1.485574	1.030524	-2.335459	-1.464622	-0.989464	0.428028	-2.440233	0.709459	0.603998	-0.502492	-5.802425	-1.027408	-0.558090	0.611124	-1.681165	-1.810339	2.099116	-2.654949	-1.127602	-0.046811	1.218489	1.203410	1.411947	2.299618	0.736539	1.912586	-1.275258	-2.313881	0.451193
-1.573655	2.892850	-0.565502	-0.678773	0.792906	-1.199840	-0.418921	-1.074671	-1.012735	-0.496275	0.641527	1.230905	-1.673075	-2.053556	-0.357073	-1.770402	0.728190	0.726110	-0.849972	-1.156203	-1.811107	-1.677840	0.714427	0.902447	-2.364974	0.012195	-0.138228	-1.293065	4.359344	1.313225	1.165489	-1.189826	-0.310168	-2.811199	-1.203475	2.970070	0.474846	-0.613142	-3.007056	0.759457	1.431599	-0.619774	0.497394	3.222834	-0.519830	0.269475	0.758617	-0.336564	0.698107	0.680903
1.215037	-3.605580	-0.274820	-1.172006	0.619938	-0.067959	0.187888	0.281070	-3.262865	-1.877159	1.889206	-0.835117	-1.387394	4.007514	-1.290048	-1.011887	-0.047988	-2.653167	2.029199	-0.090225	1.535162	-0.380464	-0.695097	2.212587	0.766570	0.726583	-1.676979	1.743290	4.303603	0.978742	-1.426410	2.664834	1.039451	2.228772	-1.448969	-0.817506	0.631921	0.938199	-1.350328	1.013122	0.157016	0.005598	-2.870169	2.304825	1.675167	-2.550718	1.890616	4.209366	0.571499	-1.408277
-0.289378	1.444454	1.598678	0.624100	0.281130	1.483143	2.817244	0.479362	-1.561293	-2.419038	2.100470	0.396662	0.055826	3.918803	-3.546665	4.882907	1.934977	-3.089152	-0.521110	-1.393409	0.801191	-1.562430	2.756547	0.545942	0.865529	3.278781	2.592951	3.600072	-1.956309	-2.382201	2.214885	3.583748	0.091384	-1.431082	-1.483687	-0.039834	0.631663	-1.246970	7.121068	-1.607669	1.682617	1.587201	-1.001307	-1.801279	6.319482	-0.107665	-4.056874	0.797542	0.002103	-1.606325
-0.257848	-2.789837	0.136009	-1.505911	-0.146414	1.434898	1.206819	0.552663	3.307830	2.234554	-0.997218	-2.383151	1.799851	-1.995001	0.550051	2.141164	-0.666666	-1.381346	-0.001269	0.908625	-1.140954	2.866487	-1.511867	-1.015393	-1.157454	-0.627778	1.928951	-1.615173	1.879281	-1.729718	-3.608588	-3.128701	1.438770	1.333729	1.702576	-1.168355	0.108444	1.024335	1.969089	1.099463	-1.942443	-1.648276	-0.085800	2.175414	-1.131016	2.585467	2.602154	-0.126821	0.704919	2.101596
-3.915902	8.389629	-0.981023	-2.408854	4.215365	1.500024	1.904928	-0.700615	-1.550245	0.969245	-3.482418	-1.332617	0.281219	4.168438	-5.448091	-2.706274	-1.315628	-0.318010	0.191960	-1.143180	0.235428	0.266418	2.651943	-2.278946	0.161313	2.241372	1.546153	-1.434230	-2.073648	0.116668	1.939741	-0.184724	0.977820	-4.472105	-3.316802	-0.550129	-0.771967	-1.682695	-2.765527	-0.311867	0.011777	-3.431425	3.052296	0.178747	5.314597	-0.537552	-4.173914	1.423781	0.233572	3.499032
-1.472781	-0.078593	3.911921	-2.133926	6.668899	-0.724401	0.730241	-0.746184	-2.024184	-1.288763	0.027213	4.293792	2.713845	3.372987	-1.367442	4.357434	-0.753123	5.981598	-3.438334	-1.544339	0.179506	-2.194191	-0.721150	0.416469	1.216860	-1.044779	-1.414117	-0.560240	-5.525844	-2.892032	1.823881	3.375880	-1.581342	1.112856	-0.400518	5.607876	2.192571	0.700350	11.593089	0.149225	2.974175	0.483894	0.656250	-5.387866	8.891781	5.026407	-3.363311	-2.829740	4.620567	-1.847251
-2.163563	3.423998	-4.037218	0.075327	-1.838831	-0.641025	-0.856345	-1.190864	0.016919	-0.701410	-0.157302	-3.012699	2.466251	-7.217293	0.375546	3.110332	-0.568420	0.496693	0.827908	1.658473	1.905764	1.676194	-0.072293	-1.768389	1.812114	-2.247248	2.575059	-0.101771	-0.883769	-1.078427	-0.613385	-10.656683	-2.658991	-3.130118	-2.723480	-1.929319	1.047649	0.748884	-1.859885	0.124228	0.896828	-2.057313	-0.662488	-2.125442	-0.156189	1.579765	5.779177	-1.790602	-5.563731	2.118761
-0.785702	6.324852	-4.047595	2.275469	-3.219568	-1.299932	-3.207959	-0.022751	1.350538	-0.763525	-1.944192	-1.274248	-0.836602	-12.533575	2.304628	-1.728945	1.161379	-0.729445	-3.247557	0.170828	-2.545282	2.509615	-2.980942	-0.148218	-2.897804	-0.740104	-1.809341	-2.286204	4.530868	0.215286	0.958023	-12.411871	-2.806346	-1.279004	-0.155800	-1.598745	2.051868	2.877173	-6.307259	0.913621	-0.455917	-4.975283	1.034508	5.653971	-0.486690	0.639656	5.738678	-0.345492	-1.388485	5.386254
-0.536176	0.200322	0.150782	3.896887	-2.121621	1.579920	1.544385	0.109720	0.533451	-0.872785	-1.306982	1.453943	0.948625	-0.849717	-1.614631	-3.104317	1.614312	-4.164040	0.154353	-1.288481	0.902116	-0.221317	1.652529	-0.699255	-1.065947	0.832623	-0.039842	0.250427	-1.133565	0.069414	-1.101579	-1.048885	0.858453	-1.077908	-0.445312	-5.291503	-1.470175	0.150642	-1.848546	-0.953068	0.343382	4.918086	1.452217	-4.156623	1.449837	-2.728934	0.801576	-1.698361	-1.456662	-4.435345
1.754072	-6.495228	5.624593	1.343166	1.679302	-0.435834	1.479760	-1.049746	-3.047197	-0.958747	-2.051478	-0.216452	-2.833249	-5.661499	0.947454	1.690148	1.615175	-4.197139	-2.551056	1.475586	1.569252	-1.967397	1.682685	1.326921	1.519944	1.935554	2.503649	-2.799260	-3.643520	-0.004664	-2.523505	1.782864	1.555667	1.635831	0.772121	-1.272379	-3.181891	-0.306545	9.069882	-3.382813	0.636667	5.942079	1.742236	-3.030895	5.460278	2.284263	1.641183	2.090431	1.353819	-7.799214
1.087238	-2.121183	-2.920570	-0.443500	-0.201560	-1.103339	0.446654	-1.137200	1.838596	0.127354	2.580180	-0.026596	-4.041149	-0.647996	-0.563275	-3.514033	-2.053656	4.200731	-1.177764	-0.366883	1.545902	-0.137194	-0.755338	-1.307558	1.916167	-0.563750	0.040327	-2.140414	-1.714702	3.726035	-0.327512	3.859546	0.587610	1.338613	-1.463227	3.757837	-0.810123	-1.031469	-1.592108	-0.339446	-0.560164	0.959549	-0.713716	0.453916	-4.264272	0.043467	-0.346857	1.132861	-1.578893	-3.381967
0.642810	0.509990	-1.352694	-0.543092	0.279859	0.053333	-0.491485	-1.521604	1.782063	0.818066	1.501348	-2.053519	1.666362	3.489459	-0.024305	-1.951816	-1.512563	1.938335	1.997719	-0.604115	-0.087050	-0.307082	0.443337	0.041372	1.643498	-0.467330	-0.245185	1.581006	1.561890	0.614620	-1.085431	1.900880	-0.415459	-2.349269	-0.475602	0.033070	1.340169	-0.106898	-5.732436	2.182393	-1.999167	-3.249560	-1.371382	1.392453	-0.420985	-2.084194	-1.139209	-1.841819	-0.553557	6.220210
-1.703068	5.259217	1.903007	3.033148	-4.368391	-0.541386	-2.330944	-1.614024	-0.359826	-2.356564	-0.236049	1.621225	-1.521543	-4.979993	1.374631	-4.408103	0.340508	-0.138229	-0.783102	0.627253	-2.107186	-3.952604	-2.095182	-0.758381	-2.320919	2.255804	-2.008116	-3.167449	3.797041	1.349492	2.756343	-9.189688	2.232474	-8.078313	0.317666	-3.042869	-1.704448	-3.661097	-7.518424	-1.368141	2.207273	4.203728	3.024845	3.511950	-3.595356	-1.853421	1.160748	-1.773343	-4.695006	-0.956895
-0.071778	4.303752	1.837191	-0.025737	-0.694113	-1.550526	-1.727310	-0.095444	-2.923632	-3.604083	1.669007	-0.362375	0.165020	-5.968852	1.579980	1.874566	-0.674903	0.402997	-0.513524	2.874405	-0.008661	-1.332337	-1.742170	-1.403455	-0.840378	-1.028219	-0.271668	-4.742333	5.564548	-0.552110	1.659791	-1.286854	1.275915	-1.081765	-0.726800	-2.128272	0.262905	-1.654894	-2.134455	-0.217225	0.216060	-0.468342	1.474457	2.888169	2.783326	4.760120	-1.467886	1.125986	-2.032663	1.236116
-0.554503	-0.305583	2.333421	2.295099	-5.168976	0.196366	-0.086595	-0.639500	1.886584	2.406486	-2.531292	-1.396189	0.434008	-4.071031	-0.654335	0.153030	-0.170617	-3.153617	0.160611	-0.188735	3.530204	-0.020702	-1.232456	-2.664797	-0.301526	1.166800	-0.010177	0.607691	-0.540441	-1.074631	-1.914015	-1.287304	2.241291	-0.198435	-1.839853	-4.287627	-1.721393	-1.377030	1.652109	-1.087731	-0.939173	2.807939	1.717951	0.493450	-5.324142	-1.665131	2.437887	1.207216	-5.022103	-3.342683
1.685213	0.180089	2.713327	4.191489	-0.275135	0.492508	0.607836	0.069866	1.910623	3.861168	2.502011	2.733585	2.863887	-6.038517	1.303540	5.512627	-2.314929	4.260065	-0.504984	-2.270311	0.048318	-0.779431	-1.360496	1.132316	-2.227862	1.521108	2.275324	-3.248917	-1.906719	-4.087748	2.374470	1.416521	-3.037937	2.206635	0.622801	3.177770	2.415691	0.884451	9.423884	1.076195	-0.408150	2.656425	0.316470	-1.632450	0.646989	5.621815	4.064870	-2.605945	-0.233254	-5.670022
-0.080188	-5.691156	0.654850	1.172435	-0.463999	-0.456757	0.811246	-1.425641	0.518274	0.998739	0.842773	1.705147	-2.573467	4.127098	1.638265	-1.938204	0.879897	0.236733	1.746795	-1.750352	0.440292	-1.219191	-0.172443	0.870115	1.572598	-0.594410	-0.699803	1.315305	-3.317124	0.593204	-2.902559	0.979701	-0.797464	1.365744	0.588559	0.099763	2.558133	0.004094	0.442875	0.423156	3.053876	1.310600	-0.757029	-3.312758	-0.914246	-3.404893	-0.366438	-2.404058	0.702855	-1.488485
1.417456	3.055503	3.125119	1.734421	-1.490922	-2.033244	-1.808983	0.356522	-2.728295	-0.535503	-2.115402	2.462772	-0.557047	-1.069718	0.043214	0.248254	0.823053	-2.822102	0.538030	0.032617	-0.919361	-3.072270	0.472682	1.147689	-0.702797	2.410654	-1.307871	-0.554402	2.374320	-1.129076	3.058013	-2.844823	-0.056412	-2.725911	-1.103667	-1.373813	-1.133378	-0.612144	0.953538	-3.039384	1.942802	2.966612	2.914984	1.189107	3.632753	0.144361	1.554003	0.020925	-2.849659	-1.331535
0.493491	-2.057185	2.598815	-1.881999	1.846840	-0.817010	-0.033200	-1.393372	-1.972638	-0.770572	2.973147	0.205008	1.542424	-2.729679	2.801200	3.991841	-1.150032	3.284107	-2.663423	-2.177434	1.462375	-0.593815	2.283597	-0.224680	-0.073047	1.519336	-0.500380	-5.210886	-0.213533	-2.874896	-1.939635	3.411672	-1.342429	3.984307	1.152554	4.411257	-1.488374	-0.421116	6.280627	-1.970443	-0.325335	3.248328	1.481310	0.159243	5.338515	7.327063	-0.027090	-2.204164	2.265460	-3.783564
0.808085	-8.039462	2.705226	0.406511	-1.960869	-0.167461	1.755500	1.373223	0.781359	2.129996	3.642308	-1.801117	-1.733497	4.269105	-1.527276	-1.237405	2.622631	-3.448394	3.565700	0.935926	0.471768	1.269917	2.796957	2.926700	-0.671987	-3.909422	2.374521	3.056573	4.434480	0.753608	-5.933201	1.720781	2.036303	1.469076	0.355916	-3.267752	1.973432	-0.965940	-2.705756	2.097389	1.010804	-0.107689	-2.258709	2.619615	-2.271767	-3.762092	-1.542967	2.376397	-3.875510	-1.388190
1.511752	0.021667	-1.119143	1.395378	-1.227985	0.599332	-1.061465	-0.517989	-0.284318	1.615066	1.903527	0.110366	-1.571350	-6.197447	-0.868347	-2.380854	-2.382464	2.164810	0.029779	-2.170331	0.974968	0.117496	-1.799090	1.897181	-0.182524	1.687125	-0.233958	-1.818796	-3.690669	2.929417	0.980316	0.211549	-1.646463	1.364756	-0.606464	1.682597	2.358476	0.304134	-6.637005	1.201691	-0.988846	-0.278840	0.477967	-3.219827	-3.774127	-0.026919	3.132546	-0.105715	-2.014720	1.167933
-0.902400	0.107835	-6.566090	-4.133070	3.866112	3.076744	2.246457	3.260157	1.553759	1.261467	3.340741	-0.458501	-2.834972	10.324257	-6.581744	-5.984316	0.413736	1.989884	3.205245	1.613935	-1.479480	-0.829837	0.746755	1.447831	0.241308	-3.010897	2.875202	3.919619	4.853751	3.331222	2.663575	6.752987	-1.977927	-0.833316	-4.459755	2.292836	5.613461	0.189611	-7.789903	3.326978	2.102729	-4.744821	-3.351871	4.359439	-3.089055	-7.459084	-5.078096	2.310671	-0.728380	5.792029
4.827964	0.609119	-0.264080	3.916903	-4.975490	0.703184	4.306887	-1.346045	-4.578194	-2.746612	-0.530888	-2.878123	-1.902168	-2.040374	-0.140905	-4.421338	-2.225100	-1.698232	0.634957	0.221126	0.103968	0.732395	3.553965	2.747115	-2.791981	0.285924	1.201839	-0.714771	-3.400144	2.961833	-1.398789	-1.889171	0.547788	1.381714	1.362503	-2.231369	-0.650765	2.353816	-8.988459	0.299258	-3.681708	4.999812	-0.143067	-2.983562	-2.159128	-0.328608	5.198561	-0.497108	-2.150624	-1.654991
-1.960388	-1.981988	2.569897	0.177632	0.840665	-0.665033	2.188368	-0.175752	1.538013	-0.692859	-0.035132	-1.159092	0.037121	3.388503	-0.342677	4.715763	1.526323	-1.550261	-3.637787	1.099624	0.467885	0.142755	1.185937	-1.480793	-3.184547	0.504197	2.505150	1.417253	-2.683099	-0.700768	-2.139186	2.186810	2.181909	1.031939	1.344930	-0.666754	-3.197537	-1.669756	3.313493	-2.086323	-1.754179	3.150360	0.541855	-0.757704	4.118460	3.316664	-3.729922	-0.515653	0.206216	-2.325836
1.971800	-2.474522	0.999756	0.698005	-2.311817	0.240328	-2.694143	0.465792	-3.756196	-2.266620	1.863536	0.131221	-0.245467	-2.691927	2.037722	0.491306	1.807356	-4.027253	1.373882	1.819779	-0.541732	0.408504	-2.342467	3.921440	-0.810285	-0.983568	0.188281	3.247625	0.809862	-2.146595	-1.932824	-4.040000	-2.772203	-0.553021	0.259861	-0.387818	-0.133475	-0.457366	-1.259054	-1.130525	0.663767	1.610896	-2.316122	2.087725	2.275816	-2.295109	2.271529	-0.151893	-1.942829	2.129537
1.892219	-0.718530	0.639339	-1.786850	1.857310	0.199297	-0.978741	1.406978	1.789401	0.004594	2.255014	1.596184	-0.725284	-0.124902	0.357540	-0.912431	0.804362	-0.070150	-1.297740	0.527988	-0.345839	-1.989403	-0.266720	-0.605555	1.030334	-0.052101	-1.298461	-0.726810	0.094254	0.373610	0.978967	2.369434	-0.620881	0.332937	-0.106477	-0.206774	-1.075271	-2.747816	-0.665403	0.082831	-0.552030	-3.013410	1.023590	-0.365719	1.821685	-0.447776	-2.984580	1.143721	0.311657	2.703854
-2.676004	5.239666	-0.517711	3.663047	-3.914832	1.012725	-0.027142	-1.320610	2.400115	0.033934	-6.158002	0.289641	-1.230396	-7.908367	-3.365893	-1.189216	0.518521	-7.978066	-2.100921	1.864110	0.568434	2.178927	0.323688	-1.637296	0.991311	0.628073	-0.694620	-2.975309	0.749369	0.699647	2.491957	-9.547461	0.638044	0.228527	-2.705535	-7.180264	-1.192393	0.918338	-2.895995	-2.793662	-0.099801	0.990162	4.871146	-2.457059	-7.014650	3.106090	5.344452	-0.435355	-6.651942	-1.155896
1.018509	-5.046684	1.916927	1.387827	2.259501	-0.169447	2.758406	-0.469676	-0.787488	-1.127824	4.029139	2.859194	-0.182436	7.392660	1.464506	2.294998	-0.343722	4.172864	1.082362	-0.953351	-0.031926	-1.263794	2.184189	-0.858587	1.240136	-0.272536	1.364718	-0.360471	-2.471253	0.307692	-0.490253	10.693327	0.260268	5.124814	1.577977	2.525670	2.073684	-3.768033	5.424988	0.196363	0.764059	1.715615	0.965529	-1.051811	2.524969	0.946770	-4.208286	-0.719259	2.558807	-1.161694
0.222491	0.182107	0.975548	5.230815	-3.139324	0.244719	0.166130	-0.453290	2.332241	3.077864	-3.223729	-0.328171	-0.684389	-2.366383	-0.000253	0.573714	-1.338476	-2.317428	2.037139	-0.057723	-1.486869	1.456392	1.215640	-0.883333	-0.606380	-1.777150	-0.753391	-1.230331	1.151278	1.792740	0.257578	-5.510801	-0.053784	-1.251985	-1.880142	-5.943110	0.159290	1.562222	-0.586826	1.020725	0.172565	2.542191	-0.799997	-0.755778	-4.532416	0.214139	5.333420	-0.288242	-2.615553	-2.940673
-4.388534	0.472527	6.005046	2.477565	-2.108351	1.559718	0.569995	-1.088226	3.226229	-0.418285	-0.873631	-0.399077	1.961683	-0.393670	-3.526362	8.974660	-3.359446	1.937617	0.168850	0.049791	-0.611073	0.427875	0.717946	-0.866830	-1.090509	0.959649	-2.243256	-1.091583	3.863267	-3.532098	-1.193442	-3.508979	3.100898	-0.336846	-3.307515	-0.005529	-0.996011	-0.822600	7.565216	-1.720459	-0.121568	2.564190	0.626448	5.488359	0.015063	6.246900	-1.574437	0.168043	-3.525639	-3.425538
4.790310	-2.843013	4.787634	1.278747	-1.989715	-0.655192	0.662643	0.138299	-6.049646	-2.405016	2.780322	-3.684810	-0.339555	-1.483966	2.582434	1.443101	-0.305049	-2.613245	0.258539	1.795742	0.889206	1.324355	0.898117	1.867967	1.761281	1.858093	-2.189327	-2.034457	0.319664	-0.710176	-2.108146	7.242328	2.627932	3.685410	1.844380	-0.800153	-3.145344	-2.389763	1.368877	-1.376722	-3.427204	1.633787	-1.584846	-2.246548	0.904865	3.491163	-0.312745	1.580964	-0.309598	-2.229732
1.552863	-2.878751	2.595330	0.680295	-1.491164	-1.557711	0.083052	-0.583067	-2.322870	-0.798453	4.332387	1.527398	1.759054	-5.089201	3.501619	1.736241	-1.987685	6.511481	-2.579562	-3.224580	-0.787104	0.223730	-0.406056	1.733077	-3.933647	0.118988	1.463231	-3.491598	4.907200	-2.644037	-4.662726	4.701437	3.095043	2.697585	4.370646	4.789095	-1.564236	1.256258	0.532832	-0.490955	-0.461055	1.234484	-1.840221	3.357590	1.471174	4.798109	-0.170034	-1.930527	1.750753	-0.956640
-0.002363	-1.831942	1.101103	0.060108	2.043725	-1.518324	-1.765454	-0.015977	-0.523614	-1.868042	2.940097	5.104047	-1.262274	-5.111089	2.571895	0.797224	-1.350745	7.540127	-0.159654	0.642189	0.172653	1.058382	1.113002	2.184871	2.379126	-1.138396	0.017789	-1.326598	-0.080568	-0.020204	1.535469	-2.056457	-0.694386	4.153484	1.632131	4.274374	3.248722	0.899066	5.229353	0.844292	3.660217	0.414479	-0.229122	-0.209531	0.653376	1.304078	1.163183	-0.790362	4.330227	-1.246327
-1.727924	1.009351	-0.489898	-3.365745	4.384172	-1.244291	-0.414240	0.507673	0.710250	0.338606	0.579324	0.864585	-1.672473	0.988878	3.922488	-2.292535	-0.225581	7.823677	-0.586573	-0.040423	-2.364184	-0.869476	0.560197	-0.480442	-0.916037	2.663461	-0.682699	-3.624820	2.496539	1.059039	-2.763419	4.729225	3.181199	0.207837	4.169632	9.081984	-0.920554	-1.101030	-1.877303	-1.357028	2.437516	-2.510780	1.256129	4.474528	4.591507	0.399565	-2.010057	0.201049	7.647228	4.272016
-1.004004	6.382844	-2.981810	-1.826564	2.539988	-0.329009	-1.284425	1.987200	3.008838	2.736366	-1.861760	0.578571	0.630273	-2.996597	0.272886	-3.765546	-0.169487	4.046155	-1.846298	1.974529	1.160151	-1.394398	0.803176	0.062327	-1.956155	-2.628113	-0.615494	-3.065767	8.068917	0.689737	3.411428	-1.302399	-2.582340	-0.087973	-0.489932	4.925013	2.101550	-0.190739	-4.451001	-0.938904	2.187859	-5.612938	1.854983	3.781579	-2.221015	1.324776	-1.021239	1.374999	4.350376	6.475446
0.864743	-2.751994	2.468836	2.066508	-1.453762	-0.320085	-0.618478	-2.115403	-1.238581	-0.046752	0.527026	0.861176	-3.974893	-7.387021	3.633817	-2.218473	-2.169565	0.579643	-3.893582	-0.113537	-0.927465	1.658112	2.330454	-2.382695	2.645147	0.163398	-0.792992	-2.894211	-0.751490	4.123619	-2.686065	-1.966937	3.348484	4.244154	1.398591	-2.085101	-1.805970	1.231880	-1.539058	-0.748764	0.050700	2.593273	1.427742	-0.528191	-3.480132	1.975105	2.793774	1.050752	-0.256084	-2.514241
1.984953	4.942274	-1.107348	1.784464	-1.668218	-1.808658	1.247825	-0.340974	-0.357795	2.215666	1.680246	-0.055541	-1.728888	-6.076961	1.680162	-0.382291	-2.814069	8.346905	-3.292512	-0.986437	1.379164	-1.347540	1.698112	0.610102	-2.640706	-0.425022	0.864846	-5.462113	-1.338681	0.464123	0.403924	5.820782	0.723219	3.406980	-0.489829	5.635102	2.167809	-2.618110	-2.690937	0.453953	0.054912	1.351315	0.713029	-1.197143	-7.414168	5.724666	2.104611	1.867880	0.479526	-2.621758
0.144450	-0.525912	-0.750406	0.006255	-3.678154	0.230873	-2.236391	1.294045	0.378501	0.050948	1.044020	0.141287	0.641145	2.740878	0.424207	-0.479678	1.913851	-3.664686	2.481934	0.730137	0.406218	-1.836129	-2.036008	-0.614866	1.018471	0.525139	1.006201	0.871814	0.955169	-1.417124	1.018781	-2.547617	-0.528766	-4.859330	0.455751	-2.029295	-0.091487	-2.104047	1.604674	-1.255999	1.786007	-0.365729	-1.597805	1.189150	-3.652005	-1.879380	-1.512533	1.985657	-3.917205	0.186854
