X27	X3	X45	X9	X28	X22	X12	X5	X19	X24	X43	X29	X26	X32	X1	X14	X13	X36	X34	X15	X37	X31	X38	X21	X33	X23	X30	X48	X18	X25	X7	X35	X11	X41	X4	X10	X47	X6	X44	X8	X17	X2	X50	X40	X20	X42	X49	X39	X46	X16
-2.853615	5.140559	-0.639108	0.110498	0.298986	-2.122783	-3.207927	5.285207	3.755775	-3.586659	2.320725	2.681654	3.871088	-8.242662	-2.908262	-2.874017	2.640562	2.915644	-0.105807	1.840411	-1.664791	-0.847719	-5.104316	-1.640120	-1.246989	1.176567	-3.885021	-0.683765	-2.621020	0.031221	-0.512369	5.744532	2.069003	5.703074	-2.790504	-1.726784	-3.582033	-0.323237	2.356125	2.525307	3.924903	1.246530	3.455053	-1.654842	-0.339386	10.461083	7.026984	4.178411	2.614512	-0.110433
-0.525420	0.674842	1.223004	0.311520	-1.072860	-0.458575	-0.105466	-0.787975	0.872877	0.211580	-0.779569	0.369916	-2.074376	-1.736929	1.908246	-0.053764	-1.109516	-4.128905	1.560445	0.094698	-1.037445	-1.567084	-6.561644	-1.192310	-0.745625	0.601838	2.433460	1.113768	-0.064197	0.068224	-2.667888	-5.271799	0.382001	1.797953	1.466865	-0.098567	1.103234	-0.701157	0.030440	-0.700256	-0.043507	-0.028333	-1.476851	-0.488675	-1.315867	6.531375	-5.192970	-7.740761	2.316013	-3.360005
0.996538	-0.635115	-2.017050	-0.699914	-2.236729	1.049934	0.077806	-1.255390	-0.334208	0.986392	-0.693006	1.005652	3.564306	-0.493787	-1.132917	-2.698687	-2.268693	-2.864682	0.801349	-0.084799	2.740107	-6.972718	6.846431	0.072126	1.442670	1.531494	-1.433692	2.941854	-6.526376	-0.786927	0.770773	3.643428	-0.472211	1.167335	2.364362	-0.181119	4.092081	-0.602681	1.162248	0.909926	0.745154	2.109158	-0.549303	4.540816	1.546723	-5.875528	-3.182508	7.959952	5.811511	-0.016098
1.283793	2.135266	-2.853039	-0.038362	-2.549986	0.297406	-3.551643	0.071682	0.413147	-0.244018	0.742411	1.872353	2.061361	-3.912048	-0.446869	-0.629428	-0.731313	-1.235823	1.842035	1.224887	2.232166	-1.257645	1.250283	-1.469456	-0.959453	-1.615432	-3.745149	-0.279005	0.305283	-3.446264	0.916255	0.795785	1.332610	3.065742	0.928126	1.257174	0.154160	-0.680940	-0.251126	0.115052	1.224771	0.448342	1.986875	-0.654890	-0.127560	-0.765954	0.226674	3.225604	3.441940	-1.155323
3.062141	-1.290285	2.676405	2.861459	0.935943	1.182335	-1.389667	0.215947	-1.972893	-1.492442	0.665481	-0.456025	-2.352947	2.639295	0.182353	-2.697427	-3.386837	2.971945	-1.184445	0.646934	1.546802	-0.445264	6.654808	3.721600	0.683471	4.869595	2.505535	1.406923	0.983201	2.120869	0.099303	2.473313	1.988881	-2.448159	1.197043	-1.189349	-4.991135	-1.851053	4.470439	-0.295159	3.004238	-1.053772	-5.269794	5.639567	0.415746	-5.813228	-3.035803	8.691448	-3.145540	3.778505
0.279725	-1.745402	-1.226104	1.130694	-0.140471	1.098349	0.540999	-1.130633	-0.730742	-0.495359	0.840187	3.868153	5.996481	-3.662561	-2.790599	-1.063696	-1.216173	1.840833	0.867586	-0.603281	1.789647	-0.698641	4.591298	-0.077811	1.815336	2.025406	-2.812164	1.940616	-3.258049	-1.066362	1.673646	0.983628	0.473482	4.199820	0.569417	-1.494760	-0.003413	0.529688	0.727169	1.393803	1.063279	1.953787	4.776523	-0.390664	1.784756	-7.147063	5.124380	8.274507	8.794689	-2.249806
1.509054	-3.571312	2.332366	0.414558	3.188648	2.166335	-1.480939	-1.111689	2.893744	3.698134	1.329997	0.302792	-3.927409	2.162327	0.090026	1.032111	0.397025	3.378211	0.422459	-0.061386	-0.410363	2.903769	-2.685874	-0.313170	3.396400	1.761894	1.935221	-2.586954	1.740624	-0.185957	-0.649734	2.818385	1.722410	0.195796	3.417821	0.154247	-7.945029	-0.499531	3.463047	0.378028	3.063406	-0.372943	-10.338508	0.922940	0.635660	-0.681941	-2.455011	-4.032464	-6.785953	-0.963804
-0.485990	1.738889	3.754049	-1.952071	2.002243	-2.674306	-0.944536	1.606338	2.867183	-2.751423	-1.213972	-0.695312	0.101193	-1.275765	0.081240	1.444743	2.930593	-0.565578	-0.235508	2.606103	-0.489803	-1.873452	-2.148696	-2.126157	-2.650009	0.145260	2.011614	3.562250	-0.635644	-2.376417	0.751117	-1.033289	1.478411	-1.937207	-1.850835	-2.366971	-3.059169	-0.240124	-6.644298	-2.341858	-1.014926	0.783919	8.118961	-7.459836	0.057720	7.977563	-4.579249	-0.983518	-4.424401	-1.595501
-1.425416	-1.464572	-0.620510	-1.035252	4.508534	1.183342	2.663606	-1.999507	0.774305	5.452936	-0.868419	2.750206	-2.050560	-3.374065	0.893465	2.976317	1.834198	1.291691	-4.452034	2.689850	0.244211	0.380447	-4.154229	1.145338	3.526775	-0.846454	2.177909	0.979240	0.400093	0.347859	-0.593428	-0.653506	-0.224449	4.189812	-1.511010	-3.043430	-1.075274	0.416993	-0.016230	1.498900	-0.350336	-0.776181	-6.045361	-2.854289	1.196037	0.402748	-0.520130	-10.249232	0.710057	1.176576
0.386721	-0.650753	-3.665481	-1.085718	-3.093411	-0.415857	1.036033	-2.807841	1.254474	2.337849	0.313953	3.537372	-0.799237	-1.032536	0.823658	0.652532	1.619263	-2.332408	3.837622	-0.870372	-1.775113	-0.395747	-2.418525	-4.303056	0.476859	-2.923344	1.141977	-0.494676	1.207263	-1.344562	2.032785	-2.082817	-1.071466	0.516634	2.449956	3.245676	6.289309	1.631810	-3.887168	0.980026	-0.934449	0.919080	0.741143	-0.882971	1.092004	1.163148	-3.162054	-2.056561	1.342649	-3.631119
-2.809669	0.093197	1.276411	2.100911	-2.397511	0.826854	0.811420	2.841824	-2.410226	3.178440	2.470731	-1.477238	-1.565918	0.140855	1.402828	2.839340	-3.024621	1.522758	-3.420525	-0.406706	-1.262948	0.557461	-4.436015	1.772138	2.572089	0.127037	-0.968760	0.477274	0.401865	-1.946052	0.320202	-1.388747	-0.427405	0.275748	-0.494684	0.142838	-0.996812	-0.379864	-2.589231	-0.887903	0.226245	-1.406544	8.199519	-4.612998	0.123836	-3.264970	2.713572	-10.480617	-1.621812	-0.184029
0.395581	0.504259	1.047909	0.115026	0.457952	0.513513	-0.451423	-1.603899	0.036396	1.391427	-3.548426	0.386464	0.114443	-2.604667	1.674167	0.666286	0.622542	-0.039608	0.109745	-0.570667	0.504262	1.828921	0.986164	1.309607	-1.180164	0.421029	0.799466	-2.645044	2.054668	0.835706	0.124865	-1.258250	-0.593604	1.431562	0.377099	0.040907	0.597235	0.651053	-1.788955	-2.653445	-0.927755	0.057280	0.785629	-3.858569	0.498398	0.851000	1.413362	-1.777711	0.003170	0.784966
2.223482	-2.338792	1.685096	1.086697	-0.650709	1.736080	0.710911	-0.129238	0.071250	-0.170489	1.423538	0.981870	1.512233	1.135746	-2.185508	0.709361	-0.187575	-0.106057	0.811488	1.633723	-0.488014	-0.934629	-0.552148	1.046902	2.860955	1.080856	0.985431	-0.283977	-0.982511	-2.391409	0.435623	-1.703908	-0.353371	0.497230	0.806622	-0.839796	-0.910067	0.019772	-1.395627	-1.111531	-2.116011	-1.322504	2.449347	-1.060971	0.760659	-0.273223	1.971085	2.117276	3.210554	-0.864420
0.427737	1.127124	-2.317535	0.866751	3.055669	-1.648722	-2.129681	1.457931	0.375600	0.631068	2.813375	2.400275	-1.714232	-1.822086	0.553558	-0.831648	-2.227477	6.604158	-3.298166	-0.349677	-0.873527	3.057808	0.436468	1.299266	-0.731665	-0.085083	-1.479250	-4.343124	1.660674	-1.343657	-0.025194	4.330173	1.422757	-1.260868	-1.755882	1.228637	-2.355274	0.705301	3.500761	1.371001	0.881375	2.216452	-4.076484	0.013186	-0.795483	1.916198	4.422781	1.105595	-6.000627	3.881000
0.192720	1.583149	-2.207976	1.801687	0.253725	0.470399	0.921983	-1.225689	-0.622517	0.172350	-1.417432	-1.338329	0.285564	1.846169	0.759529	1.693103	0.188328	-0.612446	1.172165	0.386681	0.366650	-0.498821	1.633527	-0.086261	0.301610	2.534599	-1.373877	-0.501773	-0.679178	1.274965	-0.779006	-0.667664	-2.164733	0.959438	-0.794781	-0.213661	-1.409106	1.677423	-1.157219	1.585168	-0.304183	0.137619	-1.470990	-0.945535	-0.564488	-2.482946	0.735438	0.030988	-0.155937	-0.986992
-1.830698	-2.140824	-0.249993	-3.906244	2.344283	0.388011	0.976818	1.117100	2.520428	-5.617785	0.408446	0.825682	-0.675999	0.913386	2.331377	-1.541861	3.566561	2.401511	0.722411	0.096291	2.358540	2.014829	0.594468	-3.028588	-5.246893	-3.489394	0.208144	-2.024833	1.785594	-1.990774	0.783084	2.290158	-0.058495	-0.132678	1.576918	-0.891856	2.065886	-1.180683	-0.946416	2.372058	1.450882	0.760568	-7.339588	0.616591	-2.296015	-0.268179	-2.556590	5.013796	-6.842322	0.311025
0.077155	3.372873	1.965404	0.422817	-4.408464	-2.344497	-3.105335	1.994002	-1.611524	-0.911403	3.132396	0.061628	-0.752173	-0.116706	-1.213288	-0.568466	-2.240231	0.165735	-4.385801	-0.219850	-0.090525	-1.407650	0.125465	1.694128	-1.107096	1.129682	-1.446030	2.092871	-1.422771	-0.406926	-0.643438	5.346797	0.102543	-0.475269	-1.668875	-0.397624	-1.383786	-0.519595	1.478993	0.372575	2.500554	2.163829	9.007585	0.157003	-1.302574	2.494596	2.416007	1.639825	8.447324	0.639254
-1.674203	0.382154	3.342801	2.529159	0.667073	-1.420368	-2.965741	0.101836	-2.593513	6.206865	1.843255	3.312170	1.430693	-4.341972	0.582181	0.460329	-0.422169	4.669501	-6.448184	0.068808	0.546884	-1.217988	1.658049	5.477439	4.386301	-0.270195	0.387353	-3.154719	-1.833737	0.114810	-0.272023	5.120365	-0.087555	3.296822	-0.216470	-0.612923	-5.308697	0.199633	3.594658	1.491133	2.860593	0.919895	-1.438318	-1.185182	0.616911	-0.414359	8.903259	-4.023583	6.947816	2.346958
-2.685635	0.298325	3.326232	0.472355	-3.497642	1.591732	-1.431121	-0.253259	0.128775	1.378629	3.829743	-1.549067	-0.613234	2.452268	-0.780624	-0.573782	2.321025	-1.163504	-3.618559	1.594631	-0.967568	0.213015	-4.195516	0.978917	2.893611	-2.978795	3.228748	0.303673	0.022284	1.320401	0.397851	-4.040619	-2.542332	-1.364520	-0.187909	1.325082	2.168644	0.506100	0.991353	-2.382217	-3.166911	0.330258	7.486818	-1.071634	-0.430088	1.151135	1.493023	-11.088440	1.646086	-1.018434
-1.387899	1.659506	7.414482	2.072626	0.580747	0.642808	-0.464135	0.426473	0.458522	-1.937105	0.300315	-1.185988	-0.301580	-2.451191	0.681375	-0.622380	-0.324396	1.204436	-5.054328	2.173086	-1.321081	2.568946	-4.895168	1.458554	-1.373993	4.443178	-0.532563	-1.942427	0.674861	-0.204459	-0.278795	-0.291154	-0.437790	1.919813	2.050214	-2.421210	-3.132193	-0.606847	-0.959457	0.324432	0.975513	0.724469	-1.348992	-2.980470	-1.375781	5.307679	0.760086	-7.299633	0.980252	-0.150054
-1.950039	0.638427	2.327331	-0.361465	5.294747	-2.055080	-6.608628	0.490676	-0.979302	-0.508276	5.298697	2.272454	0.948726	-3.392009	0.199460	-0.093537	-3.847012	4.645531	-0.013924	2.572012	-2.731911	-1.104351	-3.440165	1.602249	-0.771274	-0.960543	-2.697364	-3.118830	-1.290071	4.374276	0.054751	6.643733	5.738597	1.768087	1.706152	0.764036	-5.498046	-2.047688	6.158207	0.879388	4.346033	0.219217	-7.564802	1.506100	-0.823258	6.272991	2.789581	1.500106	0.165915	1.466429
-3.397718	0.092428	1.529012	-2.932185	4.938324	-0.276943	-2.217794	-2.349423	3.896976	2.003704	-1.464945	0.346859	-0.699969	-1.107997	2.128077	0.177994	3.326157	-4.929774	3.235940	-2.083913	-0.148556	0.329345	-4.434685	-0.097336	0.049528	-5.011431	0.928297	1.777433	2.741140	-4.116100	-0.961044	-4.826017	-1.859091	-0.845677	2.525163	-0.605089	5.481330	2.296439	-3.869074	-0.995992	-1.179526	-1.420522	-0.749465	-7.279284	0.955672	2.676718	-7.016765	-7.760531	-1.568329	0.663859
1.806689	1.598641	-1.567816	2.890326	-2.769418	-1.713438	-5.868969	-0.875386	-2.660489	0.900643	-0.764308	-1.822451	-2.691751	2.253894	-1.538179	-0.084072	0.789451	2.249616	-2.415516	0.008412	-0.113190	0.440253	1.741901	0.378578	1.691591	1.181840	0.975732	-0.885881	0.843544	-0.505500	-0.873786	0.940172	1.953521	-3.332664	0.600542	1.874578	0.887365	-1.261906	8.351023	2.222880	2.475486	0.748372	1.224056	4.631301	-1.939637	-2.308776	1.361939	-1.766564	-1.465492	-0.205964
-2.054078	-0.424289	2.032074	-0.201317	-3.556579	-0.815692	3.213982	1.133649	-1.366045	-0.820451	0.417185	-1.719049	-5.607362	3.040748	-0.763218	-0.490251	1.847365	1.073796	-4.951797	0.274736	0.489351	1.891903	-8.004758	1.723425	-0.146760	-3.132696	0.426121	-1.270993	2.472292	-1.895236	-0.344241	-1.635645	-2.730950	-1.848353	0.330036	-2.116546	1.562339	1.014045	-5.006235	-2.560565	-4.332880	-1.948928	8.833452	-2.148786	-1.158906	5.065717	6.527453	-15.717924	1.306377	0.432390
-1.817854	0.122279	1.997938	0.714518	0.396439	-0.909320	-0.145928	1.671728	0.151164	4.051718	3.741294	-2.211203	-0.435107	0.104993	-0.976491	-0.393484	-0.781413	2.458243	-6.441879	0.396050	-1.638403	0.198099	-2.439641	4.083349	5.110658	-3.270519	1.631810	-1.518221	-0.575408	-0.926736	-0.405235	2.278098	-0.950401	-1.083818	-0.087155	1.066703	-3.226782	0.682349	0.256105	-0.902585	-2.152305	-0.761496	0.307058	-0.593362	0.087302	0.238636	2.202461	-6.596959	-2.002802	1.861843
-4.009281	0.228974	3.300829	-1.243186	5.730076	-0.497754	-4.560006	-1.231183	-0.572343	-3.545363	-1.924273	1.306142	1.182919	-1.775722	-0.963180	-2.316558	-0.611043	-2.932271	-6.677464	1.866762	0.851296	-3.115194	-3.845657	-0.492391	-0.328000	0.332290	-0.022577	3.855286	-0.750627	0.306674	0.144125	0.284229	1.373041	1.367430	-0.241803	-1.931366	-0.403021	-0.220195	0.725189	1.855575	0.295888	1.930476	-3.451723	-2.334980	0.340567	4.946444	-6.498510	-6.461051	-0.227828	1.351154
0.089273	-0.190776	-2.557801	0.130638	-0.800500	0.013841	0.777999	-2.273025	-1.954747	-3.161586	-1.598873	1.273356	0.017520	-2.315769	0.105961	0.037125	-1.261856	-1.285808	3.424869	0.390249	0.358329	0.039278	-3.812257	-2.788862	-3.516715	-0.477206	-0.327178	1.566475	-0.252492	-0.339848	0.649672	-2.665635	-1.199971	3.592746	-0.764476	-0.003526	0.334526	1.617619	1.470654	0.230263	-0.281570	0.269132	-4.158522	1.654784	0.534725	6.465887	-4.439098	-0.507574	-0.454963	-1.936033
0.169777	-0.230099	1.136907	-0.567872	1.094296	-1.849055	-4.929906	1.696350	1.253035	-2.349236	1.039072	1.498309	-1.108859	-0.978081	0.277246	-0.215144	-0.336513	0.763677	-2.294216	-1.080664	-1.820473	-0.921922	1.506954	1.256159	-2.889775	1.730621	-1.384224	-0.724720	-0.052598	3.809183	-1.246182	3.164156	3.460001	0.155692	-0.033280	0.652364	-1.449710	-1.869288	3.451276	-0.116112	3.251253	2.256353	-2.810025	0.758095	-0.883370	4.043677	-2.084874	4.373370	-1.922620	1.516585
-0.860099	-2.990615	-1.273505	-0.729989	3.003288	2.785686	-0.033880	-1.282597	-0.030314	0.279255	2.490457	-0.367343	1.617868	2.362893	-1.648747	0.591844	3.599419	-0.462197	-0.015922	1.700825	-1.766773	-2.077745	2.531512	-0.414085	1.661475	-3.204782	1.006327	-0.426491	-2.200184	3.089919	0.470138	3.726366	0.970308	-0.494217	-2.609099	-0.744801	0.171917	-0.306580	1.249396	-0.283611	0.367777	-1.068466	-3.901134	2.299470	0.170888	-0.665236	0.507675	3.768269	-3.918456	2.235987
-0.083993	-2.961444	0.189782	1.142463	-0.452502	2.954951	0.990032	-1.826237	0.598555	-3.046812	-1.339215	-2.575708	0.504001	5.299527	-0.413364	-2.878978	-1.706824	-2.632902	-0.322234	0.973655	0.513566	-0.852357	1.388191	0.671527	-0.756710	-1.202654	4.087608	2.007574	-0.413682	-1.883540	-0.400146	-4.766973	-2.263954	-1.886055	0.777941	-0.836175	1.590687	-0.290423	4.099127	-0.484154	-3.761580	-0.018225	0.456452	4.382585	-0.916085	-5.122034	-1.789658	-1.719713	3.159083	-2.557248
-0.671476	0.102771	0.736628	2.966570	-1.556180	-0.786188	0.483338	0.450507	-4.775568	-3.656767	-2.673724	-2.377098	-1.305969	0.343911	-0.820843	-1.483998	-1.530614	1.984528	-4.236211	-1.815220	0.576289	2.023644	1.032118	3.017930	-1.565207	2.008410	-3.000714	-0.235758	1.177545	3.153456	0.605026	0.865489	0.300656	0.470037	-2.763227	-1.694562	-2.193381	-0.136966	1.779101	-0.189855	0.158144	-0.362203	0.672442	1.844979	-0.530407	2.101949	3.679299	1.607872	-0.577261	2.596688
-3.150733	1.159905	2.603087	-0.654332	-1.149251	-1.916921	-2.076357	1.644587	2.446501	-1.547057	-2.785260	-1.868331	-0.956358	0.569041	-0.714936	-0.310744	1.703714	-0.105105	-3.519787	0.917647	-1.528977	-1.183243	-3.135075	0.167398	-2.108671	2.503384	-1.240190	-0.643533	-1.500597	1.180214	-1.475215	3.686310	0.789077	-1.954339	-0.732127	0.408756	-1.495549	0.913691	3.231717	2.763667	2.759054	-0.712660	1.832528	0.832271	1.393971	3.919020	3.481260	-5.116473	0.403362	-0.201075
2.340182	3.116622	-0.946341	-0.502085	0.810820	0.602157	-2.068224	-0.154421	-1.431985	-2.220788	-0.465315	-1.178902	2.370862	-0.731699	1.238605	-1.704473	2.705838	-0.753965	1.892395	0.856116	-1.535948	-1.701120	-0.329112	1.788687	-2.869589	0.472488	1.226910	0.727217	-1.319489	-2.591417	1.774951	-0.542799	-0.519554	-0.566351	-2.106151	-1.602853	-1.299949	-0.814288	4.913990	3.929572	1.200309	-0.218744	-3.650487	3.575969	-0.565201	3.115611	0.538323	4.865834	2.009430	0.451959
-1.792640	-2.999058	4.321817	0.891050	-1.978304	2.486845	1.293802	-1.678407	-0.811676	1.839267	-0.163617	-1.376585	-1.230368	1.788140	-0.676456	-1.884818	-2.349598	-2.345664	-4.563437	-0.366091	1.794305	0.962702	-0.338638	1.582514	2.165219	-0.702205	1.119949	1.003085	1.462369	-0.903264	0.448466	-2.548992	-0.426672	-0.375755	-0.981721	0.591354	3.171833	-0.098923	-0.592535	-3.213321	-1.668482	-0.868597	4.750899	0.311085	-0.104325	-1.548929	2.933035	-8.097129	1.486826	-0.236759
-0.926155	-0.292710	0.407028	-1.946656	-0.812824	-0.288410	1.261168	0.216199	2.850235	1.611550	0.472774	-2.870331	-1.438665	1.691274	1.489807	2.208641	1.430835	-2.935646	0.505082	1.794237	-2.465194	-2.068587	-3.192233	1.198463	-1.340925	-1.483279	0.591839	3.097918	0.228762	-0.655904	-1.310093	-0.363127	-0.792316	-0.895979	-1.100309	1.726463	-1.491684	-1.015702	-3.786703	-0.779210	0.678617	-0.828253	4.867606	-6.022580	-0.736642	-0.659641	-4.426508	-3.372579	-2.121693	-0.217703
2.278082	1.654541	-0.474146	-1.353120	2.610717	0.056127	-3.052674	0.578249	1.637589	2.741862	3.273052	1.701754	0.553556	-2.488252	0.255108	1.588087	0.166203	2.374507	1.033522	-0.470176	1.294273	0.278526	1.534355	-0.132798	2.854339	1.403218	-0.993776	-0.255552	0.884818	1.613066	0.162003	6.269382	1.626282	1.599928	-1.726522	-0.268726	-0.380357	-0.519399	0.989553	-0.052023	2.088118	1.952948	-1.579856	-3.936634	1.557445	-0.567538	-1.908426	5.674659	-0.482334	0.138223
-3.554522	0.504496	-0.088275	-1.822029	-1.767207	-1.668182	1.409311	-1.378109	3.275860	0.233178	0.298384	0.480304	2.955537	1.006277	1.531424	0.753005	2.230973	-2.187970	1.302603	1.496918	-1.554448	0.315862	-3.491582	-1.850329	-1.865908	-0.411752	-1.981896	1.485216	0.262393	-2.043150	0.230588	-3.154801	-0.877258	-0.581229	-1.487236	-0.254059	0.341751	-0.012789	-6.762209	-0.814505	-1.323972	0.093946	9.489090	-5.561351	1.020658	2.345403	3.165620	-3.051194	5.747033	-2.168929
0.591613	-1.625715	0.579750	-0.839156	-3.756362	0.250635	2.718553	-0.268724	-2.501802	-3.292236	0.005638	0.136471	-0.283621	1.146861	0.344865	-1.604646	1.593877	-2.284985	0.790213	-0.217445	-1.919231	0.637198	-1.122573	0.744003	-1.691229	-1.234652	-0.292427	-3.012299	0.329964	2.402314	-1.603250	-4.842302	-2.282026	-2.553087	1.274445	-0.095960	2.656262	1.467105	2.301609	-1.348180	-3.458378	-0.276082	2.505073	3.246194	-0.699626	4.573125	4.462493	-1.918408	4.153588	-1.448469
2.454816	-0.384951	1.254406	-0.107084	1.997529	0.189431	-0.358664	0.157326	0.149056	-0.522290	0.697541	-4.745098	-3.241831	4.623065	1.759433	2.696543	0.250048	-0.094160	0.011866	0.251423	-0.403597	0.382302	2.946607	0.996469	-0.311325	-1.852912	3.408883	0.543277	1.707614	-0.637073	-0.586669	-1.406222	0.812375	-5.818372	2.684150	0.421716	-1.740593	-0.635322	1.511546	-1.702655	-0.166354	-0.721672	-5.828114	1.754771	-2.774305	-2.267118	-9.197376	2.935494	-8.832371	1.087721
-1.022071	0.167424	-1.937446	-0.059494	0.166201	-0.887959	-0.472702	1.024726	1.635741	1.054127	0.694448	2.775892	1.930764	-4.143041	0.208262	-0.323978	-0.488811	1.779289	-5.428228	0.676005	1.157084	0.783417	-0.887223	2.196044	0.252753	-0.550175	-1.745846	-0.674563	-0.465717	4.714998	0.409259	2.419815	2.363500	4.019097	-2.739208	-0.519091	-0.445253	0.399093	0.076437	1.733270	1.139824	2.083503	0.514153	-0.794017	1.176013	3.324867	4.745334	-4.258497	4.227676	-0.191814
1.366193	-2.129255	0.663676	-0.316585	0.955560	0.355282	0.937453	-0.609490	-0.389041	0.569387	-2.040605	1.924590	-0.879856	0.550107	-0.380994	-0.568394	-1.838691	-0.517083	-0.482107	0.194856	1.247523	0.401505	0.832914	-1.205252	1.493131	1.697441	-0.384000	0.422575	0.007829	-1.229821	1.714495	-0.071634	-0.568394	-0.680714	-1.415418	-1.288858	0.485402	-0.526253	1.699468	1.957220	-0.192124	-1.073063	-1.390837	1.365079	0.565871	-3.111703	0.317337	0.033481	-2.969236	0.107514
-1.541940	-1.209625	0.523862	3.249556	0.019555	-1.447706	1.844943	-2.976326	-0.796364	4.902200	-2.252072	1.217364	-0.914338	-1.383730	1.326352	2.449755	-0.109822	-0.855871	-3.737324	0.322530	-1.510196	2.004143	-2.968158	3.025132	1.537989	2.042281	3.326862	-0.719327	0.582722	0.040673	-0.553892	-4.498888	-1.574649	-0.352007	2.746694	2.709972	2.124807	0.403674	-6.119723	-2.412053	-2.631338	-1.411287	6.866891	-5.524061	1.099872	1.965480	6.735519	-11.778305	4.348366	-0.235128
-0.453652	-1.064946	-1.777434	3.289375	1.104840	-2.354672	1.361433	3.421645	-1.458720	5.787879	2.043271	-0.330603	2.328660	-0.668352	-1.090384	-0.054291	-4.011914	-0.513455	-2.641547	0.508894	0.612570	-2.488303	2.176955	5.463109	3.351633	-0.075046	-4.677368	1.226902	-0.930937	2.672359	0.436932	-0.909727	0.096471	-2.043074	1.029774	-0.079155	2.289807	2.787115	2.764189	-0.608408	-2.276956	-0.820235	-2.431957	1.802911	1.227748	1.898259	-1.371437	-4.439451	0.868492	0.615208
-0.522229	-1.098163	0.644415	-0.011694	2.346424	-1.831247	-1.337348	-0.238118	0.216408	-1.477866	-3.332926	-1.644323	-1.690928	2.511564	-0.211604	-2.123759	-1.039382	1.455876	-0.270601	-0.288942	0.295401	-1.098151	-0.584122	0.269711	-1.462820	-2.375130	-0.393702	-0.080676	0.217334	2.828948	-0.535113	4.534894	2.762382	-1.490130	1.108394	-2.189962	-1.361736	-1.471745	5.052978	0.179337	-0.133725	-1.303591	-7.113833	4.368239	0.821494	3.468275	-1.310995	-0.322713	-1.988175	-0.360070
-2.943202	0.926140	0.967177	-0.022412	-4.885002	-2.208651	5.337123	1.433429	-2.664042	-3.191616	-2.374205	-4.507219	0.104001	2.277440	-1.523102	0.610265	-2.327690	0.807697	-7.308444	-0.160291	-1.333408	-2.213246	-2.073255	4.503708	-3.092694	-3.742709	-0.546482	0.987612	-1.851543	-3.130916	0.075346	1.716974	-4.220591	-2.301118	1.224487	-1.994748	0.399383	0.387279	-5.206413	-1.150978	-1.976357	-0.744298	10.430287	-2.515131	-1.602795	2.634416	4.456117	-6.349175	2.025222	1.459504
0.447249	-1.679208	-1.728310	-0.764821	-0.948620	-0.452575	3.234311	0.924387	-0.633397	-0.714638	0.670100	3.003201	0.670150	0.311677	0.207461	0.565712	0.580065	2.606623	4.813926	0.765310	-0.052070	1.484636	0.034823	-3.426797	0.337202	-1.883161	-2.038437	-1.431543	1.736497	0.782064	-0.623754	-2.189160	-0.183008	0.253458	-0.660521	0.028427	-2.491276	1.120908	-1.874277	-1.408348	-2.102058	-0.618994	3.204279	-2.186773	1.311407	-0.130832	1.157609	3.606041	0.119311	-2.007509
0.217027	0.549599	-4.074907	0.185661	3.694352	-0.428339	-4.029359	-1.212528	-0.217024	-0.703847	-1.776239	-1.251439	4.978181	2.966121	-0.190864	1.560519	1.312437	-1.634209	-0.132077	1.460160	1.292473	-3.239099	8.383718	0.887043	0.535890	-0.661478	-0.731692	1.334633	-2.891085	-1.098528	-0.466873	1.846520	0.532344	-2.835057	-0.939047	-1.131433	3.002674	0.343451	4.225572	3.647477	1.073826	1.916171	-4.844835	2.199259	0.091085	-6.750244	-4.069382	7.213347	3.832759	0.204686
-2.419726	-1.458084	-1.945400	-0.629864	-1.929309	-2.055677	-0.194901	0.290269	-1.080253	-0.582589	1.581163	-1.743581	0.393258	5.027473	-0.400159	-0.337861	0.774338	0.102598	3.886209	-0.008036	1.403292	1.860525	2.603260	-2.099834	0.422474	-2.602409	-3.674877	2.663542	0.429326	-0.090434	1.466704	1.015851	-1.149945	-5.338143	0.358002	0.227429	-0.257598	1.108539	-1.473377	-1.784641	0.032057	-0.117734	6.436411	-0.969752	-0.357787	-0.512640	-1.267296	0.855424	-3.448894	0.197011
-2.106773	0.610518	0.026459	0.220236	-1.271701	-2.269821	-3.187941	1.433863	-0.501122	-0.408509	-1.787517	0.522374	1.020352	3.066034	0.013783	0.874673	-0.628467	3.189653	-2.493855	-0.993748	-1.673941	1.369106	-4.300970	0.827545	-1.440767	-0.838654	-3.718778	-0.563727	-0.424395	-0.806248	-0.239610	1.322077	2.049757	-3.676131	-0.757723	-1.544062	-1.239361	0.541628	-0.239971	0.240347	2.928328	0.766203	8.972551	-3.474208	0.491331	6.331837	4.978911	-6.585556	0.941961	-2.058674
-0.232155	1.340969	-2.162294	2.565253	0.867589	-0.216561	-1.211012	-0.808200	-1.616953	4.103666	-0.283123	1.696403	4.709413	0.140230	-1.090979	0.463037	-1.357429	-1.850547	0.997712	2.385847	-0.026577	-0.905176	3.559393	3.997216	4.252459	1.922476	-3.460130	0.158384	-1.567484	2.588642	0.740866	-1.064822	-0.190063	-1.237311	-1.464733	1.350520	1.069757	1.036861	1.748996	0.981325	1.857864	0.779937	2.104406	2.106182	1.273014	-3.023761	6.361905	2.894769	11.232336	0.677740
1.146857	-0.135229	2.080423	1.133832	-2.082947	2.825896	2.026979	-1.013823	-1.533130	-0.081333	0.452021	0.613479	-0.378615	2.367848	-2.286014	-3.671048	0.416653	-1.885241	-2.317081	-2.451768	0.782557	-0.680270	3.158510	2.002673	3.797014	-0.269171	0.925948	0.747779	-1.589056	4.230509	-1.206403	2.145455	0.057006	1.388779	2.603305	1.810219	3.674782	0.315305	4.251175	-0.202898	-0.194285	-0.740655	-5.935036	7.127838	-0.341302	-6.015864	-3.322404	1.211818	3.957545	-0.824927
-2.488271	-0.879931	0.021503	0.774089	7.970988	2.268266	3.416517	-3.182123	2.404341	-0.468825	0.475157	0.151448	1.818899	3.717402	-0.981165	-0.722291	0.377245	1.253244	-2.420323	0.197100	-1.616871	-0.349960	0.724379	1.351994	2.108894	0.614045	2.948604	-0.335409	-2.293465	1.672482	-1.313418	0.628757	-0.204363	-2.542926	0.791608	1.523531	-5.699009	1.242123	0.402545	0.720338	2.041402	-1.695202	-8.598292	3.549670	-1.409562	-2.106455	-0.291274	0.038756	-0.751348	3.033224
-0.804020	2.608131	-0.346829	-1.675406	3.385554	-0.506360	-1.347839	1.220663	2.952052	-1.600633	-0.649753	-2.040249	1.458607	1.150484	1.337800	0.506589	0.522526	2.319611	-1.169250	-1.209933	-1.586364	0.899265	-0.604337	0.236082	-1.778735	-1.322327	-0.433917	-1.533442	0.878520	4.332978	-0.128583	0.892814	2.819601	-0.117748	-3.002795	0.291909	-0.383559	-1.666401	2.437385	0.004768	1.996868	1.073942	-4.077623	1.297547	-2.006300	6.519354	3.189959	0.293434	-0.953986	-0.636427
-0.011077	-0.764837	3.201871	0.797223	-2.349722	-0.228634	2.553309	0.578775	-1.192846	-0.312556	-0.641979	0.892255	-0.287789	-0.189869	0.148302	0.461913	0.715988	-0.316617	0.011879	-0.492459	-1.906271	-0.865942	-2.120033	0.373614	-0.807703	0.899511	0.438836	1.320256	0.115846	1.658009	-1.856076	-0.819872	-1.123832	-0.514850	0.622148	-0.064330	-1.475171	1.020642	-2.229890	-2.178875	-0.398932	-1.006441	5.774906	-2.129595	-0.215437	2.144193	-0.500693	-3.640054	1.947423	-1.665647
-1.545462	0.982235	0.911685	-1.257986	2.841849	1.878685	-4.828380	-0.076584	0.902584	1.830510	1.305906	2.210723	-1.381454	-3.078685	-0.669678	-0.328566	3.811348	-1.054337	-4.103894	-0.557447	0.112621	0.341629	-3.367690	1.494884	3.211224	-0.169604	2.227902	1.714888	1.678747	2.390510	2.615585	-3.362581	2.610522	3.800323	-1.640629	1.981948	3.758819	1.051762	1.450285	-1.279474	-2.676715	1.339198	-5.912011	-0.268743	1.015213	-0.130264	-3.328030	-7.961732	-1.990826	0.783527
-1.994458	1.379607	-0.289506	-1.509152	0.855710	1.092229	2.770601	0.799257	0.619999	-0.586071	-0.732971	3.302567	-0.149907	-4.141581	1.653820	-0.218686	2.994161	-0.921776	-2.256383	-0.608067	-1.279166	0.282094	-2.970643	-0.600179	-0.258325	-0.873761	2.838298	-0.027997	0.576661	0.290791	-1.138302	0.514768	-0.835535	4.158428	0.250999	-1.494947	1.121764	-0.139943	-5.038704	-0.466900	0.428543	0.610237	-0.689007	-3.250107	0.081007	0.581394	0.513489	-4.818706	2.441598	1.482174
1.672179	1.551966	-1.219603	-2.324243	4.701978	2.428463	-3.007205	1.191863	4.406772	-3.893974	-0.121859	-2.252876	-1.625213	2.179382	2.420507	0.782541	4.506975	0.038695	6.432685	-1.541823	-0.158724	2.864988	3.120654	-5.156722	-2.966619	-2.114696	-0.056595	1.388710	1.513979	-1.032255	-2.026873	0.912368	1.809071	-0.007740	0.645888	-2.208616	5.117973	-1.531422	0.831315	0.622248	2.834704	2.356870	-9.274227	-2.247855	-1.280941	-3.261683	-10.691714	7.944053	-7.928531	-0.866551
2.917648	-0.428785	1.952313	-0.065744	2.399415	-0.973975	0.082045	-0.942488	1.056148	2.886121	2.065176	0.696480	1.062145	-0.137243	-0.062519	0.133496	0.539095	-4.077254	4.791365	-0.078213	2.936776	-2.712020	5.904775	0.464228	1.416353	4.109575	1.382986	3.653636	-1.775147	0.176787	0.433567	-2.156132	1.319089	-0.985957	0.034924	0.212244	3.187798	-1.181644	0.677396	0.767743	1.638686	-0.144606	-7.397162	3.921741	1.077072	-3.099189	-6.531728	8.052793	0.530788	0.762343
1.551397	-0.686192	-5.037272	-1.001489	-1.358263	-0.890232	2.387192	3.856221	2.658407	-2.041437	1.148016	-1.106549	0.137262	2.512127	-1.525988	1.525649	-0.923749	2.029197	2.232391	0.917654	-0.514295	-0.072408	2.939426	-1.409799	-0.441649	-3.696694	-2.092062	-1.291229	-0.711779	0.524953	-0.099948	5.173755	-1.335288	-3.313431	0.679108	0.729511	0.354386	0.630840	-0.378711	0.747081	-0.108687	0.495865	-0.288773	3.733358	-0.863795	1.663840	-0.992450	7.386846	-3.443245	-0.690583
-4.216689	-1.875920	-2.332409	-3.528228	8.019126	-0.098931	-0.311195	0.523384	5.109327	1.008216	2.839463	-1.082700	0.292120	2.236953	0.459544	1.996398	2.787948	5.412746	-3.111062	-1.200103	-1.396144	3.033944	0.142814	-0.054147	0.747723	-2.579080	-0.526397	-2.238078	0.766265	-0.133804	-0.510548	7.597544	1.976521	-1.749117	4.329424	0.045498	-1.451948	-1.225878	-6.717382	-2.365802	-0.532710	-1.002283	-0.516729	-7.500833	-0.037323	-1.838725	0.614279	-0.186382	-6.309319	2.894201
-0.080403	-1.208359	-1.942432	0.670811	1.590139	1.600392	3.719292	-1.041060	1.528731	-1.556771	-1.364071	-1.839733	-2.595943	1.882680	1.881079	0.940606	-2.567289	-5.491069	-2.245834	-1.242253	1.245589	0.041354	-1.907008	-0.029686	-1.245056	-0.153600	2.515025	4.142861	0.679559	-1.430651	-2.256167	-2.094150	-2.115854	0.825742	-0.336614	-0.087381	5.136242	-0.900417	-2.361160	-2.078265	-2.099846	0.357487	-3.282318	-2.152423	-1.489888	-0.255980	-8.575662	-3.633117	-1.739897	1.587744
1.238187	-0.249431	2.378568	-0.468806	-3.221572	1.217743	2.637033	-0.285903	-0.855651	-0.580838	0.096335	0.957964	-0.920877	0.806841	-2.010769	-0.546087	-3.833242	-3.665002	0.033583	0.591886	2.102787	-2.159147	3.231469	0.006503	1.053044	1.207403	0.677108	2.729787	-1.288156	-0.508896	1.362285	-1.132062	-2.629311	-0.839532	-0.717635	-1.551726	3.175203	0.628010	-2.141471	-0.004178	-1.400778	-0.473031	5.776409	0.035119	1.192267	-2.302632	-1.818688	1.402144	2.706419	-0.981830
0.495681	1.676287	0.972791	2.043486	-0.089346	-0.610408	-3.659382	0.959874	-1.661463	0.766089	1.360705	0.231874	1.088293	0.295314	-1.149221	0.416975	-2.685070	-1.270761	-0.907879	0.497974	2.085777	-1.070391	2.439743	-1.233211	-0.212931	-0.029786	-2.782792	-0.920100	0.299498	4.190711	1.476888	0.332662	3.842095	0.672060	-1.300600	1.567364	-0.994889	-0.851937	3.095000	-3.813596	0.830197	-0.041305	-1.267086	0.262396	0.581768	0.338989	-2.875310	1.578091	-4.812968	-1.576980
0.487821	2.030209	-0.707740	-1.696572	-1.154594	-0.531906	0.475970	-4.197812	-0.101199	2.106575	-0.813203	1.098429	1.873034	-1.190555	-1.163194	2.296850	-0.839700	-3.292909	3.510681	1.405174	3.030826	-0.898311	3.994564	-3.096990	1.127843	1.951830	2.402037	1.600474	-0.821586	-4.275583	1.462307	-4.670690	-4.122981	-0.838868	1.318062	0.749342	2.230049	2.393115	0.261052	-0.961710	-1.430862	0.805812	5.986489	-1.943138	0.839781	-2.103379	-1.998354	3.093530	5.672542	-1.421784
4.186069	0.548703	-0.528035	1.151099	-1.368513	3.150235	0.327349	0.159360	-2.489476	0.699347	2.901207	-0.773086	-1.835091	1.858862	1.969394	0.509238	0.577971	-0.977151	4.146595	0.564623	3.004274	1.824170	7.798332	-0.398981	1.673609	2.012515	2.614782	0.067478	3.245836	-1.069070	-0.122801	-2.613772	1.801236	0.392075	-0.663720	1.929213	-0.297246	1.109140	3.746924	-1.425768	1.098413	0.959463	-1.109898	1.988856	-0.597484	-10.453043	-3.713676	8.874615	-1.583221	-0.084860
-2.135721	0.204890	-0.080354	1.504322	2.314442	0.390018	-1.368833	-1.833517	0.824353	0.261544	1.800253	1.504584	1.823173	-1.518427	-1.060789	-0.333047	0.097679	-0.989784	-5.851572	0.122500	-1.127739	-3.833990	0.650392	4.992449	1.645385	-0.706992	3.048346	-0.843485	-1.422867	2.505603	-0.805499	4.756065	-0.072433	1.376782	0.100241	1.275440	0.301683	-0.467289	1.842059	1.002316	1.765828	0.335437	-2.063167	0.713179	-0.398431	2.318857	2.805373	-1.339283	9.666684	2.682315
-0.077981	0.841692	0.884481	-2.067924	2.434994	1.424064	0.907468	-1.521566	3.067281	-2.411825	-0.951591	-0.000045	-3.788979	-1.869671	-1.107491	-1.440973	1.202169	-0.356089	1.084796	-2.053743	1.521198	1.701364	-4.001887	-3.097551	1.520271	-2.321091	3.801978	2.599178	1.251793	-0.730463	-1.279505	-1.188995	-0.395852	1.601250	-0.625212	-2.199592	1.008132	1.289938	2.136528	-1.015956	1.059353	-0.607575	-3.258982	-0.706387	-0.709226	0.325573	-4.030715	-4.304965	-4.620483	-3.748463
-0.117357	-1.982373	0.019735	-0.858024	-0.853059	0.699810	1.575705	-1.031152	3.545515	-0.779416	1.714863	-0.350412	-2.897261	2.567622	2.196223	-0.890494	-0.588137	0.532389	2.607922	-0.142827	0.967797	3.233409	-2.074714	-2.449373	-0.258830	-1.101519	1.113712	-1.219272	4.144631	-2.665982	-0.757979	-2.338297	-2.440295	-0.567201	-0.890434	1.534875	-0.567933	-0.612338	-0.906933	1.976452	2.873029	-0.380900	-1.646057	0.241206	-0.623464	-1.552247	-0.724057	-1.038447	-1.701375	-2.512149
0.920013	-1.736878	-3.306574	0.692707	-5.171701	0.697613	0.781772	1.456408	-2.401054	3.584912	1.981153	-1.245649	0.801638	2.310375	-0.734322	1.597887	-0.772989	-5.234555	-0.948161	0.737894	2.601930	-4.190258	3.604888	1.663595	0.236817	0.563262	0.260313	2.517452	-1.993986	-0.487596	1.594398	0.202682	-0.026225	-0.810753	0.617462	2.071593	2.146518	-0.409026	0.103564	1.194726	-0.994596	-1.041963	5.411251	1.290024	-0.206690	-4.683024	0.703191	1.038976	2.326460	0.603427
0.792682	-0.500411	0.551470	1.158797	-1.413342	-0.753171	-0.518281	2.572750	1.016898	2.194100	3.942657	-0.476580	1.883069	-0.810813	-1.166969	-1.176526	-2.182520	0.649193	-1.539942	-0.663855	-3.283474	-0.871864	-1.842499	3.839906	4.146539	0.361049	-4.099961	-1.573393	-1.721112	1.736358	-2.062774	2.072417	1.853776	-0.083953	0.284201	2.206310	-0.495939	-1.696195	-3.198460	0.863349	0.498371	-0.026531	-0.601261	0.204807	-0.100289	0.303700	2.433142	0.575117	2.576772	1.078487
-0.187041	3.081427	0.603813	1.039079	-6.978139	-4.079486	-0.182937	3.866489	-1.908031	-4.020932	0.106141	-0.441156	0.284837	-0.578719	0.453851	-1.775779	0.485270	4.792774	0.721562	0.628691	0.838922	2.233240	-1.016864	-1.392616	-3.586186	-0.191379	-4.772356	0.349288	2.204168	-2.018506	-0.135866	-1.595258	-0.986817	-3.401178	0.513392	-1.543380	-2.685430	-0.841837	0.775691	-0.408243	-0.793762	0.800610	13.314445	-2.177278	-1.554706	2.949689	8.384717	2.157435	3.543941	-2.845520
-0.710363	-0.009787	2.586573	1.889890	1.540385	2.609251	-0.280766	-2.711407	-0.565142	1.459334	-0.393871	2.134394	0.173500	-2.676822	-0.621667	-0.993634	-0.993440	-3.734174	-3.621792	0.454277	-0.654637	-1.517314	-2.374202	1.586226	0.417232	3.158294	1.818290	0.928126	-3.067240	-1.134841	-0.788281	-2.259152	-1.488836	1.994544	0.301232	0.792667	4.929283	-0.053263	0.389382	1.774715	0.823413	0.802553	-4.372992	-0.323692	0.022663	0.809249	-3.737810	-5.936840	3.279903	0.613523
-1.480387	1.507688	-4.281114	-3.323421	-0.674352	0.229595	-1.940336	1.878310	5.354393	-2.030224	-4.326433	-0.789564	-0.214355	0.253379	1.051002	1.924456	1.927337	-1.013208	3.415406	-1.092605	0.797445	0.942076	-2.305169	-5.141120	-3.047188	-3.653096	-0.408995	0.561947	0.925500	-4.319690	0.654503	0.783123	-2.492365	-1.342954	-1.165554	-1.202534	3.782557	-0.456564	-0.963397	2.108452	-1.329232	2.192827	3.022844	-2.023909	-0.853130	2.817745	-0.446951	-1.651543	-1.068583	-1.498999
-3.639789	-0.811270	3.615885	-1.406158	0.765432	0.323105	-1.030594	0.943508	0.480351	-6.640655	-0.438735	0.131817	-5.601619	1.741881	1.448218	-2.068335	-0.081382	4.734607	-3.143580	0.026759	-0.506905	2.399661	-8.283092	-0.802186	-3.757427	-4.687718	3.153272	-1.206368	2.031226	2.450031	1.214512	6.015164	3.933596	-2.287940	-1.302962	-0.125536	-3.550002	-1.769701	-0.601172	-0.673953	1.357851	-0.182997	-3.090448	1.406769	-2.486801	3.183457	-0.018102	-6.512716	-9.386715	0.277621
1.780452	-0.297913	-1.837774	-0.095620	-0.428851	0.773220	3.497265	1.981454	-0.354235	2.747922	4.752506	1.911039	0.118252	-0.951876	-0.402761	-0.134715	0.232153	3.176897	0.509174	-1.576270	3.253601	-0.540431	4.836162	1.571696	3.675935	-0.422793	1.112337	-4.111090	1.024397	0.185054	2.216395	3.747868	-2.694825	1.211596	1.733997	2.892458	-0.423444	1.127242	-0.361725	-0.031528	-1.694947	0.707692	-2.173109	0.889598	0.668884	-6.583193	4.343450	4.341145	0.169858	2.581595
0.557947	-1.823185	-0.062812	-0.121459	3.304973	0.712914	-0.575782	-1.906674	1.565506	2.079511	2.523803	1.283851	-0.614477	-0.669637	-1.633574	-0.484645	-1.434807	1.600167	0.313908	-1.875326	-0.649315	0.533694	-0.004331	-0.078572	4.178935	1.605974	1.135966	-1.071037	0.158364	0.607029	-2.192112	2.330027	1.372007	2.757521	0.274468	1.585540	-0.596506	0.309898	2.152007	-0.971195	0.039159	-0.436631	-5.114177	2.747276	2.141489	-2.442556	2.811856	0.702628	-0.392493	0.208823
-1.461916	1.324977	2.307288	0.138752	-1.345855	0.309188	0.064362	-0.403822	-2.196568	-1.939728	-2.297622	2.083292	-3.188988	-4.007038	-0.603197	-0.275171	2.810058	-0.646338	-4.411815	1.038899	2.557321	-1.435125	-4.293969	1.263618	-2.784863	1.399544	0.401150	1.392586	-1.897132	-4.305262	2.160404	-0.442818	-1.007200	1.406057	-0.703950	-0.963048	4.728826	1.493604	-1.832428	-1.556304	-0.956005	1.766918	7.234178	-5.205854	0.001893	4.098848	1.134130	-7.876509	1.705484	-0.282825
-0.387901	1.127825	-3.159511	-0.399442	1.191946	0.300699	1.605438	-0.937901	-2.303560	-2.661619	-4.427564	-2.691484	-1.022891	2.375840	0.389693	0.908646	0.384439	-0.123350	3.114843	-2.887032	-1.595547	1.243581	-1.940763	-4.113877	-3.743107	-0.130963	2.822866	1.545357	0.231349	-3.896800	-0.876670	-0.000250	-0.812887	-1.683304	0.808191	-1.844711	0.721531	0.619134	-1.326273	0.138785	0.647407	-0.326723	-1.209143	-0.753465	-1.428012	0.785868	-3.915976	2.441965	-4.023190	-0.398986
0.087330	0.408487	-1.881655	0.527386	4.136514	-0.795365	-1.301852	1.304391	1.290492	0.134086	2.407535	1.578375	-1.227102	-0.978448	0.654825	1.225096	0.196671	2.196978	-2.664852	0.864356	-1.508291	1.513917	-2.550087	0.457700	-1.599916	0.786885	1.293142	-2.219920	0.225244	0.693595	-1.982547	3.417319	0.991945	0.269376	-1.370413	0.446075	-0.807181	-0.682044	0.157489	2.369998	0.940649	2.193768	-5.668718	0.222526	-1.179233	4.063608	1.100587	-0.591085	-0.866504	2.508719
0.186034	0.578850	-2.078050	0.588292	-3.710567	-1.584441	1.249093	-2.266000	0.486576	-1.981359	-4.180301	-0.344838	-4.063422	4.140142	-0.091968	0.205296	-2.086174	-3.299466	-2.181082	0.136300	0.853634	-1.805767	2.922300	1.548051	-1.522557	-1.915375	4.955834	0.924293	-0.378524	-3.859293	0.167138	-0.884586	-4.577661	-6.304124	-2.292797	0.898060	5.229568	0.487312	0.501671	0.094541	-3.420462	1.139135	6.090019	1.460661	-2.432512	-0.421949	2.363000	-4.183051	3.504686	0.562177
-1.330235	0.506690	-1.773390	-1.669219	-0.837443	-0.513640	1.203543	-0.288801	0.583191	-0.722700	-2.847867	-3.573919	-1.393843	2.803097	0.831115	-0.925200	2.809824	-1.162318	-0.351185	-0.385755	1.035307	-0.581904	1.000085	-1.646737	-1.666309	-1.878374	3.158037	0.326752	1.558087	-3.193432	-0.926737	1.038721	-3.217202	-1.486853	-0.789693	1.808545	0.211175	0.017948	2.812552	0.772539	-0.918504	0.184631	-2.922991	1.131489	-0.219899	-0.585494	-2.823110	-0.766671	-3.350500	1.818082
1.505655	-1.078865	-2.988448	1.111320	-1.700097	2.121536	2.449505	-0.382717	-0.743911	-3.720624	-3.303361	1.087236	-2.455520	-0.074514	2.080565	0.756607	-3.493896	-2.863760	3.388901	-0.198797	-0.462774	0.676517	-3.643277	-3.465434	-2.830323	-0.537813	3.832616	1.828507	0.221183	-3.476002	0.181928	-6.280071	-2.231235	0.655192	-0.637829	-1.696801	-0.402009	0.641211	-0.024508	1.331024	0.528447	0.490634	-2.045159	1.819047	-0.832161	0.149654	-6.695697	-5.067370	-3.831675	-3.283574
-0.744454	-0.256346	-0.006632	-2.778602	7.475596	0.432212	-2.119525	1.020625	5.500237	1.788560	3.436373	0.958461	2.744659	0.772216	-0.473074	0.178511	3.503541	-2.681731	-2.438996	0.368100	0.064380	-2.743743	2.040589	0.788423	0.779868	1.060947	-2.568053	2.021927	-1.919600	3.971759	0.699866	2.120975	4.553961	0.538470	0.595969	-0.997211	-2.158912	-0.758309	3.386000	1.420616	3.238028	0.591065	-14.735407	3.250030	0.966748	-1.801621	-11.094877	0.926654	-4.913754	0.594158
-1.078012	3.392630	-0.553952	-0.744147	-0.210942	-3.309359	-0.427438	4.932560	-0.878886	-0.557131	0.791997	0.720963	0.042815	-4.405862	0.678729	0.259360	2.722291	3.606213	-1.224687	3.001742	1.892640	2.031678	-2.186019	2.215582	-2.751809	-3.743725	-3.179996	0.044200	2.114659	-0.407289	-0.446128	2.290872	0.200420	2.072853	-0.768349	-2.473339	-3.859656	-0.867161	-2.050957	-2.241064	-1.080638	-0.141176	4.014825	-4.562928	0.529113	6.087869	1.874557	-0.692584	0.555040	2.225712
4.506981	1.149680	-0.061810	0.659848	4.819570	1.231632	-5.035831	-1.700513	0.130249	0.020651	-0.279394	1.388490	-0.700969	-2.166817	0.520502	1.651842	0.634047	1.915704	3.396854	-2.114696	0.870441	2.713422	4.190199	0.330828	0.884353	1.435848	0.945239	-0.588731	2.222375	-0.041845	-1.027210	0.191764	0.953608	2.765731	0.339231	-1.077072	-2.043440	0.887777	6.760326	-0.471227	3.180082	0.937586	-11.361484	2.609343	1.008896	-6.073598	-2.647500	5.804589	-0.641360	-0.246483
-0.105148	-0.718056	-1.040628	-2.852895	1.661061	0.762537	1.458973	1.382462	3.952625	-3.819315	-1.065169	-0.268851	0.904816	2.441831	-0.448045	-1.506207	1.475918	-5.552990	1.872769	-1.498765	-0.021968	-2.572037	-0.823699	-2.130846	-1.136439	-3.628997	-1.272376	2.222187	-1.134536	-3.171376	0.207657	0.498708	0.006650	-1.768296	-0.661228	-0.395262	4.225147	-0.652129	-1.668168	2.246952	0.902309	-1.054913	-5.496041	5.341428	0.122105	1.864426	-6.207502	2.989697	-4.149562	-0.589127
-2.625250	2.046675	-2.642613	-3.209412	0.490559	0.324126	-1.477233	2.862679	4.269219	-2.467709	-0.981616	1.172171	1.137818	-3.831210	2.226659	0.036577	1.579615	2.152958	2.905518	1.149582	-4.516351	0.938863	-8.372302	-3.285763	-1.999226	-1.328914	-3.030680	-1.782467	1.779389	-3.790857	-1.313598	1.581274	-1.048653	4.474992	-2.197591	0.702943	-3.139896	1.005940	-0.360559	1.734617	2.062886	2.314224	0.433790	-2.846483	0.363873	7.203800	4.311352	-1.472398	0.518536	-1.871068
4.191145	-0.541212	-0.004798	-0.218371	-4.946190	1.608742	2.481808	-2.719854	-1.566251	4.702114	-1.523178	-0.121508	-5.474937	-0.051173	3.582076	4.269922	1.129939	-0.850363	2.321082	0.264186	2.265213	3.610807	2.736729	-0.378446	2.313456	5.960111	7.574783	-2.130919	4.722475	2.409729	-0.926621	-6.517014	-4.092131	1.885194	-0.707552	3.547462	-0.492336	1.253726	2.323699	0.113151	-1.654405	-0.479124	-2.061590	3.118788	2.345283	-8.181897	0.893438	-2.367671	0.806071	-0.123434
0.820294	-1.960757	2.110157	-0.158530	1.948657	0.453615	-0.278524	0.309276	1.408116	0.168306	-0.887335	-1.853271	-3.764777	-1.425759	-0.283690	-0.325498	-1.476669	0.562221	0.207414	0.351240	-0.917540	1.321749	-5.094805	-0.991502	-1.024504	0.542812	1.701474	-3.468277	0.139337	1.392589	-1.826981	-2.014471	4.295730	1.519966	0.060356	1.486801	-2.194419	0.106449	-0.644604	1.279671	1.468246	-1.597694	-8.726090	2.469586	-2.003548	4.641229	0.557709	-7.089706	-6.280487	-1.268023
1.617035	-3.262527	1.177327	2.209475	-0.853348	3.034058	-4.147236	-2.400660	-1.690262	0.771785	1.989372	-0.622272	0.108813	2.326783	-0.633833	-0.823901	-4.410434	-1.162407	-0.441423	0.019644	-0.454712	-3.150647	2.238633	2.998361	3.627716	0.326339	3.606645	-0.935235	-4.148405	1.992917	-0.068639	1.219992	4.541422	1.665225	0.137348	1.828025	-2.055587	-2.864495	5.935929	1.722365	4.345255	-0.838416	-3.120948	4.230668	-1.491772	-7.642721	3.266858	2.335209	1.794941	-0.160034
-2.891827	3.227992	-1.167931	-0.931891	0.373835	-4.893349	-3.175444	2.180778	0.477064	0.132298	4.235929	2.073504	1.315764	-2.753533	1.677419	0.068175	1.796318	2.639105	-0.452368	0.292514	-1.464446	1.445936	-3.911271	-0.250564	-2.770163	-4.019141	-4.801076	-2.393356	0.921391	-1.614985	0.290544	3.467760	1.108715	-1.202027	-1.691796	1.801119	2.445100	-0.315010	-3.354081	-0.457310	-1.173494	1.909872	3.083405	-3.805135	-0.614812	8.780103	3.834728	-1.753080	0.548129	0.786499
-2.547522	1.097862	0.947410	-2.584028	-0.321151	-1.653575	-2.545244	1.182608	1.943261	1.252833	1.391232	1.568411	-0.012272	-2.343886	-0.387228	-1.757955	4.071566	-1.760287	-4.254052	0.243158	1.666384	0.030562	-1.696338	-0.695660	-0.107596	-0.626162	-1.716549	0.765126	-0.444584	0.688081	0.480931	-1.340292	0.171883	-0.990941	0.804291	1.245178	1.802267	0.116708	6.109900	0.400512	0.484045	0.400088	-0.367919	1.577004	1.550297	3.849700	-2.607444	-6.648264	-1.376373	0.110985
-2.341673	-0.363280	2.085053	0.577396	-4.106946	3.471351	-2.191333	0.239338	-1.990719	3.431954	2.249357	-1.634384	-0.086366	-0.435286	-2.022240	-0.405202	-0.698233	-4.800377	-0.164953	-0.269030	-3.442399	-3.027363	-4.619806	2.108630	4.586551	2.071329	-1.096068	1.280076	-2.572290	2.918089	0.598303	-1.678631	1.355058	1.428749	1.142365	1.531297	5.232329	-0.959909	1.814630	-0.865023	-0.059272	-1.282986	5.650665	-0.379656	0.581253	-0.633456	2.019250	-7.670400	3.095974	-1.673201
1.099300	-0.260106	1.346783	1.170892	-3.238619	1.057484	1.241066	-0.975303	-1.459536	1.948587	2.175822	1.673519	2.413137	-1.028902	-0.187172	1.079197	-1.933147	-0.827434	0.478434	0.301316	2.768281	0.256034	4.454034	2.044621	4.409477	3.079883	1.371989	-0.384174	1.029585	2.335063	2.114258	-3.560790	-1.382599	0.639984	3.026506	0.435442	0.490002	-0.336335	-2.872383	-1.636934	-1.679853	0.108020	3.642295	0.700270	2.464365	-3.233638	2.264400	3.670914	4.607492	-1.691840
3.481665	1.028030	-3.416191	1.459408	-1.861079	1.204971	-1.493081	0.645347	-1.975962	-1.409122	-0.458063	3.096308	4.509726	-1.798094	-0.667908	-2.827829	0.458245	0.348126	5.621045	-0.462908	1.858028	-1.348992	7.413519	-1.448819	-2.702774	4.695227	-2.374869	1.311407	-4.037937	-0.570785	-0.002856	1.426125	-0.339286	1.809421	0.721320	0.458356	-0.788401	0.401686	5.062876	1.690999	2.434117	1.838545	-3.376197	5.680434	0.224633	-3.666843	1.600233	14.479335	8.113230	-1.694288
0.865390	1.032813	3.138173	-1.154192	0.321546	-0.853277	-1.980880	1.090547	1.025125	3.482514	3.504985	0.441036	0.927924	-4.771913	0.274178	-0.380962	4.112899	0.335632	5.155205	-1.293044	-2.531865	2.434326	-3.241752	-2.347504	-0.278168	-0.889867	-3.132897	1.163974	0.970110	-0.048141	-0.784740	-4.344918	1.546760	2.908179	-3.836566	-0.143409	3.665217	-0.434435	-3.367222	-1.420378	-0.822410	0.647655	1.467095	-4.713954	1.595698	5.038026	-2.966564	-6.042175	-2.095633	-1.287446
1.155149	2.042930	0.851136	-1.966007	4.075204	-2.648687	-3.710870	-0.504839	2.384905	0.452970	-0.310321	3.119315	2.673221	-2.990540	-0.393756	0.619830	4.152253	-1.864969	4.448858	1.674115	-0.891673	-1.494377	-0.008024	-2.468330	-0.533688	3.323441	-2.533118	0.421697	-1.743385	1.417420	-0.272337	1.345145	1.426986	0.674616	-0.124100	-0.198778	-2.011675	0.653074	-0.808889	0.384709	2.284298	1.129930	-5.147170	-2.367952	0.924395	4.703192	-5.748410	4.952953	1.633802	-1.041601
-1.830660	-0.387971	0.223480	-1.117674	1.736887	1.240360	1.518808	1.095883	0.004463	0.454449	1.025621	-1.432216	-3.279578	-0.322258	-1.246339	0.169073	0.704407	1.711297	-5.341409	0.521562	0.126102	0.054991	-0.826783	1.369863	-0.991395	-2.866370	1.741505	-0.687727	-1.114086	-1.183636	1.108149	5.664299	-1.595880	2.821916	0.589001	1.064767	-0.967264	0.853109	-4.953966	-0.218051	-1.525596	-0.141713	-0.057295	-5.127730	-1.485872	1.650809	-0.358727	-4.283865	-4.575615	3.037491
-0.853707	0.762697	5.050570	0.520012	-4.791483	1.800051	-1.084698	0.176518	0.807259	3.295170	3.744648	2.211984	3.528922	-1.617235	0.254997	-0.052135	1.384492	-3.486328	1.562485	0.707025	0.257221	-1.095082	0.255655	0.268514	3.955549	3.582906	-2.181881	-0.234951	-0.034608	2.697133	0.787448	-4.178365	2.433316	0.340808	-1.703187	3.217277	0.845799	-3.210926	-1.296610	-0.839820	0.382418	0.746136	10.288452	-2.652425	1.690801	-3.720409	5.386146	-1.728101	4.928493	-1.507097
1.303066	-1.120499	-2.385646	-0.585831	-2.851710	2.012545	1.684093	-1.652501	-0.163646	-0.671503	-2.267938	0.379355	2.654723	0.239378	-1.635520	-0.680242	-1.170944	-0.477454	6.666938	-0.932265	2.007526	-0.787317	2.147517	-2.969922	0.607994	-3.440003	-0.312860	-0.104416	-2.488951	-0.470212	-0.314331	0.186210	-1.159784	2.014487	1.336702	-0.747238	3.531877	0.578485	3.754499	1.577155	-0.300020	-1.272229	-1.438947	4.708249	0.871361	-3.684838	1.446548	8.298067	0.733646	-3.066514
