X36	X9	X18	X50	X48	X20	X22	X13	X15	X37	X2	X30	X40	X29	X41	X27	X16	X33	X10	X25	X43	X31	X7	X34	X17	X49	X4	X23	X42	X45	X38	X5	X19	X35	X14	X28	X32	X12	X44	X6	X21	X26	X24	X47	X8	X39	X1	X3	X11	X46
1.677458	4.383241	-0.924412	1.439337	3.324908	2.313736	2.161642	-2.188168	-3.305966	-0.117208	2.556752	-0.476016	-5.735866	-0.963376	-3.743739	-3.639671	1.998446	-4.869669	0.670988	0.822209	-1.899008	-2.281330	-1.886471	-2.031051	0.049358	-4.920613	2.147042	4.716938	-2.604330	2.213894	-1.749200	1.215461	2.724808	-2.290172	-1.849689	1.007087	4.228398	-2.704718	3.583377	-2.317528	-2.370050	1.811315	-2.408079	-7.510979	-0.314931	-2.203419	1.152055	0.764127	-2.095310	-1.744845
-3.450470	-0.302892	-1.992890	-1.479142	-2.834893	-1.517240	-3.477277	2.864681	-1.966790	2.385153	-0.938016	-1.038589	-0.503106	1.494032	3.864601	-0.069745	-1.918302	-1.304110	1.258774	-2.427443	-2.967062	1.018839	-0.127613	-1.114262	-0.603487	3.340232	-1.790511	-1.396789	0.159496	-1.784481	1.430379	-0.568338	-1.094176	3.888495	-1.134395	-0.931395	1.984442	-2.861628	-0.996066	1.824966	2.726357	-1.526647	1.910686	0.450026	-1.855387	-0.527484	0.233877	-0.184376	-0.149559	1.549654
0.860148	0.534717	1.984993	2.357383	4.569968	1.642126	3.506627	0.612511	0.976254	-2.614438	0.915993	1.347399	3.106315	-0.934197	1.285120	0.244167	2.415003	1.227894	-1.785007	-0.009713	-0.466044	-0.839731	0.337677	-2.365005	0.934579	-2.223954	-2.866377	3.359781	-1.148780	3.119632	0.939541	0.948168	-2.135329	-3.563108	1.479928	0.660483	-1.889140	2.142472	1.142732	-2.099409	-2.744835	-1.607676	-0.922351	0.195151	0.549729	-5.871060	2.289740	-3.083007	-0.459229	0.467498
2.948287	2.812826	2.039654	-0.911290	-6.629268	-2.451167	3.497357	-1.442498	-2.248138	-4.640224	0.853631	0.812630	-0.433819	2.183879	-0.337767	-0.763517	-0.953130	-2.827200	-1.280003	1.315815	-2.853105	-1.980302	-1.163759	-4.034637	-2.118494	-4.018018	2.343144	-4.905913	0.986633	-2.411867	-1.831402	0.747537	-0.829655	-2.744995	2.294512	-2.253676	0.273691	1.957563	4.794760	1.043620	2.954938	2.709166	-2.677636	-0.332007	0.848023	-1.916563	0.243605	-0.564192	2.022683	1.623714
-0.880763	-1.172083	-1.866390	-0.741194	-1.822503	-0.920248	0.131817	-1.721902	-1.207999	0.184628	-2.277756	-0.955327	-2.138235	-0.108876	-0.132621	-1.984815	-1.761871	0.424353	2.446393	-1.900181	-0.902491	-1.347220	1.500721	1.223392	0.579003	-5.841735	-0.600917	1.631401	-1.188267	1.429503	1.557150	0.017021	-0.380522	1.243103	1.403344	0.609352	7.905112	1.360637	0.851194	1.620696	-0.598795	-2.943634	0.981555	1.178857	-0.002238	6.075462	-1.348428	2.074322	2.556959	-1.663086
1.480390	-1.046162	-1.270102	0.249273	-0.281291	0.209231	-0.262482	-1.758514	1.548176	-0.169036	1.643624	-0.617398	-4.400777	-1.229576	0.720613	-1.874963	1.095615	-1.224619	-0.070297	1.402535	-0.278235	-0.350701	-0.600585	1.932153	-1.016036	0.856683	-1.433760	4.637149	-2.325695	-2.016349	0.013058	0.889884	-1.141380	-3.685763	-0.173672	-0.171679	1.715729	-0.709608	-0.244854	-1.059767	-1.461186	-0.895747	-0.678156	-3.020646	1.192704	3.629187	1.605755	1.679363	-2.961033	-3.529609
-0.197369	-1.367091	-0.911192	-0.183583	-3.757189	-1.726539	-1.979482	1.024213	2.480503	-2.629168	1.055046	2.615234	-2.961067	0.052354	2.885505	1.586575	-4.110705	4.206864	-0.398699	0.275850	1.218929	5.388372	-1.960906	3.785417	0.273355	8.135536	-3.342222	-0.602547	4.581467	0.942417	-0.601611	0.276361	-1.596355	-1.436774	0.538253	-3.432020	-5.266611	0.174743	-3.794154	-0.889811	-0.451929	-3.433020	-1.437756	5.182478	-0.362202	3.994811	-0.734276	1.215047	1.614305	-5.697916
0.844180	0.051781	-3.025028	3.302252	-5.138037	-6.137991	1.166270	-0.365633	-0.634535	-1.740909	-0.850833	3.373047	-0.224278	-1.721262	2.330342	0.725179	-2.735813	0.128988	1.498100	-1.851987	0.731930	-1.542392	1.267313	-0.602251	-1.971891	-4.339889	0.294144	-1.256869	1.606922	0.924534	-0.040443	1.383219	-1.162282	-2.707374	-0.873868	0.297482	0.749911	1.216958	-2.947796	0.293514	2.679893	-1.716071	2.918263	0.755594	1.382145	-0.287702	0.777478	1.350579	0.553136	0.543763
-1.982493	-0.865782	-1.975900	-3.851615	5.428387	6.371956	-0.836708	-0.821924	-0.789073	-0.814360	0.839586	-2.196542	-1.537162	-1.610074	-9.644251	0.609894	2.567296	2.167156	-0.086468	-1.085118	2.913286	0.750009	0.439596	6.763458	1.532125	5.964117	0.916994	7.368725	-2.381671	-2.730361	1.646899	0.195697	0.814530	2.622935	1.111371	-0.200385	0.884496	2.207177	-6.679374	1.718463	-3.341246	1.159550	-1.729645	0.869326	-1.648580	7.129723	0.997458	4.141232	1.349820	-6.865884
-3.388123	-2.505691	-0.539105	-2.317566	1.815713	2.100195	0.532346	-0.736735	3.605481	-3.867712	-0.449750	0.116730	-0.569344	-2.229683	-0.873983	-0.567776	-0.157936	2.538403	0.635146	-2.134007	0.888476	-1.385143	-0.589315	3.970607	2.733792	0.414079	-0.884593	0.706742	-2.145524	-1.503790	1.015646	0.678447	-1.738318	0.923777	0.539275	-0.413417	2.180902	-0.828710	-6.750304	-0.134344	-0.806684	-0.585420	-0.256890	1.818161	0.797480	5.587410	0.132680	1.981281	-1.536135	-9.198782
1.971599	0.841490	1.706460	-0.979165	-4.291258	-0.704265	2.050103	-1.111797	-4.422924	-2.275828	1.527343	1.058508	-1.082244	-2.967586	-0.503535	-1.267465	0.759762	-1.816520	1.330750	-1.982767	-0.941526	-1.097976	-3.320692	-1.482273	-1.881626	-0.076466	2.471221	-2.997996	0.201713	-0.045498	-2.203747	0.931501	1.738695	-1.600935	0.003405	-1.419599	0.740423	-0.734657	1.029332	0.017379	1.023836	1.300502	-2.812879	-4.555190	-0.046775	-0.927833	-0.634730	1.570556	-0.705851	-3.725060
-0.339519	2.183985	0.302655	3.080333	1.370526	1.898869	1.155713	-1.732410	1.397488	-1.357316	-1.045786	-0.911356	0.948770	2.435055	1.709534	-1.221556	-1.117431	-1.667550	0.958740	1.725928	3.579776	-1.448850	1.006407	0.615839	1.174355	-3.477527	0.280679	1.732825	-1.187245	0.279203	-0.827190	1.044255	0.140363	-1.000306	-0.472529	3.605002	2.960300	-0.081778	-0.187306	0.461918	-1.466389	-0.318343	2.225233	-2.901961	-0.000111	0.257347	-1.559819	-1.229704	0.796055	0.521743
-2.712529	-0.653250	2.795171	2.311752	-5.442677	-0.802320	3.967560	-2.625566	-1.508295	0.688532	0.379921	-1.954078	1.841205	-0.493613	0.981366	0.166089	-0.687468	-0.802163	0.625595	0.372296	-3.301663	-0.651429	-1.532119	-3.880294	-2.461593	-1.101348	0.606300	-4.399006	-1.944028	-0.940624	-2.536280	1.057840	-0.183625	-3.838904	-0.316333	-0.360338	-1.745955	1.278223	1.190872	0.392508	0.812344	-1.485334	0.604875	-1.201701	-2.122579	0.701539	0.256957	-0.083458	1.246610	4.148095
3.997152	-0.263711	-2.059626	-2.565035	1.583263	1.452895	1.558969	-0.669708	0.843023	1.771175	0.336659	-1.879994	-2.634999	-3.634721	-3.824683	-3.177920	2.854452	-1.957496	-1.713735	-1.393701	0.706538	-1.534594	0.087265	1.648899	0.553687	-2.008073	-1.528049	4.616022	-4.108925	2.789496	-1.130663	-0.660089	-0.778652	0.878969	-0.665258	-0.131500	2.102022	0.329971	5.866965	-1.374981	-0.689022	-1.979203	0.402174	-5.471216	0.401669	5.162619	-1.571333	1.883081	-2.761538	-3.436092
-1.869487	0.925056	0.515062	4.356757	-2.523981	-1.261088	-0.842926	-1.407283	-3.906423	3.378200	0.076356	-3.090416	-2.903955	-0.404764	4.357669	-2.366045	0.420423	-2.219113	-0.249032	0.672337	0.604383	4.760342	0.030394	-4.765043	-0.219447	-1.734788	2.243992	-2.304986	1.214370	2.459192	-0.813281	2.308829	0.580427	-1.578522	-1.367494	2.292853	-0.714394	-1.167624	4.559354	-0.059646	-0.077431	-0.176297	-0.056091	-1.091472	-1.022705	-4.521558	0.469343	-1.461705	-0.618352	3.479266
2.438065	-0.087718	0.396364	4.844749	-3.136731	-1.145667	4.099336	-1.934584	-1.095614	1.439082	-0.077018	1.115795	0.751797	-1.241092	-1.906302	3.179456	-1.274669	-0.637709	0.055882	-0.964850	-4.686469	-2.700624	-1.127894	-4.856882	0.177915	-7.102274	1.600125	-1.784512	8.025623	-3.986939	-0.473349	-1.969524	1.004531	-3.110333	-1.790939	-0.812028	0.716125	-0.304539	0.319319	1.806864	1.214839	3.088638	-4.625086	3.060499	-2.023607	-6.176647	0.119542	1.174137	0.631711	5.753978
1.993609	-0.539785	-1.036822	2.060571	3.949476	0.537928	-1.977018	-1.333536	-0.054622	-3.937229	1.167365	1.626968	4.515995	-1.216008	1.110484	3.968209	1.732414	3.707463	-0.812470	-0.307921	4.256651	-1.916911	-1.037274	4.447643	-0.667790	6.185449	0.286497	0.627920	-1.601308	2.075142	0.454761	1.261792	0.326486	0.724442	2.097364	2.110324	-4.178390	1.633088	-5.586431	-1.749213	0.151098	-0.028229	0.438367	3.317299	-1.418855	-1.024246	1.319378	-2.202139	-1.714548	-6.060702
-2.239572	-1.824890	0.751727	-3.625029	-9.785008	-2.580151	2.067315	-0.757106	2.415518	4.128886	0.420500	-2.225870	-3.940705	1.166179	1.706287	-1.088037	-2.581043	0.392029	-0.679644	-2.582670	-3.412808	0.406011	-0.882268	-1.151111	-0.767716	0.862269	1.294581	-2.200813	-1.555061	-2.525985	-1.913540	0.453732	1.192931	-0.158201	-1.662135	-3.223333	-0.984219	-1.659012	2.219525	1.940338	3.997234	-0.397684	-2.971369	-2.977123	-1.261262	3.354856	-1.356975	1.174080	1.827908	1.620329
-0.700645	0.986330	-1.576403	1.911433	-6.786858	-4.312191	0.767567	-0.948747	-2.998788	2.543134	-0.255411	-4.718524	-1.792151	-0.236169	1.326601	-1.396824	-1.912049	-3.558325	1.058553	0.080246	-1.653916	0.013956	0.618481	-7.186381	-5.543308	-0.928367	1.424114	-0.988167	1.547236	-2.926972	-0.194815	-0.832583	2.110604	-1.475084	-0.906495	0.430122	-3.401613	0.910601	3.309092	1.081316	4.176897	2.451570	1.806876	-2.147892	-2.680190	-4.126999	-0.129695	0.994079	-0.333214	7.344071
2.678434	0.537854	-2.629984	-1.467833	-1.100097	-3.017724	-0.188683	-0.445645	3.859133	-0.927622	0.067088	-0.483937	-1.967049	0.690168	2.279694	-2.698187	-1.518085	-0.910914	-0.288348	0.492170	-0.085859	0.172764	0.871052	0.471225	-1.582764	2.184424	1.778971	0.758764	-3.139567	0.989999	-0.594271	3.071939	0.845096	-1.022975	-1.724976	1.102187	-0.561864	-0.835197	1.900318	-1.338099	1.731994	0.087452	0.214257	-3.425221	1.439453	0.755430	0.891703	-0.742964	0.504403	-2.659599
0.837469	-1.205415	0.926252	-2.324731	-6.649797	-1.534700	3.562660	-2.814275	0.035556	-0.922073	0.691155	-2.461093	-0.682995	0.961713	-0.678956	-4.761747	-1.366722	-1.494347	1.602985	0.686613	-4.938832	-4.007257	0.133516	-3.484053	-1.825085	-7.383796	1.862357	-2.427514	-4.964509	0.066882	-1.071179	-0.477187	0.436170	-2.261417	0.508753	-2.860558	4.984990	1.558376	4.086084	-0.483609	0.728776	1.110251	-2.789012	-5.199441	0.753379	3.012502	-0.704837	0.363806	-2.526562	2.836049
-9.384986	-3.357085	-3.152994	-5.021687	-1.232134	1.685258	-5.228701	2.948011	5.794358	1.119995	-4.530924	3.808138	-1.204391	1.549909	-3.106981	5.638875	-0.799840	7.896166	0.025533	-7.471436	-1.923075	6.482289	1.861933	10.072161	1.143403	7.921625	-2.644895	-1.682875	2.376983	-3.246436	0.902257	0.515717	-3.169201	10.665149	0.432064	-1.353799	-4.467931	2.654964	-14.094932	3.080850	1.918383	-2.588450	1.387481	9.818092	-1.676273	6.611563	0.521731	2.198182	1.576473	-6.776822
0.689649	-0.796743	2.134358	0.421740	2.047753	5.436056	-0.696510	-2.538984	1.720273	-1.589935	-0.866510	-3.719060	1.591810	0.434876	-1.081443	-1.856863	5.342616	-0.958660	1.194176	2.013867	3.871488	1.558434	2.675991	-0.475801	0.412888	-2.323156	-0.151625	4.827452	-2.492319	-1.861013	0.443345	2.187838	1.584487	0.677232	-0.243106	3.948662	2.564006	0.029847	3.158701	-0.449643	-2.402586	1.498074	2.315113	-1.535696	-0.237842	3.543098	-0.414509	-0.208347	-2.047473	-0.348806
2.272376	-1.547660	1.604101	-3.713358	-2.205947	1.777857	2.026234	-2.431788	1.977229	-2.577720	-1.650340	-0.716329	1.790535	2.608481	-3.900148	0.353880	-0.908102	-0.187227	2.996846	-1.711525	-1.155760	-4.044104	-0.968018	1.337851	0.900666	-6.731079	1.408047	-2.879250	-4.455298	-1.900363	-0.840407	1.825273	0.431607	-0.623578	-0.361799	-1.279205	4.880099	1.558206	1.571972	1.112567	-1.622621	0.072573	-1.973281	-4.016236	-0.914539	3.304449	0.557310	1.240108	0.222088	-0.515544
-2.711944	-0.225318	-1.585123	-1.389121	-4.981091	-2.527853	-3.138561	4.185512	2.135089	1.479520	0.462741	1.313724	0.875349	1.283816	3.575741	2.628089	0.980819	1.332084	-1.352505	-2.007462	0.965404	3.257249	2.731800	2.060921	-2.579314	8.979522	-1.056519	-5.353263	2.213132	0.421219	2.838096	1.219156	-1.612830	1.920993	-0.120831	-1.408029	-5.051357	-0.980051	-3.232220	0.197238	1.905164	-1.181241	1.349740	4.496348	0.404611	-3.144009	1.244006	-2.465307	-0.264096	-0.303665
-1.162328	0.583779	-0.935118	-3.010736	4.314082	3.118436	-0.159363	0.691788	0.181797	-4.881224	1.591613	0.235758	-1.094035	-0.045638	-2.247607	-1.072278	2.123344	-0.415156	-2.138823	-0.391326	1.498162	-3.008903	-1.346577	4.075783	0.633551	5.513057	-0.125871	4.335732	-4.977088	-0.159478	-1.055902	1.482200	0.730425	-1.270184	1.122967	-2.136446	-2.116800	0.097011	-5.604278	-0.689976	-2.592239	1.418598	-0.898516	-6.425466	0.323390	1.449508	0.519293	3.197507	-1.441196	-8.027443
2.418446	1.985962	-1.874054	-3.981421	0.769823	-1.767748	2.787959	-0.382875	-1.257998	1.459587	-1.226312	-4.586507	-0.630389	0.631185	-0.875923	-4.148585	0.338105	-6.453338	-1.415680	-1.906746	-0.925359	-3.450911	-1.091738	-5.910417	-0.256882	-7.428472	0.428432	1.453222	-6.374961	-0.659882	-0.588982	-1.152698	1.719226	-0.384528	1.123399	0.706422	4.145213	-0.848037	11.897144	0.720395	3.975356	1.415465	1.145963	-5.956118	-0.252623	-1.118628	-0.493405	-0.997473	-0.195023	4.423694
-2.998318	-0.391285	-1.069807	1.069663	1.102668	-0.206408	-1.717879	2.736339	-0.748141	1.098360	0.770310	1.074108	-2.229331	-0.718467	-1.585858	2.678655	-1.187591	2.288399	-1.030419	1.251535	0.756387	2.842472	0.606816	2.327117	1.046331	6.005890	0.837794	3.008259	-1.698612	-3.492209	0.415706	1.218420	0.745485	0.250627	-1.632323	2.521563	-4.104811	1.052370	-6.331925	1.560079	-1.597464	1.161835	-1.835031	0.678481	-0.387154	1.516202	0.887706	-0.159268	-0.853797	-0.639190
-2.603529	-0.534661	0.707610	-3.224494	-3.527643	-0.868130	-0.165312	1.724778	-0.883802	-7.317362	-0.826070	3.168409	2.116286	0.579326	-2.040815	4.199490	-3.156992	0.914381	-2.349986	0.647209	-1.637304	-1.804017	-0.435736	1.330044	1.968240	0.053110	1.280296	-5.434458	5.447205	-1.421973	-1.814732	3.182732	2.678162	2.186005	3.965466	-5.390269	-1.582284	2.640377	-11.123273	1.018335	1.176655	1.740230	-2.980687	2.032645	-0.843700	-1.790277	1.437807	1.667867	0.512532	-2.931915
4.957151	2.706640	0.456401	0.510110	3.943572	2.836758	1.208869	-3.368261	2.522833	-1.433623	0.789383	0.528724	-1.202658	0.341477	0.623447	-3.844998	1.268060	-2.470526	0.536614	1.073372	3.700676	-0.422267	0.092060	-0.676810	0.203551	-4.350577	2.176835	3.310989	-2.449375	2.751994	-0.074815	-0.799992	2.549442	-1.623577	0.508006	2.192194	2.751908	-1.865496	1.816998	-3.071877	-3.656012	4.260695	0.674798	-4.870918	3.575270	-1.829841	-1.120093	-1.137359	-1.037984	-1.330395
-5.742935	-1.227512	-1.173859	-6.338112	-4.568242	-3.267195	2.918940	-3.051108	0.922403	2.618642	-4.043008	-4.430776	-3.060165	2.775977	-4.945726	-2.490183	-5.218647	-2.062323	0.178369	-2.620152	-2.512045	-0.449334	-0.878246	-2.053235	2.165976	-5.056052	1.859646	-4.731442	-1.053865	-3.794452	0.934258	0.748201	2.252105	2.205972	-2.010501	-3.515820	3.938275	-1.850356	1.900765	4.243018	3.942748	1.074447	1.224460	-1.029901	-2.368075	3.477689	1.298847	3.773873	3.883345	3.812779
-2.964368	-0.917589	-2.080442	-1.869641	0.087900	0.285016	1.762049	-1.042086	1.980510	-1.868826	-1.798199	-0.133663	-2.536970	0.422020	-2.531289	-1.984579	-1.840921	-0.203057	0.979562	-1.259018	2.220016	-0.016465	-0.480521	3.981282	0.591046	-2.668794	-2.172565	3.100045	-4.055515	-0.456476	-1.944771	-0.061267	-0.758160	1.975247	0.095350	0.923280	2.689262	0.399488	-4.035986	0.553799	0.968490	0.628523	0.705510	-1.319779	1.553700	6.300304	0.201926	-0.177644	1.422992	-5.425860
3.107971	1.250583	-0.835383	3.312550	3.947522	1.736438	1.932047	-5.052726	3.841941	3.278853	2.870944	1.104121	1.528027	-0.597918	-3.356085	-1.925129	2.103898	0.887096	2.393018	0.776029	4.931745	-0.059187	-0.637691	1.071525	0.111862	-2.968275	1.350103	6.724970	-1.914475	1.936616	-0.895850	-2.081710	1.651723	-2.204641	0.603769	3.245087	1.617398	0.238576	1.795720	-2.857656	-1.907239	-0.122610	2.670186	-4.305454	3.497489	2.620095	-0.336255	0.084146	-2.059767	1.941923
0.779998	0.298677	1.959313	0.762747	-4.778042	-2.058545	-2.097622	-0.105448	-0.976275	3.507627	-0.176224	-3.135250	-3.535826	0.072245	0.280392	-2.335701	-1.569261	-2.324495	1.351835	-2.272644	-2.215222	2.552778	-0.718156	-1.339474	-0.864768	0.515723	-1.293890	-1.957012	0.191279	1.299148	-1.758288	1.392778	-2.239573	-1.478346	-0.663213	0.909674	1.542958	-2.200383	5.892486	-0.249023	1.126913	-2.015002	-0.150982	-0.963451	-2.018130	0.447572	1.308056	-0.250568	-2.275520	2.768099
0.969711	-0.779152	-1.710995	-0.753283	-2.469567	-0.382332	1.978788	-1.794496	-0.343773	1.088807	-0.408805	2.484489	-1.703150	1.288621	-1.781160	-0.983868	-0.083800	2.785776	-0.939333	2.534982	2.946791	-0.013447	-0.630924	3.389008	0.152976	-3.063091	1.674277	0.611001	-0.973473	-0.773174	-1.537300	-1.095440	1.251869	-0.896506	-0.615830	0.863820	-0.756955	0.328663	-1.955763	0.369557	-0.097541	1.428366	0.153746	2.139051	0.574213	4.484506	1.168297	1.011665	0.802146	-2.422122
-0.162508	-2.502869	-1.888519	1.553831	1.070472	-0.133021	0.297791	0.077952	2.516305	-3.802027	-0.598551	2.168612	2.303810	0.048300	1.063912	2.687789	2.779691	4.013717	1.674034	-2.316632	2.995967	-1.867310	0.176379	7.085897	-0.098640	0.261320	-1.749457	2.440284	-2.032420	-1.819921	1.503580	-1.490411	-1.499962	0.067667	2.039521	1.459798	0.921762	2.404612	-8.491865	-0.372582	-0.488802	-0.679592	-0.420502	1.929160	-0.199038	6.979372	1.403264	-0.560548	-0.340519	-6.456109
-0.033863	-0.120237	-0.307118	-0.938721	5.498765	4.309704	0.025930	-0.287586	-0.283731	0.454164	0.367606	3.591443	-1.892519	-0.009505	-7.133705	2.305711	-0.817378	3.546629	-1.515809	-1.584087	1.822906	1.317940	-1.791006	7.062583	3.882747	3.772270	-0.891942	2.026962	0.084958	1.830814	-1.500012	-0.360625	-1.661667	2.779806	1.487499	0.637387	-1.529567	0.985549	-3.645824	-0.505062	-1.296247	-1.950684	0.225949	4.158932	0.920877	4.617727	0.518846	0.812626	0.661901	-5.387903
-0.797941	-0.546853	1.075194	-1.269434	-7.189363	-2.888327	-0.698672	0.095348	-0.013894	-1.349734	-1.528661	1.310504	-2.000550	1.430150	2.361738	0.062217	-1.324644	0.561571	-0.280593	-3.290862	-3.294676	-1.001053	-1.116636	0.584706	-1.671638	-1.534503	2.205278	-2.836017	-2.856874	-1.742995	-1.762915	-1.145570	-1.869549	1.041166	2.346216	-0.080587	1.254670	1.694162	-1.696446	1.493457	3.711844	1.737176	-2.246367	-4.226495	-0.424744	4.149070	-0.032170	-0.623391	2.824502	-0.318423
-1.785330	-1.574522	-0.104305	-2.586289	5.431351	2.067402	-2.522637	3.015278	2.177964	-1.237158	1.248487	2.007460	3.564471	-0.366246	-4.513177	4.630796	1.869036	5.497428	-2.342626	2.734076	0.169301	0.021350	0.903191	3.892401	2.807486	4.926615	-1.296604	2.707604	0.335386	0.668227	1.783726	-1.914987	0.133883	1.833556	-0.773439	-1.706236	-1.615342	0.309539	-7.255921	-1.154119	-0.722079	-2.190935	-0.061725	5.251502	0.670149	-1.385048	0.315192	2.718555	0.169343	-4.136560
-3.771561	0.568599	2.207868	-4.126547	11.258718	7.167580	-0.853231	-1.779988	-1.423163	2.008907	0.242873	-1.659078	-2.144451	1.162189	-9.599890	-3.701222	1.305863	-0.982835	0.091623	3.693321	0.613030	-2.488537	-1.744299	2.510355	4.621802	-1.102106	2.310088	8.023043	-5.196950	0.069686	-0.906061	0.851187	0.315952	3.666648	-2.349376	0.725059	5.338523	-2.344997	0.174000	-0.764716	-2.650700	1.863972	-0.307096	-5.251211	-0.186433	6.252705	-0.487537	1.470138	-0.434326	-1.762431
0.267402	-0.905294	-1.140236	-1.197005	0.113814	-0.959893	-1.019889	-1.553220	-1.008766	-2.687674	-1.242320	0.463599	-2.022839	1.590154	4.600661	-3.103954	-2.653959	-0.124432	-0.610331	-2.799150	1.052306	0.949487	-2.882786	0.867197	1.320119	-1.657307	-0.235636	0.490765	-2.315952	2.078574	-3.483956	0.566612	-1.053956	-0.029706	1.358084	-0.101652	2.874148	-0.001513	0.692947	-0.143287	1.157945	-0.912757	-1.137956	-2.905947	0.760582	5.063184	-1.207920	-0.869748	0.613089	-0.917336
0.206075	0.099533	-0.757236	-1.938318	-3.276100	-1.459975	3.204314	-2.206560	1.244073	0.340764	-1.904024	-0.965477	-0.584809	0.718168	-0.146953	-1.679151	-3.741356	-2.853269	-1.547564	-0.498438	1.656428	-3.673730	-0.540391	-3.059635	0.670735	-7.330102	0.727315	-2.609142	-2.519192	-1.889820	1.237710	-2.004898	2.899154	1.334489	-0.540208	0.103741	3.518002	-1.486956	5.774110	2.413182	3.510766	0.349153	-2.061456	-2.549740	0.832978	-0.465226	-0.266968	-3.022517	0.089520	4.169413
3.624316	0.674689	0.737134	1.480914	2.695830	2.632121	0.046388	1.433545	3.487632	-0.744146	2.633604	0.545389	0.599465	-1.134793	-2.401426	-0.553028	4.650014	0.312779	4.028179	0.756476	2.716643	-1.454166	0.471545	-0.335120	-3.120887	-2.757371	0.038518	4.704091	-3.442770	3.675248	0.245025	-0.190652	-0.013645	-2.951150	-1.881379	3.422284	2.219182	-0.956009	3.511321	-2.627182	-3.378123	0.561959	-2.143618	-0.205578	2.249448	-1.800927	0.173621	3.076945	-1.551942	-0.667409
0.351419	-0.001338	0.537958	-0.474682	5.064083	3.688861	-2.241341	2.595896	3.080867	-3.823739	1.854093	2.600944	3.044938	-0.054020	-0.460014	2.156479	3.092351	1.668235	-0.648757	1.624434	0.705870	0.719298	0.888554	1.349573	1.257448	1.477187	-2.384107	2.605331	-1.408726	2.255671	0.813559	-0.127340	-3.462996	1.135281	1.552148	0.313112	-0.344268	2.302344	-0.183410	-2.087497	-2.856948	-2.965993	2.058627	0.898270	2.143292	-3.346905	-1.320422	-1.219131	-0.237757	-4.362272
-0.358946	2.828288	0.939841	2.421654	7.780495	4.089849	3.953883	-1.136625	0.628783	-1.946252	0.278147	-0.755557	1.679797	1.292280	-3.188807	-2.731703	-1.528306	-4.842932	1.251352	2.503643	4.372566	-6.402575	0.340215	0.667635	2.977227	-10.329515	0.501769	4.618136	-6.050604	1.914207	0.339501	2.116639	1.513013	-3.265628	-1.323068	2.924056	6.139080	-0.888644	-0.488532	-1.793709	-4.341135	0.566520	2.232041	-5.703191	1.299788	-1.119497	-1.109707	-0.719084	-1.421024	0.220984
-0.546529	1.454565	-0.391171	-2.250527	-4.276801	0.000332	2.374711	-1.708373	-1.084459	0.202920	-0.235219	-0.085868	0.976639	0.618029	-1.787711	0.210367	1.469930	-2.064870	0.246031	-0.548182	-5.617358	-2.174408	-1.280881	-4.397951	-2.419567	-3.771136	1.971393	-0.364826	0.278170	-4.057549	-3.069133	-0.013040	-0.373420	-0.631067	0.196725	-1.012261	-0.939266	0.543822	3.503992	1.699098	-0.298364	0.858926	-1.100836	-3.032066	0.439482	-4.126170	0.213502	0.426959	0.984690	2.993802
4.376885	-1.621656	0.474402	-3.590220	-11.279439	-5.007913	1.217763	-3.226095	-0.192831	-4.817544	-0.556477	0.062614	-0.942130	-1.247143	5.002165	-1.463231	-2.943729	-2.784925	-3.587437	0.583842	-6.713211	-2.565665	-3.599749	-6.947773	-2.987437	-2.921546	2.138785	-6.193555	2.615298	-4.507266	-3.754751	0.578045	3.444777	-5.392474	0.732513	-6.677271	-1.685897	-1.457945	1.896614	0.760333	0.012989	2.397757	-2.103467	-2.909845	-1.595562	-2.593598	0.791507	2.609434	1.574900	0.550543
-0.964639	-1.759363	0.203214	0.094151	-7.515058	-1.590738	-2.922935	1.326953	0.896774	-0.434569	0.221702	2.950335	-1.197691	2.442393	3.170876	1.456480	-3.738593	5.181387	-0.143660	-1.623935	1.313733	1.727588	-1.177855	4.887805	0.958408	4.605201	1.926645	-2.190766	2.575644	-3.225237	-1.882925	0.005562	0.136140	-3.253663	-1.287851	-2.168583	-0.882275	0.345099	-8.225699	-0.302711	-2.554902	1.874244	-0.174255	0.908111	0.550770	1.635622	-0.507819	2.529591	1.831387	-1.063429
1.261772	-0.631413	-0.796512	2.002297	7.844661	5.279430	0.303163	-0.657656	1.436642	1.180365	0.348977	-0.802261	-0.241915	-1.496275	-5.601110	-0.941481	1.840206	-2.908715	0.713674	1.374116	3.559734	-1.973655	0.375698	2.233376	0.856260	-1.710770	-0.533459	6.595367	-3.503905	0.185294	-0.289137	1.572570	0.962224	0.016164	-1.763592	3.125710	3.963521	-0.564962	-1.237225	-1.316128	-3.793931	-1.514274	1.142082	-5.795206	0.271910	2.748973	-0.492242	0.460047	-0.149266	-1.494996
-0.862044	-0.052552	0.409553	0.222441	2.454665	2.831339	3.624627	-2.075817	3.305897	3.368108	-1.201918	0.748881	-2.744398	2.677229	-2.851110	-2.243978	-0.332915	-1.540667	1.634870	2.136816	0.732963	-1.823806	-1.295226	0.229914	4.016595	-11.768400	1.694068	1.834932	-1.531234	-1.501325	-1.525469	-1.533118	1.449131	1.843413	-1.092614	1.751314	7.025412	-1.339764	2.251212	0.572710	0.067890	1.731977	0.642931	-5.671015	1.669831	4.457845	-0.809477	-0.623591	-1.483222	3.975596
5.214291	1.742732	-0.547907	2.934126	13.648043	5.272795	1.806616	-0.831316	-1.207055	-0.550797	0.878769	3.134994	2.698829	0.041599	-2.306004	0.704524	1.220530	2.552579	2.198398	2.123013	4.696491	-0.993468	-1.186697	6.534168	0.398846	-4.195369	-0.407060	7.461788	-3.276820	6.133188	-1.188247	1.555194	-2.088368	-1.995953	0.627193	3.681814	3.460698	2.424936	0.586911	-3.157737	-5.340694	-1.425646	-0.735764	-0.508654	1.647496	0.720885	0.668547	-1.124220	-0.348937	-2.361419
2.474876	1.352618	2.167167	1.955423	-3.176035	-1.313951	1.316929	-1.578410	-1.740546	-5.598371	0.259779	2.526912	-0.080482	0.839339	2.454272	2.042409	-1.590816	0.829979	1.969929	1.746291	0.235883	-1.980496	-1.575211	-1.980229	-0.570098	-1.575867	-0.576690	-4.493055	2.063832	2.602793	-0.581891	-0.679986	0.982136	-0.826837	2.629377	1.123812	-1.334662	2.182148	-0.727102	-0.379160	0.949270	-1.680608	-4.051729	1.286003	0.616484	-4.768829	1.027860	-1.389957	-1.958162	1.547945
-4.098281	-0.264971	-1.965426	1.458202	0.533990	2.596657	-3.302659	1.954313	-1.965787	2.128984	0.692400	-2.487569	-2.958109	1.260162	0.925700	-2.049868	-1.460964	-1.150003	-0.770317	-2.094782	-0.121039	0.614744	1.007745	1.573248	3.873037	2.590656	-0.267438	1.951282	-1.650324	-4.430576	0.903389	1.751132	-0.582726	2.966105	-3.819943	2.344516	1.325098	-1.937588	-6.395447	1.592110	-0.994297	2.351459	-0.318344	-2.110712	-1.288158	1.485864	-0.425317	-3.300011	-0.205559	0.792321
-2.558536	-0.254023	-0.176511	0.845229	4.075688	3.967006	1.687227	0.341951	-2.789458	0.367466	0.450481	0.570926	1.637752	-2.277000	-2.764737	1.526906	3.500292	0.295375	-0.632966	-0.129098	4.395356	1.331087	0.061996	3.431580	1.651743	0.892414	0.944582	4.974877	-0.214777	-0.526370	-0.048781	0.374692	-0.957070	-1.006864	0.566938	2.101740	-2.418905	0.503572	-6.760660	-0.056317	-2.823885	1.598492	1.364498	2.353620	-0.335816	2.612155	0.207893	-1.135740	-0.689125	-3.565268
2.745172	2.005869	2.190816	1.624644	4.795303	-0.395775	0.944727	-0.142039	1.038091	-1.090908	0.592907	4.806172	1.812485	-3.065662	-0.710972	-0.514547	0.902431	2.291978	1.460966	0.850585	-1.510412	1.631235	-0.012714	-0.356966	-0.030735	-2.535144	-0.111528	-0.962181	4.732566	2.469033	-0.306859	2.963751	-1.251947	-0.543409	-1.739188	-1.553963	0.184894	-0.543792	0.915965	-2.754943	1.301873	1.049784	3.556988	5.077104	3.468759	-2.054696	-0.068493	0.568312	-1.413078	-4.018829
3.352600	-1.381349	2.745396	2.289808	-1.575853	-1.913678	-0.746564	-1.374602	1.665793	-0.777331	1.411569	2.160449	2.040615	1.563807	3.822160	0.264547	-1.960199	2.288957	-1.423389	3.278469	-2.240089	2.671393	-1.471651	-3.660775	1.137144	1.468475	1.743418	-2.037334	4.741070	0.356260	-2.156742	-1.015984	0.465271	-1.821162	1.104327	-0.594772	-4.274310	1.370603	1.661747	-2.023186	0.618234	0.118275	-1.266358	4.003959	0.532203	-3.589183	-1.262538	-0.550070	-3.189428	4.481049
-0.884169	-2.589867	-0.680979	-3.039569	-7.845134	-2.201000	0.658911	0.147168	-0.067977	7.082086	1.102690	-5.630502	-6.380167	0.638736	2.016641	-6.074955	-1.629018	-1.835816	0.695796	2.020999	-1.253079	1.589152	0.538231	-3.264082	-0.832684	5.091016	-0.226177	-4.463379	-3.782535	-0.307898	1.088949	0.028377	1.077157	-1.670835	-2.946575	-2.847966	-0.352260	-2.490274	7.025201	-0.493395	2.856925	-0.024273	0.419850	-0.353937	-0.637471	4.390293	-0.769941	0.975391	-0.292743	5.971024
-1.305763	-0.271210	2.401710	-2.725981	-3.840465	2.682640	-0.786432	0.969784	-0.354202	-0.902539	-1.377770	-0.325844	1.089881	2.605559	-2.450060	0.867426	0.015946	-0.979158	-0.404388	-0.303323	-2.722664	-2.494326	1.102861	-2.725189	1.868016	-0.699477	2.275094	-1.448062	-1.679016	-7.527632	1.229050	-0.167784	1.177272	1.702902	-0.271843	-0.606164	0.259980	0.607128	-1.257330	2.434466	-1.137968	3.954623	-1.054983	0.795767	-1.502700	-4.335287	-1.601933	-1.464805	2.094312	4.097758
4.501650	0.037691	-1.112900	-2.161676	-2.423908	-1.957007	1.651010	-1.110209	-1.459204	-5.682556	-0.008042	3.617481	-0.342984	-2.276911	3.526589	-0.858784	-1.340349	2.638402	-2.569585	-0.476425	0.966765	0.791653	-4.799970	1.538684	-0.678750	-3.075438	0.882911	-1.416952	-0.216123	1.557077	-2.797669	-0.125035	-0.519570	1.519537	6.972781	-2.622833	-2.031820	1.430498	-1.711784	0.401096	3.137172	2.758729	-2.274334	-2.261925	0.125916	2.220537	0.214577	-0.121543	0.509307	-5.708726
-0.733605	-0.990002	0.740986	-0.699930	4.973523	3.344991	1.189559	-0.883416	0.815183	1.027680	-1.294191	-0.370875	-1.385832	0.101025	-2.342725	-0.174285	1.884259	0.211762	4.098384	-0.898088	-1.469330	1.232046	0.607299	0.739671	2.250334	-6.749391	-0.276128	2.109119	-3.149319	0.119646	0.200330	1.539120	-2.129190	2.566901	0.764373	3.388104	4.145418	-0.116356	1.290726	0.190827	-2.453612	-0.849785	-3.012576	-0.502647	0.884183	2.710927	0.426416	-1.223624	-0.822784	0.002275
4.547820	1.035428	-0.597570	1.782697	1.947627	-2.109464	0.841406	2.206310	2.219424	-0.240992	1.735578	5.089738	-0.243500	-1.774784	2.231239	1.604766	0.775541	4.054185	-2.853401	0.386215	-2.684159	0.915340	0.341609	-0.000337	-2.283744	2.111529	-0.948460	0.677068	3.009926	5.065712	-0.281682	-2.927300	-2.715511	-3.263704	-2.069002	-0.447184	-4.471407	-1.390650	1.356817	-3.428182	-0.400136	-2.898543	-2.051136	2.950723	3.480662	-6.108216	2.274143	-0.559605	0.321157	-2.141346
4.812959	1.749662	-2.452267	-0.504180	3.839397	3.451445	0.817000	-0.180348	-0.172070	3.025485	0.130776	3.407402	1.349602	3.042069	-2.260665	1.191460	-0.530400	0.127148	0.955829	0.347530	3.708259	0.420026	1.805995	6.219229	2.228696	-1.908546	-0.648268	5.503625	-2.361195	1.559181	-0.747395	-2.734513	0.962540	-0.075750	-1.389800	1.657478	0.037598	1.939103	-0.868994	-0.591474	-2.733474	0.450775	3.319289	-2.065230	3.419487	1.491754	-0.578590	0.607211	0.829702	-1.300327
1.905808	0.194338	0.491002	-1.724211	-2.975719	-1.122380	-2.717291	-0.057422	-3.336255	8.493280	0.462275	-6.823414	-3.875894	0.506525	6.903057	-4.909736	-0.128326	-3.703731	-2.611060	1.424248	1.186252	3.449147	0.772441	-2.649417	-0.368165	4.437555	2.174598	-1.851344	-4.603124	-1.402341	-0.787795	-1.093821	1.833855	-3.102126	-1.107684	-0.464002	-1.065826	-3.706136	7.000259	-1.110819	-0.408054	3.132952	1.992470	-9.421635	-1.040883	-0.167229	-0.652465	-1.288307	-3.655626	5.839335
-3.494160	-2.564495	1.198282	-2.459139	-1.296751	-0.936872	-3.861787	3.961005	5.907115	3.674023	-0.565499	1.375606	0.825736	-1.541796	0.923066	2.404783	-0.672400	4.592514	-2.175083	-1.941469	-0.839102	5.064342	2.458146	2.457827	0.259326	9.738315	-0.026428	0.210761	3.278863	-4.516379	3.672142	-0.931403	0.426689	2.393844	-2.369441	-3.185322	-4.183960	-0.147468	-7.448024	0.039183	0.946321	0.960690	2.348908	7.672996	1.240303	0.523234	-0.518208	2.096480	0.653225	-1.102129
-1.367305	-1.679597	2.781688	-0.035872	-4.101683	-0.995128	2.036522	-1.153314	-1.380583	2.553205	-2.382370	-4.828162	-0.265121	2.750297	1.560729	-4.095433	1.332979	-3.446250	0.115586	-1.367989	1.009212	-0.205785	0.889867	-5.791779	-1.500162	-8.259085	0.035712	-1.055767	-2.420025	-3.751088	-0.690714	-3.247028	0.549487	-0.764189	1.182595	0.521583	4.215642	-1.012783	8.964559	1.930558	-0.639061	0.428632	2.659561	-2.857945	-2.535023	3.214218	-0.542687	-2.629696	0.155478	8.845471
3.631860	2.293970	-0.202980	0.695040	0.538176	-0.059144	4.992806	-2.260949	-2.478679	-0.020424	-0.430979	0.377077	-1.624154	2.147713	0.520968	-2.572563	-1.638378	-2.593218	-1.158986	2.245748	-0.762353	-4.516374	-4.089614	-3.328833	-1.159526	-13.804704	0.696407	0.897500	-2.269472	1.177276	-4.557620	-0.851308	1.121873	-1.679400	1.150755	-0.264490	6.290176	-1.251702	5.343531	-0.385660	-1.302613	0.508850	-2.428117	-4.795497	0.868651	-3.460816	-0.506915	-1.036994	-0.525556	3.742854
-1.778257	0.175035	1.523495	-0.981825	-3.174179	1.516710	1.564698	-2.898374	0.769743	-2.128939	-0.451919	2.242013	-0.911262	2.793551	-2.956802	1.758089	-0.681420	3.153172	1.819692	0.616102	-2.716964	-0.856375	-1.147520	0.890019	0.118530	0.425460	1.981023	-2.868983	2.093130	-2.157881	0.207904	-1.690724	1.556625	2.104679	1.895926	-1.586057	-1.061808	-0.156642	-2.999718	1.798697	1.153037	1.698144	-4.381968	4.783452	1.099693	2.809081	0.356374	-0.660381	1.493347	-1.008188
2.323515	0.958707	0.863128	0.849685	3.456729	-0.763208	0.117878	2.616027	-1.258538	3.163741	2.178186	-1.943241	0.305248	-0.549914	1.484969	0.413120	2.647216	0.741301	0.247179	-0.385252	-3.249708	0.802481	0.098946	-2.038582	-2.425665	4.610342	-2.068479	-2.028998	2.559437	5.403324	1.322945	-0.514688	-2.323885	-2.375151	-1.592430	-0.149414	-5.399498	-3.856396	7.381732	-2.069064	-1.278241	-2.652401	-0.910312	3.009807	-0.834022	-8.442956	1.305330	-0.356326	-2.634888	4.152040
4.440378	1.379911	-0.472358	0.402074	-1.372454	-1.205998	2.778724	-2.374077	0.624096	-2.471191	0.936718	-0.198446	-1.290402	-0.403552	1.094443	-1.932627	-0.384258	-0.570735	1.101850	4.591649	0.202655	-0.952806	-0.782685	-5.074861	-2.343335	-3.505215	0.688481	1.247854	3.176159	4.394892	1.272777	-0.501468	1.508572	-2.663016	0.691442	-1.265645	-1.064115	-0.093598	5.341309	-1.206133	0.738319	-1.090563	0.469090	0.531219	0.769701	-5.091743	-1.744833	0.477064	-0.323091	3.153326
0.946374	-4.134092	0.207565	-1.336254	-4.619992	-2.154251	-2.925310	0.697522	1.485820	2.249633	-0.505100	-1.356709	-0.514818	0.469155	0.305821	2.236138	-1.318827	2.785505	-1.099372	-1.683376	-2.720826	5.787239	0.426938	2.676482	-1.137032	6.496033	-2.606178	0.868539	1.675287	-0.888578	-2.545352	-0.379232	-3.239885	-1.822180	0.675635	-3.413008	-4.551928	2.632460	-0.027082	2.267492	-0.776746	-1.593694	-0.258544	0.953687	-2.800129	5.856654	0.630680	3.282651	2.097995	-1.614171
2.257769	-1.757948	2.162027	5.760110	1.575304	-0.482493	-1.507403	1.901148	7.209209	0.781631	1.614495	0.485304	1.453823	-1.512457	0.467375	-0.430834	0.463352	1.574049	-1.226493	1.505848	1.892411	0.611949	0.016926	-0.915870	0.176701	0.608349	-0.538393	2.516536	3.692530	-1.474345	-0.213347	0.183258	-0.630430	-4.071491	-1.049538	0.504027	-0.566881	-0.713315	1.630300	-3.652623	-1.989420	-1.089374	0.005345	-0.685973	2.056398	-2.409564	0.128866	-0.496343	-3.183925	0.210658
-1.424708	-1.172955	0.405443	-4.728097	-0.644860	3.313528	-1.953834	1.384674	0.667449	3.274352	0.976578	-3.110771	-2.355777	-0.298004	-3.396904	-2.820100	2.785753	-0.179087	-0.713857	-1.803402	-1.577064	2.214372	-0.446885	2.247309	-0.652261	3.615760	-0.597151	2.847699	-4.991940	-0.532475	0.495152	-0.299848	1.218181	1.734726	-2.760128	-1.342914	-0.290284	-1.633834	0.573534	-0.651570	-2.415356	-0.217839	-1.030960	-5.590529	-0.577040	2.302494	-0.694297	1.563047	-1.760115	-1.471927
2.993125	1.795955	1.124074	4.214315	-2.511704	-0.908662	0.228103	-0.443872	0.174988	0.663874	1.186845	-0.395011	3.562861	1.827188	5.548014	0.602417	0.641825	-1.409944	1.740859	1.983963	2.885270	0.406708	2.141864	-2.395161	-2.676253	0.453683	-0.315768	-1.971728	2.031312	2.526016	1.078234	-0.446974	-1.972555	-2.588434	-0.029118	0.920097	-2.358844	0.089211	1.840641	-3.108417	0.508997	2.487455	4.087813	-0.697630	1.552933	-7.269657	-2.071446	-2.104666	-1.495155	4.083630
-4.119921	-0.684388	-2.777704	1.380709	3.312875	1.119226	4.586582	-2.284287	1.457723	-2.078208	-1.628962	0.935965	2.222311	0.885717	-2.594868	0.715236	-5.204384	-0.448327	0.084322	-1.160297	7.134331	-4.562875	0.298225	4.682584	2.901676	-5.117828	1.519308	1.526166	-0.939426	-2.034924	-0.484798	-0.636549	2.546092	0.362663	-0.287585	2.007283	3.143983	1.765223	-9.532179	1.328255	0.173867	0.781893	1.987541	-1.676559	-0.949088	5.023627	0.302372	-1.962179	1.470772	-0.995479
-0.688595	-0.563701	0.913252	-3.881278	9.430028	2.414884	0.518205	-0.023511	-0.306191	-1.562873	-0.979052	0.223467	2.836928	2.101835	-3.230786	-0.368418	-3.781098	-1.443172	-0.603630	-0.315467	-3.287937	-3.705488	-1.526415	-3.293150	3.877944	-6.317694	-1.835849	0.624553	-0.495339	0.257400	-0.764491	-0.250590	-2.007938	3.819710	0.668975	-1.936419	5.424028	-0.218250	2.457740	0.370920	-0.515750	-1.544811	2.238756	-3.839958	2.582767	-2.142525	0.720054	-0.225538	-1.394629	6.285781
3.739925	-1.995507	-0.155174	-1.033131	6.302111	-0.200795	-0.554038	2.465641	4.580518	1.335914	3.010763	-0.093962	3.533972	-0.095799	-3.714794	2.255965	2.673837	1.103865	-0.357310	1.074621	-0.949154	0.206920	3.884395	-1.274046	-1.207965	6.112669	-2.853746	1.245745	1.285328	2.109710	1.702030	0.474089	-2.317565	-2.042236	0.196748	-1.872919	-3.780777	0.819381	4.705237	-3.653108	-0.700118	-2.013764	3.980264	2.380439	1.711964	-4.712584	1.959292	1.629537	-2.537211	3.125314
3.946548	-0.875953	1.458778	1.192679	-4.016697	-4.966691	0.784857	-0.209652	-0.989482	1.338815	0.983053	0.720331	0.465186	1.200619	0.097606	0.924238	-0.378714	2.054678	-2.426611	1.728507	-0.525819	1.928884	-1.451446	-1.748718	-2.399145	0.262265	1.510082	-3.308521	2.720903	-1.012629	-0.816504	-0.153636	1.343493	-2.868711	-2.480436	-2.673339	-4.898111	2.015049	4.076945	0.544971	2.807368	0.001328	-0.847514	-0.218442	-0.739931	1.172390	-0.369253	2.431053	-1.159159	2.278694
-3.251719	2.772634	0.566086	-1.584551	-0.210350	-0.039212	1.503209	-2.938042	-0.093165	-0.640025	-1.667134	-2.064379	0.604545	0.980269	-1.036732	-3.107214	-2.451213	-5.320905	-0.259340	1.158738	-1.635093	-1.314778	-1.733376	-6.140477	0.338569	-6.663470	2.102194	-0.527983	-2.949017	0.704162	-2.900361	1.450038	0.582177	2.319219	0.662837	-0.492112	2.741538	1.266797	1.792330	-0.794836	0.475255	1.481489	2.628516	-7.640593	0.775769	-6.852198	0.338737	1.050186	-1.803721	5.801541
6.847695	1.490518	1.040278	0.687925	1.439008	0.330137	-0.010093	0.702262	0.984703	6.903064	2.366356	-2.813661	1.196554	0.942486	0.073533	-3.838723	0.591263	-2.097040	1.139581	2.694418	-3.419057	3.403942	2.625297	-5.683472	-0.720288	1.458649	-0.024966	-0.521605	-0.266734	3.224781	2.922548	0.747635	-0.204100	-4.130954	-4.240785	-2.619872	-1.400421	-1.543463	14.664764	-2.009418	-2.156906	-1.661376	4.403578	1.552910	2.649045	-6.869264	-1.922939	2.994607	-0.449003	8.999176
-3.831828	0.771817	-1.631443	-0.039003	3.574330	-0.544834	-3.791673	2.068830	0.669289	1.395368	-2.156020	1.131658	-1.387127	0.291237	2.530313	1.898526	-3.630779	1.170673	-0.690177	-4.633705	-2.856830	2.845513	0.264469	3.171648	4.566315	2.549339	-1.393235	-2.994956	3.007039	0.579508	-1.276675	0.489833	-0.951713	2.380300	-1.437956	-1.238329	0.710148	0.477257	-3.855477	2.655950	0.204023	-3.165863	-0.175688	1.873665	-0.979542	1.704340	0.837131	-0.610696	2.760041	-1.131206
-2.357315	0.104869	2.615513	0.045692	0.747930	2.665368	1.283307	-0.230176	0.824264	3.772640	0.093709	-2.219223	-2.154861	-1.575217	-0.495233	-3.094225	0.392540	-2.317139	-0.156201	-0.385719	-1.105058	1.206612	-1.663684	-0.104979	-0.293291	-1.767048	2.794401	1.639285	-0.596420	-1.131332	-0.840968	2.450810	1.658670	-2.967434	-3.009596	0.558053	-0.281561	-2.710704	-0.096993	0.740161	-3.275623	1.504414	-1.584072	-1.387059	-1.358221	1.207919	1.174202	-1.716756	-0.807694	1.268880
-2.548112	0.628280	1.059035	-1.858382	-1.255716	0.411933	0.328616	0.770536	1.257993	-1.666994	1.540670	-0.616974	0.525010	-2.355677	-0.022343	0.893935	4.098346	-3.055116	-0.412829	-4.112475	-6.591166	-0.279762	-0.287160	-3.816283	-1.488186	0.109787	-1.016978	-1.370651	-0.917059	1.086333	2.115067	-0.355715	-2.996767	-0.612147	2.753770	-2.567902	0.287638	2.106909	-1.041742	-0.145817	-0.049503	-1.500103	-2.767550	1.387928	-0.475321	-5.811517	1.330728	1.103462	-1.715542	0.001753
-0.752499	1.558122	2.291415	-2.582629	2.891431	0.123269	-0.424969	1.348585	1.251085	-0.213992	0.206836	0.100881	2.405287	1.108224	1.911838	0.381074	2.777891	-3.335037	-0.344959	1.855752	-0.063232	-0.125327	0.594557	-3.852586	-0.097250	1.906535	-0.392875	-0.936400	-2.173694	4.506784	0.908215	-1.639959	1.145148	-0.412461	1.336627	-1.352314	-2.411906	0.385251	0.555438	-0.844390	-0.883680	0.097476	-0.360229	-3.556384	1.291077	-4.592741	1.433823	-0.337137	1.035116	5.408886
0.794009	-0.505488	2.057193	-1.145912	-0.649649	-2.578897	-2.931234	2.618841	-1.328487	5.659817	-0.500868	-1.734484	1.225325	-0.246009	2.339073	0.522388	1.889999	0.180013	-0.588049	-1.295300	-5.275712	3.683591	1.358977	-3.554371	-0.785398	6.164042	-3.287000	-3.533774	3.146350	3.457089	0.343493	-1.987251	-2.325861	-1.027718	-1.739005	-3.358981	-3.703517	-1.313614	5.981208	-0.255313	0.582148	-3.917439	2.136344	0.118910	-1.072800	-5.364359	-0.568637	1.790100	-1.192768	4.183219
2.368425	1.041837	-0.212771	1.775229	10.759191	5.682823	-2.185037	-0.404727	4.330063	0.779784	0.525505	-2.929202	-3.071295	-2.474178	-0.198574	-4.465245	1.763918	-2.316792	3.504963	0.027959	4.703220	2.313464	1.920470	4.053591	2.378038	0.896890	-2.690271	7.489553	-3.138915	7.685341	-0.378791	2.356855	-1.015219	2.537951	-0.460464	5.337380	4.906742	-2.023383	5.164661	-1.777706	-4.458122	-4.240410	-0.063769	-1.953087	1.710282	5.923888	1.197654	-2.598091	-0.899605	-2.697315
2.593854	3.343898	0.168560	2.644214	11.634355	7.656779	0.812680	0.474787	-1.849742	-3.921612	3.802388	2.551675	2.726626	-0.573817	-6.900905	0.935405	4.135022	-1.758612	-0.997885	5.890118	8.536905	-2.084677	1.026890	4.577665	1.582495	-0.958559	0.314830	10.136459	-2.274296	3.765029	0.168501	0.029122	1.796905	2.683773	3.827448	4.664435	-0.213598	4.275033	-2.213107	-3.180841	-3.379001	0.506640	3.420577	-4.726359	3.249978	-3.302624	0.405113	-1.701659	-1.864416	-5.711175
0.309199	-0.462884	1.834382	0.274679	-1.654361	-2.233591	-0.591150	-0.927445	-0.336736	0.761167	1.705709	0.925465	2.745605	1.390981	2.715974	2.148998	-1.028789	0.686307	-1.882457	0.981598	-3.022112	0.910486	-1.101123	-3.709768	0.492266	3.333338	1.107476	-3.791908	4.678645	-0.618749	-1.451112	-1.058558	1.115943	-3.045628	0.533658	-3.840985	-5.564503	-0.071330	-2.234375	-1.818650	1.336069	3.611854	-0.982903	-0.701235	-1.237340	-5.585452	0.274610	3.000494	-1.657914	5.791160
0.086631	0.661723	-1.673869	2.185369	-9.347111	-7.170534	-0.684315	-0.502505	-2.350260	2.013214	-1.111066	0.466191	0.531201	-0.155167	8.352285	2.792145	-3.947931	0.090365	-0.132262	-0.635188	-2.121532	-0.483738	-0.541212	-2.279214	-0.305028	0.032169	0.589971	-7.091507	4.074093	-3.976788	-1.505749	-1.101470	0.759844	-2.453843	1.810666	-1.895812	-0.944683	0.402230	-1.446263	2.056764	6.277119	0.760895	-0.691494	2.872466	-2.151491	-2.639250	-0.989419	-0.824393	1.917270	3.473431
1.942932	-0.508184	2.300104	-1.621914	-1.473714	-1.157369	2.107043	-1.483022	3.349208	0.548020	-1.532716	0.183394	1.559887	4.022179	-1.454529	0.309069	-4.859046	-1.282769	-0.883598	0.511787	-1.081274	-0.900502	-1.183967	-2.677146	2.364126	-5.924509	0.298137	-2.029774	2.819050	-0.920517	-2.070136	-0.832628	-0.415255	-1.047197	-1.088832	-1.755443	1.961174	0.962762	2.363035	-0.092674	1.098673	1.415452	-0.017939	1.306422	1.661650	1.117839	-1.226231	0.235059	0.618427	7.578673
3.985694	0.496000	0.388620	3.380792	-4.041151	-7.078657	0.138111	0.694165	1.874308	-5.237208	1.131209	0.622555	4.083491	1.512207	7.551102	1.395154	-5.143684	-2.225276	-0.130159	-1.431664	0.524658	-2.973029	0.198903	-3.371343	-3.182586	-2.045703	0.028888	-4.236583	3.142058	-1.203185	-0.141461	0.914184	0.068055	-5.895783	2.770521	-1.346242	-0.083480	1.273696	-1.238373	-0.641959	2.319725	2.140161	-1.306002	1.391166	-0.440179	-4.808778	-1.001314	-0.765501	0.713305	2.222493
0.217175	-0.414598	-0.302928	-1.044170	7.593508	4.840538	-2.119938	1.897149	-1.823430	-2.457227	1.396108	2.598058	-0.629636	-0.277083	-5.437025	3.199468	3.872351	2.706012	-0.507474	0.133610	0.543132	0.654570	-0.600624	3.961373	1.604133	2.027004	-3.197109	4.938633	-0.960454	3.051336	1.404949	0.745008	-1.007846	2.837421	1.746343	2.737179	-1.821214	1.278457	-5.543290	-2.607789	-2.563937	-1.824055	-3.079434	2.660120	0.027556	-1.637127	1.123446	-0.048578	-1.691232	-5.703814
2.539915	1.192651	-1.102716	1.234946	5.352282	2.006140	0.354449	1.076838	-1.615294	-1.073461	1.645397	3.818149	0.162899	-3.325945	-3.126754	2.192869	2.761927	2.647882	0.583076	0.033853	1.784483	0.352679	-0.802092	4.890913	0.672443	0.701802	-2.050209	4.195297	-0.684635	2.702012	-0.678313	-1.047657	0.077320	-0.923126	-0.047783	0.306532	-3.324914	0.809461	-4.336544	-1.367033	-2.690818	-1.775066	-1.196007	-1.415069	2.488842	0.634971	-0.171173	0.007647	-1.218175	-9.306700
0.066265	-0.055054	-0.645035	-2.798345	-3.381510	-0.343643	2.635454	-2.939824	-2.370227	-3.634017	1.964050	-1.358331	-0.043329	-2.860177	-0.461411	0.541886	1.967932	-4.403395	2.552296	3.182023	-4.159890	-4.314040	-0.620424	-5.542754	-1.590830	-8.375787	0.308854	-0.950714	-2.946046	0.743440	-0.072106	-0.243247	-0.933514	-1.385217	1.953431	-0.422504	3.695206	1.252592	1.746912	-0.881082	0.868685	0.467730	-3.081529	-6.345166	-2.738184	-3.836229	1.729141	0.212144	-0.772151	-0.639306
1.707225	-0.510619	-0.337286	-0.391222	-4.922264	0.137383	3.238753	-2.661974	0.638349	0.990551	1.226765	-4.204728	-3.408356	-3.521276	-2.356935	-5.643859	1.347795	-5.262644	3.663214	-2.248775	-3.189139	-4.105367	-2.065529	-4.128062	-0.884106	-10.182772	1.560454	-0.806425	-8.948639	0.305426	-1.674589	1.532668	0.932824	-2.163771	0.328395	1.980606	8.479821	-0.732491	6.025219	-0.421235	-0.462238	1.214840	-2.105461	-9.203352	0.556068	2.512104	0.471239	1.389598	-1.404564	0.047316
-2.256003	0.626250	1.139809	3.560712	1.914073	0.570598	3.751586	0.688078	-1.858510	-5.749088	-1.118595	1.880414	6.137351	0.099654	-3.437691	4.908812	-1.665752	-0.188621	1.794439	-2.044161	2.279856	-2.919644	0.199495	-2.130372	0.054381	-9.393503	-0.895852	-2.155913	4.018608	1.579673	-0.187502	-0.674298	-1.452228	1.712035	2.034195	1.260077	1.783471	4.574352	-5.977205	1.352300	-0.964707	-0.515518	2.354060	1.074289	-2.638162	-4.338923	0.870872	-2.735307	-0.399974	0.587276
-4.832878	-1.647048	-1.494992	-1.702033	5.362327	4.620724	-1.256432	1.552029	-0.729810	0.054915	0.165965	0.901655	-0.754770	-0.521931	-5.681854	2.059401	0.451105	-0.504394	-0.637704	-1.444144	-2.773467	1.054768	0.037077	3.540934	3.173265	2.568138	-2.678674	4.974703	1.647913	0.485450	4.139896	2.075662	-2.090990	4.548076	-1.186832	1.309186	-0.236331	-0.028107	-5.377369	0.403049	-1.606080	-2.191462	-1.363249	2.621205	-0.472738	0.852887	-0.101992	1.645615	0.465016	-2.741091
-1.249590	-0.774576	-0.052924	-2.216251	7.559069	3.613223	0.415038	-0.161759	4.479968	-2.807597	-1.767601	-0.263105	-0.954875	-0.400338	-4.127228	-2.529343	0.700673	-2.486035	-1.543981	-0.746627	-1.760111	-3.533142	-0.946405	-0.124498	2.875206	-6.619879	-0.150401	4.291404	-4.096081	-0.305498	0.027466	-0.405926	0.145564	4.150186	-1.285827	0.988729	6.871263	-3.689374	2.060690	-0.190362	-3.044015	-1.543184	-0.894032	-4.341590	1.253758	4.231951	-0.429064	-0.803112	-1.877654	-1.617182
0.097707	0.279089	-1.367365	2.063842	3.233674	-0.175464	0.426067	-1.626525	0.472983	2.862514	-1.021293	-3.210350	0.272742	-1.062968	0.168464	-1.577032	0.020554	-3.818727	-0.152107	0.490097	2.297173	-0.831022	-0.308466	-1.683547	-0.446583	-3.100786	0.816167	4.429588	-1.254674	-1.969729	0.591568	-0.249022	1.112014	-0.387996	0.489089	2.148238	-0.379758	-0.437905	0.362806	-1.050721	-1.863919	1.302891	1.395897	-2.152078	-0.825776	-1.792964	0.707912	-0.743278	-0.800588	2.820313
-6.422605	-1.980681	1.672916	-2.212087	-4.769028	0.283404	-1.556859	-0.216123	0.257869	-3.262305	-3.730941	-1.227715	-0.696726	2.426660	-3.461362	2.131526	-0.628833	0.070325	1.602098	0.260271	-4.404035	-0.647458	2.819518	-0.792241	0.341881	-3.748430	0.821732	-0.991624	2.351030	-1.985466	2.365097	0.942183	1.045026	6.883725	0.473656	-0.249936	4.075777	2.872722	-4.098743	1.858728	2.835959	-0.439454	-2.083727	0.973820	-2.012497	1.500967	-0.272023	1.424354	1.331589	-1.270293
6.490102	-0.134517	-0.378586	2.559163	7.529023	2.703865	0.729549	1.264116	1.908063	2.454881	2.643383	0.953818	2.988455	-1.719276	-2.830547	0.958041	2.581075	1.349901	-0.270866	0.709542	0.891844	0.811735	1.275144	0.778874	0.338470	2.678104	-0.016696	2.903133	-0.965004	5.358892	2.959926	-0.133908	-0.884172	-1.704571	-0.426697	-0.487553	0.606838	-0.525307	4.857771	-3.067810	-2.429787	-2.259912	0.520519	2.570322	1.712455	-2.884106	-0.122977	2.137657	-1.269828	-2.834480
