X23	X2	X14	X39	X7	X13	X50	X9	X31	X10	X38	X27	X5	X30	X28	X45	X4	X29	X22	X20	X37	X43	X42	X3	X8	X19	X40	X15	X49	X44	X32	X36	X35	X26	X12	X18	X41	X24	X16	X25	X33	X46	X34	X11	X48	X21	X1	X6	X17	X47
0.098897	0.716620	0.703575	-2.043904	-0.242538	-1.175251	2.081006	-2.150386	3.611475	-0.168039	-5.587056	1.265332	0.411475	-0.554989	1.614563	-1.054202	1.819590	3.530669	1.084913	-0.151439	-2.104032	-1.244760	1.467263	-0.755008	1.038976	-1.987723	4.904968	-1.959724	-2.933027	-1.180850	3.441494	0.083913	-3.279113	-0.493687	-0.472320	0.908881	-3.935996	-6.076306	-1.736940	-1.548473	-0.292671	-3.998675	1.657878	-1.550850	-0.111056	-1.686992	-0.868095	-1.121967	0.844533	-2.957010
-0.836102	-0.045741	0.899898	-0.632681	-2.110758	2.597422	-0.609403	-0.402262	0.296126	0.237333	-0.110071	0.613482	-0.234110	0.655908	0.205307	-0.205780	-0.762550	-2.110175	-0.610295	1.247668	-2.069371	-0.629145	-0.115886	-0.676683	0.969207	0.231094	-1.718468	0.059694	2.600587	1.703426	-0.370219	-1.003489	1.864631	1.006082	-0.468882	-1.578409	0.224028	0.670690	0.007919	-0.821474	1.695438	-5.399773	0.744165	0.201791	0.913917	2.797206	-0.337493	-1.524929	1.164844	3.276095
2.161762	-1.717947	1.426992	-0.078517	3.006450	2.331656	3.418586	-0.444173	-1.509386	2.381657	1.424849	2.433304	-0.955888	0.231907	2.347145	-2.239366	0.923613	1.205549	1.771670	-0.044010	1.040859	0.300050	1.783921	-2.423088	-2.383632	0.226212	-4.855142	-0.674871	-2.564292	-0.975606	4.929417	3.049166	-3.837913	-2.096288	-0.308304	0.811703	-4.510884	-4.844713	0.194571	1.473953	3.048576	-5.438780	0.942501	2.860078	1.022339	-1.779845	-1.113238	-0.208361	4.569880	-3.994888
-1.363439	0.599913	-1.164056	1.101052	-3.455364	-1.610023	2.891547	1.639566	1.167429	-0.290933	-0.005016	-1.582304	0.404030	2.269305	1.599489	0.589468	0.274028	0.982099	-2.640673	-1.501589	-1.697442	2.665936	0.368985	1.518439	0.006878	0.007848	2.868421	0.291906	4.298812	0.528851	1.805289	3.934029	2.281544	4.083712	-0.125362	-2.555966	-1.829924	5.681514	-2.311895	-1.165668	-3.264474	3.494478	1.774932	-3.043078	0.533076	2.043591	0.379733	-1.007794	-4.121743	2.583147
-0.988680	0.241910	-1.525162	0.926578	-0.784874	-0.673482	1.787092	-0.047322	1.521716	-1.736604	-5.084422	0.737021	-0.233231	-1.250481	-2.258814	7.725850	-1.636930	1.392411	-0.706892	1.158462	-1.124604	1.378325	-3.367429	1.457572	-3.205420	0.866793	-1.822660	1.032758	4.702960	-1.173694	-1.476334	-2.974169	1.102083	1.504210	1.532788	1.173502	0.640914	1.081086	1.518072	0.460156	-0.391589	6.633725	-2.237269	-0.624372	-1.928735	-0.266846	-1.043702	-1.483308	-0.652151	-0.600398
3.508089	-2.618178	4.032233	-2.105439	1.549414	-0.992085	-0.037561	-1.209786	-1.374375	1.711800	-2.961278	4.855703	-2.484230	-0.674061	1.653092	5.183967	0.786260	1.417278	3.871194	1.604146	-2.252026	0.218973	-3.443310	0.046785	-1.193399	0.478858	-0.794505	3.890427	-5.361131	-1.294188	-3.402425	-5.274504	-1.228176	2.284893	0.565868	1.042649	-3.294228	-9.346522	-1.434722	1.612728	3.033409	-7.591046	5.248326	-1.707506	-0.726545	-2.770655	-2.808425	1.899519	4.072343	-4.731151
0.680541	1.031603	-0.190477	1.006666	-2.659764	0.201857	3.531547	2.785995	5.081654	-0.425664	-1.502660	-4.629810	3.353884	-2.981865	-2.485264	1.310769	0.251355	-1.691499	0.008652	1.191673	6.149792	4.960411	3.108385	2.462501	2.415157	-0.476643	1.639701	-1.705683	-2.816701	-1.134426	0.676484	-1.905661	-0.066790	-3.325638	-2.103906	1.332751	0.510478	-2.106929	0.094323	2.810086	-4.289593	0.807102	3.018219	0.104838	-4.460317	-0.220021	0.418609	-1.028182	-0.129134	4.896707
2.431337	-0.862697	0.381668	-0.516768	-1.067011	-0.507117	4.653149	0.381516	1.000617	-0.674939	-0.499389	1.363243	0.012341	-1.308110	-0.783102	-2.759126	0.413360	0.224185	2.207740	0.351824	-3.598220	4.981505	-1.728652	-1.539066	-1.321628	1.007517	1.713245	1.016652	3.895328	-0.718002	-1.179086	-2.032877	1.196792	2.257722	-1.235275	-0.031186	-0.967581	-3.045310	-0.262717	0.942252	2.243566	-0.133327	2.877791	-1.276155	0.736097	-0.023419	-0.903997	0.706350	1.996981	-2.568651
-4.715467	1.594851	-2.471707	2.468149	-0.523081	0.168096	-1.024222	0.657686	-4.070649	-2.167605	-2.340529	0.224985	2.375497	-1.851820	0.943801	6.681895	-2.509831	0.453381	-5.719904	-0.316907	-1.126971	1.055940	-4.333015	-0.663904	2.643802	-0.675433	3.483596	-0.039774	3.735765	-2.613158	-3.304212	1.521454	4.239643	1.924964	0.586544	-1.734409	2.387619	4.910430	-0.759400	-0.901948	-5.206297	7.572601	-1.213021	-3.162208	-1.335403	1.165186	-1.044200	2.746676	-0.810522	2.799106
-0.296074	1.724232	-2.208909	-0.917919	-3.959252	-5.356353	4.012683	0.309645	6.896893	-0.329763	-3.796602	-5.232878	2.127008	-3.748179	-2.465671	5.707007	1.697601	-1.554884	-0.572020	-3.400643	-2.831748	9.088441	-0.569059	3.227850	1.112844	-1.128962	4.831700	-0.163165	4.359148	4.672840	1.436386	-1.531867	0.984851	5.379048	1.670908	0.175903	0.761307	3.942114	-2.597463	-1.277871	-8.005130	9.294927	6.269579	-5.924179	-5.599510	2.544291	-0.887597	0.369754	-3.190263	3.420944
-3.763413	0.530535	-0.807182	2.184837	-0.121386	2.313209	-5.688680	4.650702	-4.436527	-0.953088	5.494034	-1.801606	0.589493	0.835533	-0.059108	-0.864050	-0.498949	-2.264663	-3.995298	3.970457	1.575539	-0.250412	-1.669137	-0.929370	3.006024	1.088934	-0.594644	-0.337929	0.544274	-0.269851	-2.600435	-0.533565	2.462196	1.113797	-1.080153	-2.948049	1.823437	1.440745	-0.240176	0.156655	2.073137	-4.928231	-0.235580	-2.073356	3.669134	0.726338	1.977588	0.067634	1.999363	4.417151
3.151372	-0.673935	1.621833	1.014164	-0.033239	0.211126	-0.809467	0.425486	0.760665	0.171619	-0.536813	0.303038	-1.220616	3.926941	0.674516	4.217514	-1.307142	1.751584	6.235229	0.324213	-3.855500	1.818497	-0.281598	0.712299	-2.059950	3.364331	-4.046803	1.706841	2.076761	-1.057374	-2.975135	-3.854099	1.249127	1.855414	0.836288	-0.298863	-2.030068	-3.837933	2.170120	0.284177	6.298967	-3.658383	4.890000	-0.717714	-0.243436	0.967005	0.452718	-2.055374	0.746867	-5.384247
-4.923815	1.606694	-1.509735	3.473237	-1.915802	0.017837	2.703182	4.449267	-1.930651	-2.635667	0.563898	-5.406681	2.272055	-0.254032	0.175616	0.639669	-0.216412	-1.205562	-6.397037	2.334695	0.372109	-0.516834	-3.211825	1.268800	1.347338	3.355574	2.321329	-0.860104	3.814948	-1.546713	0.271205	4.993838	4.177130	2.236332	-0.666814	-3.000601	3.955051	6.806207	-0.841582	-0.394831	-1.504532	3.692479	0.882868	-2.708047	-6.128521	-0.495463	-2.331022	1.094721	-2.990239	4.614710
2.840295	-1.202560	0.392562	-2.120586	1.995056	-0.325686	-2.414647	-1.407603	-1.725410	-0.811729	0.929554	0.417176	-2.015372	1.007542	0.822233	-0.348629	-1.182156	0.512703	3.288100	-0.326697	-3.305734	-2.262265	-2.165879	0.360200	-1.896488	0.693595	-1.703358	0.293088	0.392412	-1.123571	-0.322332	-2.565623	0.544662	0.100894	1.700369	0.440963	-1.395604	-2.268131	1.879688	-0.442481	3.380587	-1.439043	2.662564	0.556884	2.936956	-1.023270	0.063241	1.333606	0.464641	-5.376757
1.545823	0.297245	-0.891582	1.553897	-1.200343	-0.699056	4.654938	0.556318	1.913037	0.597616	-5.317396	-0.569812	0.702029	2.296363	1.256422	3.705226	-0.948107	3.710998	1.357084	-0.007329	0.028467	1.359907	1.179020	-0.119579	-0.650545	0.986568	4.403650	1.589155	2.185184	-2.433949	-0.136886	-0.913005	0.153957	0.182183	-1.202024	2.593312	-2.178832	-0.936156	-1.305120	1.670491	2.393303	-0.244519	3.576155	0.184270	-5.977449	2.552541	-1.289608	-2.002723	-0.640403	-0.421068
-0.697793	0.765832	-0.549362	-1.399470	1.084088	-2.639313	1.414040	0.827069	1.736104	2.552019	-5.170329	-2.532913	0.897918	0.500127	-0.624559	-0.754530	2.544764	1.034101	-0.870170	2.410589	2.648375	2.768906	4.564270	-0.257507	-0.051464	-0.204515	0.298927	-1.157518	-2.575447	1.498098	2.285745	1.306152	-1.616716	-2.137668	0.002189	2.945777	0.402279	-0.337759	-0.026382	-1.427727	-1.411444	1.329775	0.855876	-0.169826	0.081937	1.034253	-0.344157	-0.275148	-0.580525	1.400100
2.198295	0.497049	0.817356	-1.255958	-1.287306	0.181026	1.542677	1.536704	4.042444	0.135520	-4.374115	-1.719482	-0.387142	0.020350	-2.758741	2.720319	-0.232540	0.375942	3.767009	1.960582	0.831515	0.360279	-0.050394	0.353439	-2.461754	3.604387	0.252208	1.133443	3.075882	2.176320	-1.409423	-3.877610	0.619806	-2.157949	0.368003	0.164114	-2.764771	0.738089	1.632988	0.427613	2.474325	0.108153	3.311495	0.764425	-1.637173	0.833750	-0.048512	-2.011672	-2.520791	-4.695811
-0.322493	0.228227	0.968635	1.311805	-3.600731	-0.138712	2.418920	4.012342	3.275047	0.672149	3.809240	1.651977	-0.246981	0.040800	0.114996	-3.843914	0.169939	-1.882613	-3.487504	-1.087486	3.286969	0.964108	3.256578	-1.268146	2.760263	-2.288938	-2.550231	0.009741	-1.255042	3.734470	1.731059	3.958536	0.954667	-0.281096	-2.168509	-3.537817	0.643674	7.763465	0.125667	2.209251	-6.618122	2.257541	-1.133182	-1.717568	-0.488982	1.951870	1.628923	0.926569	-3.257940	8.545434
-0.412918	1.390928	0.220114	-0.664804	-2.095449	1.178469	-2.341844	-0.461495	-0.673748	1.722327	2.612788	-2.623721	2.508413	1.144766	0.518417	0.957968	0.328431	-2.870769	-2.966642	-2.259638	1.798003	-0.201456	-3.387604	1.206162	2.909395	0.208765	-3.046991	-0.819500	1.803607	5.998000	0.107271	2.440074	3.182157	-1.092434	0.957631	-2.296894	1.561084	3.357936	0.559433	0.194288	-0.835377	-0.694064	0.846659	1.287744	0.730369	1.079066	1.969198	0.476646	-0.552210	4.085550
-0.548011	-0.619305	-0.183768	-0.279823	-0.436976	1.016135	0.380406	-3.029400	3.989843	-1.694758	-0.420548	-1.272912	-1.246626	-2.936538	-2.061555	3.642295	-0.873041	-0.488408	-0.941835	-0.214171	-6.611144	0.670466	-0.596371	1.398250	1.614575	4.848490	-1.147552	0.351193	-0.911583	2.325524	-0.389201	0.132634	-1.469635	2.923976	1.740027	-0.896981	1.142656	2.977726	0.433092	-4.414438	-4.248966	6.629877	-0.950617	0.158433	1.416803	1.600193	1.085888	0.713209	-1.731037	2.919481
-0.713540	0.109608	-2.523999	0.382884	-0.119735	2.736403	-1.298658	-2.271779	0.871801	-0.800825	-3.628443	-4.012998	-0.192625	0.798818	-0.617927	5.869345	-0.897113	-0.266630	-1.250850	0.525288	0.247935	-3.370087	-5.160139	2.484249	1.169393	2.187135	-0.923305	-0.060414	0.256932	-1.642489	1.082876	4.213858	1.945167	-2.422897	2.787054	-1.295642	0.894410	4.933307	3.013232	-1.304390	3.331767	2.073440	-3.342826	4.890644	2.086231	-0.534020	1.004068	0.451170	-2.718996	1.789713
6.972732	-0.179051	1.749109	-0.386759	-0.897380	-1.445542	3.550726	-2.672407	1.988212	2.426295	-2.392575	-0.138526	-2.471038	5.547681	-0.662508	4.074334	-1.858900	-0.415228	8.416043	-0.933014	-0.823966	3.605000	-0.696192	0.139910	-1.471437	-0.641325	-1.387109	1.868964	0.701824	3.177901	1.178044	-2.314014	-0.718127	1.806350	-1.006199	0.519580	-4.016595	-5.547439	0.568240	1.605598	3.002613	-6.497308	10.381770	-1.403585	-4.365646	-0.941217	-1.133832	0.596583	-1.914769	-4.751005
0.879024	0.824601	0.314720	0.352372	1.446334	1.554231	-0.943346	-0.172922	3.109562	-0.129431	0.120484	-0.781929	-0.653267	-1.393054	1.793007	-0.747418	-2.493741	1.394598	2.362169	-1.174419	1.679834	0.052061	2.959805	-0.110537	-0.084419	1.205057	-1.791366	-0.035231	-0.508495	-1.123827	2.819851	-1.942116	-4.340080	-1.097304	-0.818237	0.124915	-1.649509	2.580374	0.081379	-0.249251	-1.622644	2.636047	-2.312888	0.864415	1.830613	0.225285	1.617134	-0.049920	0.005394	-1.501422
0.578840	-0.223391	0.094114	3.352694	-0.218856	-0.602006	1.326857	3.314961	1.240537	0.602714	2.698829	0.352503	1.350728	0.395651	-4.160816	-2.524201	-1.320606	-1.089018	2.911128	-2.504303	-0.520177	2.264044	1.832301	1.432671	-1.859439	-0.847373	-2.137339	1.397917	3.525907	-1.083607	-0.323968	0.323286	-1.860243	-1.336336	-0.774507	-0.586945	2.373528	5.432919	-0.461584	1.415493	3.301272	1.763371	1.727459	-0.436376	-0.214985	2.587239	-0.450195	1.741533	-3.119801	-2.347055
0.724518	-0.849686	-0.095115	-0.716295	3.665813	1.611359	-0.298935	-1.486963	-0.188922	1.782141	-0.772128	0.574639	-0.626801	2.096307	-0.179858	0.921820	0.302078	3.309605	1.176825	-2.169567	1.342244	-2.840409	0.764107	-1.269716	-2.002262	-0.748673	-2.973897	0.007685	3.907799	-3.912813	-3.090568	-2.683409	0.197999	-1.270009	0.488956	2.239946	-5.492488	-0.075471	2.738770	-0.783492	2.275566	-3.107076	-0.764315	2.137631	2.517154	2.378744	2.220051	-0.574557	2.141810	-3.887793
-3.164833	-1.048909	1.444369	0.113964	2.858929	2.446634	-3.752965	0.806779	-5.656920	1.390980	-2.553556	-0.271722	1.170532	0.525718	0.442771	0.331979	2.325742	2.660939	0.491735	-0.078037	2.192435	-0.618424	1.463278	-1.881709	-0.279281	-0.910284	-2.416675	-1.631447	-5.286542	-4.851317	2.098440	4.126649	-5.176723	-3.904013	1.531071	3.350011	1.068939	1.114302	2.769092	0.168270	4.540226	1.339332	-5.705729	4.465140	4.528022	-0.706941	0.251150	0.101102	2.106433	-2.207877
0.071894	0.952124	-0.186103	-0.129980	-2.721396	1.084536	0.019382	-0.444570	1.719894	0.711107	6.238369	-2.132421	1.384342	-0.919929	-1.757687	-3.984150	-0.307040	-4.547789	1.935481	-0.012156	-2.890689	0.315757	0.459229	2.558626	0.646077	1.176191	-1.029833	-0.542699	1.655986	5.999727	0.484358	-1.811289	1.719884	2.620599	-3.065750	-3.662388	2.613446	2.585512	0.268836	-1.150993	-0.712983	-4.769612	2.797683	-1.390470	-0.357185	0.123333	-0.464719	0.642588	-2.609184	2.730031
4.251413	-0.332953	2.188762	3.435613	-0.167330	-2.889772	2.755814	-0.024002	5.086673	4.156121	-5.203543	-5.404948	-2.564234	2.867473	2.466429	11.499773	-0.720523	0.666920	5.536629	-1.125654	2.718253	5.658120	-2.535475	4.872317	-2.120719	1.323511	-8.120677	0.091029	-0.378103	-1.214359	1.722839	-2.674497	-0.537460	-1.902108	2.405230	1.379904	-2.714328	-5.499098	-2.163715	4.130159	0.226405	-3.422171	7.577420	-1.141446	-0.885711	-2.274105	0.198824	0.157492	-2.180508	-5.375397
-0.955403	0.690486	0.864611	0.165693	0.155171	-0.660709	0.319484	2.093997	-1.370551	-0.584769	-3.370252	-1.172030	0.695253	-0.147480	0.818207	-2.436037	1.799251	0.413339	-0.804477	2.880922	1.791197	-1.442676	-0.123447	-1.335569	0.743788	-1.014975	0.035310	0.033947	-2.903726	2.028031	0.815942	-0.870719	-1.087151	0.278292	-0.468885	-0.002333	-0.747352	-2.767846	-1.548932	2.447883	-0.343945	-2.803132	1.870058	-2.060023	-2.483131	-2.540584	-2.655627	-0.266619	1.442981	-0.659593
1.314107	-2.083085	2.616311	-2.850727	1.716488	2.135821	-0.490731	-1.483684	-3.070847	1.691294	8.357030	0.060153	-0.702868	-0.410042	-0.015580	-6.858392	1.364740	-0.431867	0.774353	-3.174896	-2.086402	2.625751	-0.184808	0.264727	-2.036248	-1.119186	-2.600525	-0.190509	-0.124449	1.853108	1.451505	2.028936	-1.703222	-0.605760	-0.466176	-0.463699	-1.092663	-1.425490	1.261592	-2.601568	-2.001138	-1.414176	-0.638212	3.687429	3.151584	0.391357	-0.692325	0.158023	2.698608	-0.424516
-1.840820	1.505097	-0.096324	0.403884	0.446886	1.224550	-0.318438	2.120391	0.248016	-1.027700	0.782944	0.118211	2.965699	-2.653697	-1.219493	-4.149282	-1.086361	-0.791817	-3.874586	0.004134	3.421426	-1.578059	2.793415	1.365910	1.047583	0.569492	1.050720	-0.737593	-2.621979	-1.342406	0.583847	4.580675	-2.688673	-1.409552	0.558638	-0.702123	0.036300	4.474970	-0.464764	0.183106	-2.494243	1.614775	0.659452	-0.789766	-3.777995	-1.048437	0.107327	1.140925	-2.752749	2.644770
-1.377871	1.851584	-1.426502	-1.713649	-3.249138	0.121447	0.434828	1.095693	-0.756565	-0.607418	-2.096052	3.848314	1.560609	2.535243	1.927983	2.037727	1.210444	0.150373	-2.501014	0.347044	1.743264	1.620033	1.402185	-0.215612	1.707214	3.193566	1.776457	1.936937	1.618189	7.800313	-2.990045	-0.845934	-0.108241	0.835537	-1.615243	-4.436100	-4.244093	10.599304	0.285582	-0.552571	-4.140546	-0.217824	2.114466	-0.454287	0.422235	1.881744	-1.449763	2.132157	-3.250071	3.674750
-1.510198	-0.093416	-1.669870	-0.183178	1.933679	1.544886	-2.447674	1.010631	0.913654	0.136238	2.650558	2.814020	0.681444	-1.514643	-1.391325	0.057089	-0.876743	-0.168060	-1.165896	2.506131	-2.998789	-3.946811	-1.650430	-1.388107	-1.666886	2.808836	-3.410820	2.619796	2.224073	-0.366218	-4.719037	-2.111794	-0.307459	2.036806	-0.990186	-2.736028	0.575608	3.577013	-0.284002	-1.546045	-2.714660	2.509406	-2.774683	1.252942	-0.885669	1.628808	1.954322	2.325487	-0.824631	-1.665649
-1.256747	0.625129	-0.600066	-0.265014	-0.762154	-3.672870	-0.980556	-0.367818	-2.119857	-2.476818	-5.210720	4.423274	-0.209381	0.594082	-0.828837	4.943745	-1.747847	4.338107	0.999094	0.377018	-1.751065	-2.935760	-1.779211	0.251554	-1.280308	2.016513	8.130714	0.889708	4.461702	-3.287488	-0.546969	-1.317517	0.758157	2.053031	-0.667498	1.292884	-2.717298	4.530932	-2.364114	-1.224610	0.189603	6.616138	-0.621614	-3.453801	-2.392954	2.324267	-1.253996	0.926700	-1.732527	-3.491603
0.854552	0.442210	-0.758198	-2.668650	-0.918655	-1.353404	0.041599	-2.083654	-0.788224	-1.443218	-1.709334	-0.638464	-0.920404	1.752274	-0.942253	-1.226299	0.682779	0.271711	0.284509	-0.185459	0.250690	0.811726	1.488922	0.474619	-0.661604	-3.438529	0.317819	-0.361677	0.594661	0.789394	1.469808	0.742262	-1.574441	-0.891464	0.181140	0.245452	-0.782154	-3.100018	-0.412317	-0.376470	2.858509	-2.352288	2.205075	-1.392152	0.556571	-0.030508	-1.864313	-0.849391	-0.142185	-2.012097
0.854997	-0.762791	1.183420	0.030276	1.323015	1.186817	2.454409	-1.589799	2.278697	0.514916	3.531787	1.410401	1.555540	-2.378866	2.089941	-8.533802	0.687619	0.002984	-0.286505	-1.195451	-2.016694	-2.187709	5.653558	-1.046126	0.104808	0.863987	-0.155666	1.298127	-4.034005	-0.874572	1.216997	-0.611298	-4.360377	0.773667	-0.796113	-0.929966	-1.040058	0.495923	0.119255	0.096750	-1.203315	0.438983	-1.970083	0.499645	-1.341266	-0.995036	-1.176796	-0.735952	0.135846	0.332215
1.944086	1.812739	-0.205615	0.039984	-2.553254	-2.915416	4.483184	-1.110701	-1.001208	-0.667553	0.123723	0.120183	-0.286292	3.805909	-0.461645	3.365821	-0.044593	1.708715	1.510471	-4.121966	-0.321741	3.525859	-0.409842	0.443440	-1.034352	-0.113176	1.230865	1.594658	0.515873	-0.159603	0.071219	4.037559	-2.455127	1.449671	0.445461	-1.597475	0.958403	0.739909	-2.953864	2.035433	1.796906	-2.844922	3.331940	-2.478519	2.019980	1.550463	-1.317317	0.462975	-2.972555	-1.471752
3.070386	-0.537093	1.216819	-2.475658	-0.495532	-0.511404	-1.436740	-5.317626	-1.062244	1.556074	0.824489	-0.467478	-1.657054	-0.140578	-0.304701	-1.287098	-0.379176	-0.391011	3.099020	-2.694294	-3.271496	3.360817	-0.032073	0.106308	0.737259	-2.480842	2.211932	-2.051959	-3.387293	1.399678	1.202699	-1.903637	0.418113	0.747333	-1.607631	2.322223	-1.058925	-8.660500	-0.948898	-1.394593	1.918285	-6.494322	1.591167	0.093696	1.543874	-3.822091	0.752149	-0.281753	5.486843	-1.538668
-1.462846	0.318564	0.307680	2.088079	0.840275	-2.427425	-0.379591	1.484078	0.805765	-1.561057	-2.464830	-1.111182	-0.629360	-0.676670	-1.165714	3.405572	-1.000441	0.440454	0.463202	1.693218	-1.446076	-0.285281	-0.040718	0.776512	0.322561	0.696528	3.783855	1.202241	-2.731714	-1.822056	0.189539	-2.198404	-1.874554	0.770599	1.794601	1.600392	1.414091	0.308320	-4.037572	-0.076559	0.381015	3.803971	-0.522291	-2.168051	-0.494516	-0.605488	0.085829	-0.307569	-0.350499	-1.952927
-0.707523	2.646618	-2.238040	2.047619	-0.535879	-1.270178	2.074900	2.275806	1.198849	0.343439	-1.815212	-3.649917	1.451778	-3.628255	1.225570	3.075818	1.934074	-1.670306	-1.317171	2.441388	5.444152	-0.289837	-1.147642	0.533033	-0.783429	2.587900	-0.991270	1.342738	8.080665	-1.419576	-2.246515	-0.844180	3.555797	-1.536402	1.228227	-2.036978	0.405725	2.696439	-0.734738	0.955416	-2.902243	0.264417	0.975285	-0.281628	-0.351368	2.912172	-0.320091	0.971395	-1.220730	1.607160
2.573446	-1.750674	0.802270	-2.472257	0.808844	-2.489082	2.873952	-4.534528	2.787914	-1.209729	-7.509306	-3.503923	-2.003918	0.179234	-0.380016	9.009552	-0.088530	4.334153	4.704066	-0.708223	-5.319209	4.022779	-1.283252	3.330996	-1.201148	-0.073484	4.663993	0.951403	-0.395887	-3.359288	-2.155093	-2.545221	1.235836	0.677271	0.379846	3.362495	-6.237137	-0.175731	0.936674	-1.457236	1.158026	2.307265	9.131651	-2.305257	-4.524834	1.883511	-1.793577	-0.379910	1.490951	-6.435187
1.344962	-0.846946	1.487620	0.828592	-0.761101	0.384492	-2.448300	-0.383600	0.623037	1.566217	2.105030	-1.211755	-1.008037	0.941924	0.106096	-2.714009	-0.788579	-1.273001	2.330041	-0.323586	0.842066	-2.385852	1.983849	0.134008	0.133695	-0.342333	-4.646753	0.976512	-3.014198	2.560385	-0.041610	-0.515060	-0.525301	-1.906553	-2.291968	-0.884425	-0.068197	-2.147849	0.209282	2.272412	-0.053519	-5.979865	-1.960322	-1.013074	1.407346	-1.563152	1.987024	0.681091	0.581758	-2.031196
0.907956	-0.312406	1.399981	1.207442	0.698374	2.531481	-0.739390	-0.465789	-0.065728	1.218752	-3.232817	-0.622026	0.644581	-1.016150	-0.878798	3.650780	-0.584671	0.729549	-1.299654	1.831031	-1.987359	-0.469881	-0.136632	-1.141695	1.395579	-2.723479	-0.969607	-0.979531	-0.222188	-1.188419	2.946095	3.594548	-2.873620	0.650578	2.128987	-0.390525	0.969527	-2.908727	1.234106	-0.695150	-0.864128	-1.361215	-1.249767	2.212493	1.873778	-1.119664	-1.147635	-0.619222	1.124516	0.594066
-0.975750	-0.004428	0.282460	4.906469	-2.061949	-2.237513	-3.464639	2.642330	-3.042538	-1.097751	-2.448251	0.489934	0.358053	-0.139744	-1.710119	8.151646	-3.161386	-0.436987	-2.300110	0.803201	3.115485	-0.027722	-4.116966	-0.417234	0.219431	-0.498361	0.706463	-1.194563	3.416224	-4.240148	0.608307	0.520942	4.127840	1.342613	0.785995	-0.071075	0.671740	-0.898772	-2.325150	3.498694	-0.892575	2.148856	0.937715	-4.136805	-2.766532	-1.314189	1.698757	1.019730	1.425914	3.162698
1.039155	-0.063321	-0.174590	-3.995706	0.548366	-2.352367	-2.741080	-3.933345	0.115703	0.740375	-0.393776	0.755321	-0.544037	1.814819	0.629637	0.793213	1.048659	2.102021	2.535302	0.579433	-3.809881	-0.890956	-0.225532	0.338137	-0.590973	-0.571282	3.748766	-0.602092	0.684262	-0.532814	-2.755471	-4.270711	0.914302	1.140056	-1.627727	0.800945	-0.239226	-1.857245	-1.555503	-2.029123	2.462601	-3.503159	2.300822	-1.499676	-0.763542	0.903906	1.898860	0.347780	-0.092640	-4.839001
0.268567	-0.309562	-0.208284	-0.489455	1.286756	0.847875	1.738846	-0.849735	3.888238	-0.000215	1.621982	-1.656846	0.386532	-0.630787	-0.582793	-2.824324	-0.388451	-0.447895	-0.645450	-0.560142	-2.631615	2.028874	0.736482	2.533231	1.713420	-1.084421	-0.773202	-2.136353	-1.191163	0.855816	4.434933	2.002164	-2.161005	1.219058	-0.076519	-0.151502	0.363564	0.601566	1.885613	-1.957603	-2.699415	0.429574	1.890612	-0.400169	1.587785	-0.624657	-1.159571	0.040032	1.371778	-2.573523
2.542830	-1.081738	1.942282	0.901973	2.805784	1.701301	-0.980116	-0.228327	1.375549	1.518563	-0.206589	2.244527	-0.402984	1.682934	1.544031	0.921680	0.196359	0.947802	2.952758	0.714271	3.135731	-0.556597	-0.151040	0.093343	0.718746	0.402468	-3.213847	-1.508797	-2.665604	0.242917	2.808389	1.446565	-2.776634	-1.601134	0.286396	0.243717	-3.303372	-0.842102	1.926720	2.313975	-0.194996	-2.762425	0.053620	1.808158	0.146269	-1.748466	0.413191	-0.755693	-0.368199	-5.173384
0.043487	-0.719724	0.837068	-3.513105	-3.538644	-1.079337	1.023978	-3.770469	0.928253	0.028229	4.564042	-0.952247	-0.457146	-0.286847	0.694561	-4.118270	0.503285	-1.676155	-2.823943	-2.145199	-5.889109	3.859226	-2.830903	-0.667980	1.691355	1.680250	3.357440	0.841576	1.387217	6.268618	0.040343	0.528800	3.397164	3.483987	-0.496667	-2.914183	3.117447	-1.854227	-1.012122	-5.600161	-0.215398	-2.226351	-1.387912	-0.488922	2.294314	-0.626462	0.445018	-0.123909	0.197540	4.063050
-2.185403	0.795098	-0.809625	0.142298	-1.410090	1.998278	-0.505353	2.937469	-0.512063	-0.079005	-1.536631	-2.385515	2.295614	-1.494040	1.827758	-1.136672	2.591369	0.884136	-4.070980	2.328856	1.806456	-3.010120	-0.142420	-0.266069	0.104504	0.598692	1.289421	1.314414	1.802393	2.197848	-0.446054	4.501996	-2.203980	-1.088144	0.708509	-1.398765	0.823156	5.390597	2.052709	0.452040	-1.466928	3.661796	-2.383726	1.824156	-0.337659	1.464717	-0.560330	0.955459	-0.333672	3.660369
-0.003016	2.453662	-0.738680	1.151867	-3.208241	0.233264	5.714421	1.533040	3.245210	-0.694657	0.698302	1.989324	0.585135	-3.683457	-1.495226	2.288425	-1.726483	-0.405339	-0.935783	-0.915195	7.616311	2.728947	-1.767644	-2.133009	-0.541551	-2.443338	-1.734816	-2.039067	3.020951	-1.512782	1.133979	0.829581	3.581596	-4.835172	-0.121146	-2.722863	-0.129878	2.389269	-1.481686	2.875845	0.794072	-0.498183	-1.475256	-1.998704	0.998188	1.954880	0.185868	-1.067707	-1.005899	7.765289
0.394317	-0.629179	0.775167	-0.658855	1.399106	2.116924	-1.236258	-3.098059	0.073734	0.351108	2.289837	-1.532705	-2.942239	-1.484477	-2.532270	-2.249365	-2.035739	-3.473189	1.776651	-1.342402	-1.741321	-2.143742	-0.191433	0.798070	-0.462502	-0.372256	-5.147428	0.107564	0.900023	1.535999	0.834476	-1.078067	1.919109	0.758251	0.888424	0.046578	1.822990	-0.367867	0.633131	-1.958273	-0.069474	0.906617	0.164433	0.549697	-2.088356	-1.126490	-0.152522	-0.142001	2.583197	0.114121
2.153146	0.256125	1.411419	1.882694	0.457579	1.608604	2.121348	1.693712	-1.502494	1.038777	-0.672944	0.033096	0.864685	-0.021088	-2.361661	-6.688949	-0.702266	2.469086	0.745833	-0.426146	3.638340	3.310277	5.803240	0.062398	0.287339	0.256371	-0.752789	1.465893	-1.622954	-0.484800	0.868736	-1.322052	-4.808562	-1.752540	-3.457534	0.014061	-1.844147	-2.824943	0.184754	2.070461	3.597100	-5.928514	3.336931	1.553638	1.379811	1.823033	-2.111703	-0.892863	2.514243	-0.651563
1.250749	-0.901251	0.622935	-1.591365	-0.895666	-3.614275	0.847269	-0.198953	0.386190	-0.261196	-4.041452	3.823920	0.107955	-0.096744	0.238745	4.588888	1.537970	2.049897	-0.223758	0.020359	-1.314477	-0.527467	-0.520867	-3.523990	-1.907622	-2.278572	-0.789262	-0.948566	3.282398	0.831612	2.776572	0.106305	-1.480660	1.247053	-0.038794	1.439928	-1.992373	-6.750781	-2.252908	0.442091	-0.853231	-1.774462	2.294489	-1.372700	-0.491328	-1.130637	-0.519278	0.065127	0.579208	-1.712970
-0.839769	1.285478	-0.819602	0.340391	-1.591411	-0.192065	2.500331	0.758972	2.170425	-0.512069	1.553709	-1.847524	-0.047522	-4.423425	-0.146469	-2.405521	-0.686941	-2.476464	0.386428	-0.735382	2.185775	4.454279	1.991183	1.267470	4.070576	1.229720	0.505068	-0.509360	-6.094090	1.577277	0.207652	-0.791086	-2.292169	0.704712	2.065143	-2.259176	6.928948	-2.150164	-1.241961	1.926018	-0.961465	-0.477322	0.790698	-2.260035	2.545339	-1.508355	-0.703486	-0.390134	0.418977	3.101152
-3.237414	0.182967	1.049061	0.080070	-1.677469	-0.900197	-0.355467	1.356875	-3.393057	-1.263357	1.865931	2.038894	1.461244	-0.857965	0.296438	1.079489	-0.116961	-0.299223	-2.586302	-1.632645	-1.252064	-1.294185	-1.840007	0.402093	1.741553	0.217158	3.429775	0.911664	1.094634	3.568624	-1.561421	1.538835	1.439434	3.563502	-0.278604	-2.180621	-0.509164	4.761023	-0.375902	-2.466239	-1.049713	0.756933	-1.879691	-1.640598	2.769457	1.388597	-1.537976	1.432293	0.759575	3.197834
-3.475103	1.747976	-1.293056	1.036183	-1.854900	0.302171	1.086788	1.544595	-0.226319	-0.469784	1.635855	1.995926	2.314290	0.107710	0.991583	-1.040034	-1.048133	-1.848722	-5.796207	0.780578	-0.044019	-0.071227	1.602697	-1.079551	1.585132	1.308096	2.350560	-0.715918	2.245769	2.757510	-0.059133	2.006178	0.928452	1.429621	-0.410398	-2.084842	2.172873	3.485795	0.272281	-2.517429	-3.474672	2.852944	-2.036103	0.074530	-2.291457	0.085024	-1.182477	-1.729207	-2.274479	6.402933
2.457172	0.754210	-1.745178	-0.418950	-1.004658	1.631017	-1.473919	0.258636	2.512723	1.468556	4.285275	0.641938	0.900515	-2.258353	-0.378722	-1.821303	-1.056393	-3.635405	-1.048835	0.882522	-2.532709	-0.965482	1.299772	-2.593317	1.270485	0.912049	-2.574317	0.468126	4.478530	3.897194	-2.013596	-2.345601	-0.256383	4.082805	-1.006404	-3.996341	3.909780	3.854617	0.275566	0.108969	-4.264240	-0.627519	0.616679	-1.116626	-0.628707	3.145381	0.382308	1.435190	-1.004755	3.160911
-1.009233	-0.150922	0.530461	-0.330840	1.723472	3.197226	-1.011060	-1.421730	1.797434	0.390068	5.431658	0.824628	-0.257609	-3.916360	1.500966	-3.500840	-0.510471	0.429726	-0.975578	-2.498018	-0.485568	2.761108	-0.153499	-2.222522	1.609170	0.942236	-3.497583	-0.841041	-3.487730	-5.333241	0.588574	-2.920231	-0.427157	-1.907771	0.183109	-0.293998	1.346160	-0.925413	1.842866	-1.433512	1.990514	-2.930061	-1.625833	3.097481	2.494584	-0.926169	-0.774369	-2.042195	2.126551	-0.928209
-2.320802	0.925143	-1.553537	2.041098	-0.937330	-0.058289	-0.147902	0.376161	1.655402	0.227686	2.123997	-1.953816	-0.472465	0.586360	0.165450	1.310163	-1.568963	-2.850786	-7.709681	1.938033	0.111972	-3.120022	-1.893469	0.121555	3.794354	2.187985	-2.449388	-0.794142	2.807981	5.576563	-1.216247	0.950825	4.064845	-0.128670	-0.734060	-1.809244	5.422034	5.426825	-1.298210	-1.471083	-6.213967	3.155848	-0.459002	-1.572888	-2.402750	2.533320	0.521310	0.051619	-1.740253	8.536308
-2.060743	0.416680	0.232414	1.797320	-1.239939	-0.724870	4.111952	1.349970	1.662992	2.245239	-3.454307	-0.039853	-0.477569	-1.412430	0.723342	1.695360	-0.646030	-0.604595	-1.434693	-0.740918	-2.934837	3.946224	1.196278	-1.737816	0.492512	-1.962200	-2.830206	-1.008918	-0.468358	2.203402	1.570550	2.320088	-3.115853	2.352372	0.843209	-1.286271	0.583451	4.218207	0.189711	-0.747623	-3.543469	1.998040	2.207103	-4.276493	2.602898	0.232136	-2.343891	0.366414	-1.499444	3.138339
0.141118	1.254863	-1.557191	1.407604	-1.642923	-0.577585	0.080378	0.750421	1.582017	-0.984587	1.717270	3.721043	1.702841	-0.792154	-0.612743	3.880820	-0.713254	-2.396468	-2.461373	2.344902	2.093420	-4.088553	-3.491443	-1.386031	-0.539804	2.188954	-1.284631	-1.414117	4.349091	1.358013	-0.844848	0.424241	3.693255	-1.773347	1.373066	-2.667949	3.326905	3.421667	0.070835	0.884482	-3.368749	-0.170739	-2.164705	-1.565030	2.111999	2.141997	-0.019837	1.289883	0.114265	5.582908
3.014828	-1.243871	3.010207	2.069981	0.918122	0.255888	-1.187845	1.455988	2.624255	2.353338	-1.809815	-0.231488	0.246859	-2.622196	-2.692508	0.748066	-1.646654	-1.393383	1.992352	0.363247	2.624360	3.177623	-1.350701	0.016776	-0.673532	-1.024203	-1.124790	-0.051503	-4.028144	-2.256763	1.402449	-2.214081	0.996689	-3.564729	0.208083	1.278673	-0.326646	-7.975921	-0.627587	2.589734	-1.176995	-3.905014	1.967741	1.288505	1.492110	-3.936620	0.991676	1.090326	3.840125	0.265315
-2.040102	0.946294	0.327927	-0.088092	0.071073	1.633116	0.268781	1.079940	-2.378310	-1.148493	0.470351	1.503077	0.348395	0.222455	-0.800779	0.937679	0.455705	1.061992	3.215003	-0.513809	-1.187630	0.271615	-3.103358	0.511935	-2.344906	4.216621	3.661235	1.035568	2.420109	-0.938517	-3.352918	-4.051407	3.029147	-2.665170	-1.461509	1.177697	0.281031	-0.875712	0.605169	-1.176376	4.020933	-0.955963	-1.695416	3.623828	1.916245	-1.880254	0.738826	-1.152695	-0.081514	-4.583348
1.977542	-1.090293	2.220481	-0.059301	2.576836	2.569167	0.274722	0.773211	0.918141	1.329740	1.993496	-1.116526	-0.213575	1.407697	0.156505	2.621800	0.403686	-1.520878	3.524710	0.991233	0.388051	0.197303	-1.964312	0.374115	-1.256173	-1.358640	-4.722526	-2.149440	-1.944794	0.871132	3.961538	1.075712	-4.025980	-2.307176	1.125252	-1.447342	0.744751	-1.211834	-0.446136	-0.018018	3.121922	-6.191844	2.233083	2.960482	4.356221	1.761319	-1.594194	-0.595850	0.476960	-2.511727
1.012112	-0.758741	1.107333	-0.841038	-1.015470	1.654488	-5.287356	-0.752447	-6.577201	1.109592	4.370362	1.996439	-0.079352	2.496023	-2.706650	2.448866	-0.626291	-3.110255	1.805312	1.216994	2.953755	-0.799966	-1.728895	-2.291629	2.249265	-0.515957	-5.276142	-0.216629	-4.688924	1.518581	-0.529050	2.033270	-0.413911	-2.895674	2.467767	-2.154412	1.681328	-1.528169	1.561002	0.618924	6.844686	-4.417755	0.301388	0.498406	2.208990	-1.366725	1.731126	1.021061	2.125217	1.464255
1.275733	0.344443	-0.004434	-1.310308	-2.010892	-0.577356	-1.189281	-0.569947	-0.010349	0.202199	1.604492	0.691890	-1.154442	-1.661006	0.592259	2.242787	-0.110833	-1.002662	2.099315	1.605633	2.317507	-2.213459	-2.696587	-2.899550	0.655384	0.320520	-3.255049	0.339307	1.995970	3.143781	-0.493888	-1.385397	2.974773	-0.161717	-0.381604	-1.972508	-1.065327	-4.048073	0.853470	1.155875	1.384172	-5.224001	-0.710880	-0.862211	-0.929014	0.706842	-0.582207	-0.603397	2.434755	0.155276
-1.286720	0.489261	-2.898894	-0.268315	-1.018477	-3.351646	-4.551601	2.292259	-1.404649	-0.710037	-3.259147	-0.913917	-0.913811	0.473176	2.704550	1.492946	1.431357	1.219822	-4.410583	0.281565	-0.392046	-0.506102	-0.526191	-0.309910	0.636926	-1.823501	3.260563	0.175983	1.528052	-0.051513	0.225847	-0.073016	0.225433	2.537233	0.067895	3.550588	-1.850957	-2.394334	-2.772149	0.203468	2.474600	-0.099667	-0.796039	-3.569544	-0.624304	-0.136434	1.332430	-2.318514	0.517666	2.564201
0.627041	-1.180103	1.167182	-2.415413	1.731990	0.093520	-0.036784	-0.724857	-2.321907	-0.124694	2.580841	-0.189984	-1.025785	-0.354626	-2.425274	-5.893182	2.067873	-0.714147	1.603088	-0.259069	0.155958	1.620922	0.614186	0.971470	-0.729555	-2.357904	0.684864	-0.295932	-2.634015	1.898235	2.437512	-0.275663	-2.074730	-1.679631	-0.540522	-0.527141	1.848034	-2.931251	-0.842959	1.219506	-0.661550	-0.730267	-1.300841	0.355579	0.895617	-2.634166	0.232315	1.601369	3.154718	-3.347812
2.443544	0.312765	-0.064369	-1.109159	-0.294549	-2.019201	-1.689755	-1.242969	0.621179	2.028405	-3.067894	1.069201	-0.473406	-1.561949	0.638999	5.891897	-0.138008	2.875536	1.142674	-0.818062	-2.434909	0.258540	-4.826250	-1.921117	-1.058857	0.313805	0.103298	0.550950	4.217996	-2.552920	0.200934	-1.110235	2.480000	1.094226	0.056920	3.137691	-3.915488	-2.262891	-1.430270	-0.190588	2.975127	-1.898702	3.203136	-1.680273	-0.846738	0.750123	1.576290	-0.766710	1.448374	-1.849029
2.497912	-0.941113	0.165221	-0.466825	1.070053	-3.884085	0.020256	0.680494	2.320267	2.494054	-1.265257	3.014641	-0.433730	-1.868113	-2.266681	2.380465	2.433552	1.715865	3.938359	1.911680	1.660672	-0.805219	-1.479128	0.030576	-2.291702	0.152356	1.248442	-1.153805	0.698882	0.814925	0.532084	-2.584821	-0.608685	-1.386051	0.827582	2.250987	-3.309806	-2.283428	-3.077625	2.282603	-3.997999	1.667980	4.434870	-1.724056	-6.463120	0.420745	2.035348	1.359260	1.748672	-3.378489
-1.368031	-0.132069	-0.540605	0.827546	2.017158	3.841642	-5.358586	-1.904315	-3.261816	-0.343487	0.373360	-0.239142	-0.914257	0.428203	-0.198009	4.041593	-1.362225	-2.002718	-0.674880	0.033105	-1.573956	-4.093591	-2.669129	-0.863261	2.296620	4.316116	-0.337314	0.827041	1.705124	0.547476	-0.516080	3.550538	0.839217	1.136142	4.271004	-1.626224	3.311246	2.109012	1.457899	-2.271070	0.396257	4.887676	-6.038611	2.203330	3.347310	0.386696	0.833964	0.478844	1.321988	0.091487
0.137505	-0.892986	0.174847	0.592032	-0.371135	-1.295931	-1.139453	-1.748709	-2.100020	0.261556	-2.968748	0.186163	-0.682193	0.301524	1.235457	1.212673	0.225746	2.871343	0.585723	1.541676	-1.358747	-1.902951	1.641990	-0.625460	0.024241	1.597193	0.202980	2.658557	2.548980	-0.722131	0.634781	-1.017678	-3.331219	-0.836662	0.349458	1.822629	-4.674475	0.485677	-1.014366	-1.198974	1.508297	0.919265	0.773464	0.140382	-0.056357	3.404963	-0.812244	-0.280177	1.214626	-3.107869
1.554610	-1.532138	1.518472	0.249299	0.517130	0.392237	0.202502	0.153897	-2.304041	2.645640	4.140733	-0.890302	-2.253337	2.575963	-0.416066	-2.351788	-2.764961	-1.834572	3.870023	-1.878209	-0.317588	3.651965	2.903255	1.157785	-3.011773	-4.047745	-5.445621	-1.254592	0.041136	0.811904	2.262098	-0.740512	-2.522061	-3.218998	-0.413541	0.462566	2.140703	-2.307641	0.300392	-0.437735	5.402712	-8.373714	3.070890	1.427646	5.020391	1.006837	0.011977	-0.699851	0.690423	-1.228478
-2.210827	1.313546	-2.309715	1.210981	-0.630282	-1.156542	0.452162	1.628775	-2.049305	-0.910589	3.612544	0.888315	0.157547	-0.433873	-1.208820	0.913131	-2.355116	-1.155453	-2.103316	-1.386886	-5.786239	2.525839	0.944937	-0.677973	-2.451684	2.236217	-0.469318	2.428816	6.275109	-2.377568	-2.945287	0.008862	1.348579	4.355121	-1.608294	-0.883803	0.112774	6.732333	0.822586	-4.342174	3.808951	1.982744	0.174269	-0.032785	-0.581884	3.514324	-0.116618	0.255638	-0.615982	3.264426
0.944958	0.494440	-1.518721	3.101052	-2.235704	-1.604650	0.146510	0.726822	3.220919	0.098749	0.015393	-0.201982	-0.493978	2.127712	0.438876	5.795687	-2.793443	-1.183128	1.165604	-1.228479	1.472658	-0.624226	-2.558459	1.180476	-0.748445	1.581348	1.044974	-1.536022	6.844697	-1.496623	-0.426854	-1.350257	2.787832	0.901064	-0.169038	-1.167616	-2.477494	1.238263	-1.243640	3.060407	0.140422	-0.369741	2.409990	-3.666122	-2.396793	3.406950	0.952248	-1.365420	-3.254634	0.758481
4.360612	-1.540022	1.799872	-3.686302	0.719585	0.545663	-1.925528	-4.103409	-3.744483	1.675054	6.004838	0.168565	-5.195638	3.081713	-0.222725	-8.515203	1.184407	-3.494953	5.237838	-1.657716	-5.259594	3.728153	3.950421	-1.218119	-1.149048	-0.861740	-2.324627	0.672279	-3.752527	3.795681	2.326023	1.910377	-4.919033	0.469688	0.587955	-1.642648	1.856768	-6.384990	0.334665	0.044184	4.593936	-6.102226	3.518271	0.109835	2.012839	-4.502071	0.014732	2.568497	1.436907	-3.750317
-2.451782	0.451735	-0.551128	1.729693	0.181589	-1.473867	-3.176730	2.727480	-2.189016	-1.313074	-1.217718	0.121116	1.611240	-1.514113	1.080195	-2.829841	1.547625	0.640428	-2.843191	-1.145809	4.926063	-1.178040	0.259906	-1.232431	1.734871	-0.277538	4.827376	-0.731038	2.193173	-2.271725	-1.458741	0.937955	1.108078	-3.093259	-0.743880	1.187528	-0.614706	3.319131	-0.862550	0.957723	2.308714	-1.156633	-2.850651	1.440019	1.791348	1.878302	-0.230795	0.101410	-0.948748	0.549757
0.733956	-0.409328	-2.040988	-1.347566	-0.862612	-0.955607	1.131355	-0.921791	-2.165500	-0.036054	-2.623702	-1.104251	-0.389144	1.561865	2.112356	1.802483	-0.090706	1.392404	0.548481	2.380693	1.649409	-2.386276	-0.800705	0.697214	-0.059910	-0.194455	4.170731	-0.998741	5.643045	-2.803320	-0.593541	1.243576	0.254260	-0.491583	1.584870	0.430914	-2.508744	3.026967	-0.444592	2.716774	-0.890542	2.393235	-0.090587	-0.472382	-0.312888	3.963588	-1.192337	1.005187	-2.156483	1.173034
0.518893	-0.785312	0.003173	-0.634836	2.584858	2.625575	0.018311	-1.091055	-1.513067	-0.405515	7.390575	0.798641	-1.901735	2.214613	-2.178012	-6.549592	-0.078430	-1.949101	-1.067642	-0.946194	1.621297	-1.969687	-1.607438	-0.015141	-0.247853	0.929636	0.412987	-2.136827	-1.126353	-0.914978	-0.245039	1.171396	1.450011	-3.067763	-2.230245	0.025944	2.609033	0.304393	2.377487	-0.707245	1.520080	-2.880939	0.232423	2.650172	-0.617227	0.016044	-0.955833	-0.022107	-1.862829	1.836277
-1.841008	0.090888	-1.583440	2.976431	0.206347	0.662940	0.059185	1.729940	-2.665308	-1.837319	1.817284	-0.569039	1.107229	0.391981	-0.478079	-3.182264	-2.612052	-1.585743	-2.679989	-1.698009	-2.200560	4.146747	1.942558	0.955247	0.965332	0.302971	0.294933	1.473802	-2.130453	-0.924515	-3.265939	-1.314346	-1.667196	3.509199	0.660378	0.463688	3.772663	4.032214	1.574552	0.423406	0.605578	6.464748	-1.064523	-0.825397	-1.592668	0.572409	-1.274640	1.236345	-0.832531	3.874983
1.443850	0.647245	-0.657879	1.306767	-3.316755	-0.428878	-1.049294	-0.421883	-3.169409	1.164616	-0.046785	1.711501	-1.155896	2.003925	-2.173751	4.395964	-4.188200	-3.951938	3.640113	3.706071	-3.590875	-1.449676	-1.563932	-2.966217	-3.657327	0.250087	-4.391825	0.751697	5.197664	5.155839	0.084576	-0.480509	0.878675	2.987481	0.765586	-3.871918	4.976269	-6.031686	-2.249956	0.182129	-0.948845	-5.277179	-0.022676	-3.008450	4.509528	-0.913737	1.684967	1.245866	2.470461	0.897658
-1.188499	0.537261	0.144634	2.243291	-0.174957	-0.328420	-0.104097	0.552797	0.751607	-0.261681	6.946213	1.120305	1.006189	0.459648	-1.135629	-6.746260	-0.164063	-4.977327	-2.989256	-2.734667	1.023770	3.019980	2.795628	1.420970	1.539133	-0.407721	-4.107991	1.079220	-0.395394	5.892627	0.490915	1.248820	-1.981777	-0.207436	-0.166832	-2.551962	4.580951	3.379560	0.607189	-1.573042	-2.853926	0.770448	-0.385695	-0.996963	-0.563960	-0.701838	0.755553	1.245597	-2.040900	3.725939
-0.230197	-0.216816	-1.502980	-0.631799	-0.949298	-0.597456	-1.618130	-1.054840	-2.008901	-0.576733	1.901749	-0.808940	-0.117371	0.367557	1.988084	-2.373039	1.604515	-2.108832	-0.055433	-0.939565	0.558189	-0.055055	-3.410089	0.479427	-1.512658	-2.020692	-0.060197	-1.349201	3.713726	4.847813	-3.536385	-0.289062	3.460042	-0.243104	0.875052	-2.303859	1.286588	1.362055	-0.523149	0.029271	-3.121463	-0.331618	-2.010957	-0.521347	4.268615	0.616880	0.735798	2.063084	-0.726434	2.509586
-1.602212	2.618204	-2.258551	3.183942	-2.408246	-2.397382	4.819898	4.041448	1.480269	-1.256107	-1.586766	1.787853	2.265156	-2.601703	-1.856277	3.244490	-0.906234	0.598958	-4.242273	0.758964	5.017405	3.727405	-1.059307	-0.852992	-0.476843	-0.358579	3.517168	-0.321673	2.854073	-1.229723	0.518965	2.524336	1.499040	1.336386	0.146263	-0.368959	-0.456211	1.667700	-3.556612	3.073148	-3.311174	4.395950	2.519560	-4.198468	-3.549492	0.227357	-0.733122	0.483233	-0.859343	5.178301
-0.443148	-0.997516	1.147409	-0.942626	1.720314	-0.065119	0.972761	-1.328138	-2.636190	0.813915	-1.747750	2.094390	-1.564973	2.547548	2.170331	0.172063	0.664469	4.479397	1.101381	1.352663	2.058425	1.019156	-2.196666	0.586952	-1.560869	-0.516487	2.433304	0.374152	-2.514521	-3.466049	0.091460	-0.295548	1.122232	0.266971	-1.020868	3.561625	-3.221149	-1.133431	-0.598665	0.483375	1.599011	-0.693938	1.444227	0.030611	-1.217107	-1.508339	-2.649718	-0.247478	0.298177	-3.240242
-0.763953	0.892113	0.192947	0.948445	0.049668	1.615839	-0.219278	-1.186548	1.505147	-1.417446	1.698136	0.489106	-0.654684	-1.963836	-1.328187	-0.237836	-1.632201	-2.946572	-0.108226	-0.631521	1.248574	-0.117463	-1.573711	-1.326252	-0.458483	4.737640	-1.753581	4.128276	-0.645084	3.076294	-3.661896	-2.976329	0.848470	2.142757	2.233359	-0.603472	5.578797	-0.302814	-0.247829	0.287675	0.136071	2.304977	0.206797	1.159235	0.578997	-0.150651	-2.814653	-1.310159	0.298830	0.228589
-0.612829	0.919823	-0.092541	1.931390	-2.050468	-2.331537	-0.306154	2.955475	6.185332	0.127873	-0.610201	1.065918	2.289984	-1.551047	2.043286	-4.854669	0.517003	0.398328	-2.975134	-0.225213	0.558686	-1.284902	3.346696	-2.198828	3.967390	-1.048905	-0.813686	1.738386	-4.561663	3.422280	0.501102	-1.278094	-0.717587	1.563537	-0.510763	0.142970	-0.624407	-0.948138	-2.133376	0.370670	-6.946574	0.057763	-1.431138	-2.249849	-1.187067	-1.208040	1.516604	-1.756092	-2.023885	4.443450
2.931350	-2.137994	1.554003	-1.127314	-0.326318	-0.039728	-1.358919	-0.040093	-2.528331	2.282406	7.848473	0.946582	-0.702194	0.989909	-0.161580	-9.174161	0.687466	-1.263505	3.737529	-2.370846	-1.399613	5.411434	0.757731	-0.897997	-2.127660	-3.781887	-2.006434	-1.143768	-2.445150	3.575966	0.880557	-3.425026	-0.682239	-0.651302	-2.961532	-1.294726	-0.728320	-4.731801	-1.573480	-0.083198	2.404093	-9.736760	3.737099	-0.219943	4.370874	1.350793	-0.435763	-0.272359	2.968749	0.241914
2.233214	-1.815366	3.028953	-1.536476	-0.322139	-1.484606	-2.950541	-1.334073	-4.535551	-0.084542	3.194643	0.907776	-3.602811	3.305276	-0.822681	-6.123868	0.013830	-1.495614	4.281467	0.304745	-2.296618	2.203985	0.252019	0.952575	-3.694279	-0.590168	-4.520078	-1.019787	0.935955	1.412744	-0.803120	-3.751845	-0.903415	0.887312	-0.633862	1.289547	0.557463	-7.808035	0.238649	1.750124	4.030294	-3.000779	4.544332	-0.467752	-3.687303	-2.820322	-0.149664	-0.011025	3.759608	-2.120648
-0.847976	-1.758746	0.234163	-0.756445	-0.460780	-1.748302	-5.755722	0.821790	-4.347595	0.569774	-3.620301	0.333189	0.252237	1.973581	-0.930188	6.847139	0.557207	2.723871	-0.957309	1.340299	-5.416643	-2.849028	-2.250356	-0.671168	1.044217	1.786627	0.381355	1.002817	1.133349	-2.549628	1.480048	3.418710	1.916650	4.365580	0.590749	1.350081	-3.051536	-0.574152	1.249767	-0.874051	2.552781	1.629594	-0.638488	-1.966797	-2.565484	1.314446	2.401033	0.733004	2.769113	-2.757189
0.855654	-0.929318	0.631641	-1.219243	1.652985	-0.398115	-3.682456	-0.818612	-4.339178	-0.092160	1.457775	1.609651	-0.912691	1.181212	-0.257984	-3.723471	2.385625	0.621356	3.118454	-0.560862	-2.194384	-0.917124	-0.452152	-0.261308	-0.480248	-2.409357	-3.658258	1.697892	-2.401816	0.078106	-0.240119	0.344327	-1.077383	0.586183	-0.549741	1.997525	-2.416286	-6.010528	1.897481	-0.178644	5.221347	-4.060456	-0.364050	0.437810	0.385561	-3.275503	-0.373291	-0.099008	3.680817	-4.293794
0.160789	1.034656	1.891225	1.690645	-2.034585	-1.775875	3.644103	1.075499	1.097148	0.677972	-2.268209	-0.296257	0.598253	-1.885960	0.366319	0.585803	-1.539807	1.102374	1.126261	0.045842	-0.357289	4.220209	1.992105	0.879612	-0.306133	0.533246	0.227996	0.150905	1.390280	-2.384078	2.702774	-0.916689	-1.104262	2.091613	0.405750	0.003915	-2.909843	-0.926401	-1.740683	1.710104	-0.916904	1.399757	5.882017	-3.607693	-3.929709	-1.067079	-2.205387	0.500697	0.275244	-0.935324
-4.095877	1.723850	-2.472544	-0.270998	-1.960686	-2.820358	3.062750	2.047212	2.056413	-1.719967	-6.307945	-0.840554	2.269965	-2.558842	0.531101	7.292652	0.931985	2.028809	-6.574673	1.267283	2.456990	-1.802827	-3.346624	1.743328	2.169250	-1.169977	6.671282	-0.671748	1.944859	0.609258	-2.649330	-0.387331	1.651637	0.800337	-0.007272	2.787514	-0.669491	7.086053	0.042647	-1.355810	-5.667651	7.967047	-2.541886	-0.457515	-1.370672	2.502203	-2.597425	-0.603081	-2.509661	5.579133
2.611748	0.174993	-0.471083	-4.166710	1.879211	3.337189	-3.922599	-1.422653	-1.094094	-0.048891	-3.688140	0.261737	-1.309988	1.495225	2.909140	4.215702	2.314669	3.792936	-0.211073	1.193229	4.070666	-3.807163	0.996635	-0.105804	1.511026	2.898044	3.578942	0.331189	-2.771450	-1.696134	-0.653753	1.135183	-0.130996	-2.618539	0.736054	1.526330	-6.614462	-3.077838	1.162168	-0.141738	1.959028	-4.759509	-3.914581	5.798943	5.078800	-0.227478	1.497267	-0.155801	0.462105	-1.435318
-3.188844	1.071544	-1.827193	5.331710	-2.245568	-2.702220	4.580340	5.691280	2.133537	-1.500898	-2.357026	1.572876	1.908994	-1.744349	0.905789	3.240373	-0.502779	-0.780875	-4.791389	0.942123	5.356109	0.358979	-1.219760	-0.380805	0.709972	2.886209	-0.010671	1.310205	3.209721	-1.028942	0.881242	3.656197	1.875392	-0.524632	0.175894	-1.266737	0.968232	7.134559	-0.678937	3.477655	-4.425799	3.848820	1.829725	-3.850533	-2.128446	3.012340	0.187702	-0.382175	-4.923572	5.557246
3.127328	-0.284198	1.101544	-0.106982	-0.669350	-0.088283	-3.009418	0.188812	0.341061	0.068688	4.642977	-1.355887	-1.586926	1.296271	-1.176238	-6.239420	-0.655659	-3.763177	2.979625	1.887180	4.345627	-1.405070	1.020484	-1.143393	-2.411471	0.836211	-3.933812	-2.180781	-0.323840	0.554581	2.642550	-0.675512	-0.212579	-2.627578	-3.967243	-2.204753	1.668632	-4.849833	-0.643940	2.662924	4.387992	-12.163246	-0.504714	-0.453502	2.595857	-0.091489	1.489024	-0.741040	1.857294	2.699677
-1.060201	-0.270899	-1.859705	1.090866	0.784891	3.057608	-1.611371	-0.211097	3.008300	-0.589479	1.531305	-2.490625	0.201704	0.717640	0.546925	1.596998	-0.644165	-0.568644	-2.441772	-1.028318	2.106837	0.897492	-1.353736	2.682668	-0.324968	2.391857	-0.777711	0.235522	-0.446985	-0.165466	-2.515046	1.527966	-0.013862	-2.143800	1.270779	-0.809964	1.115094	6.278682	-0.376184	-0.063296	-1.499768	3.040361	-1.566607	1.361372	1.696490	2.749174	2.325626	-1.893794	-3.942165	1.718017
-1.667641	0.441640	-1.531927	-1.327025	1.699939	2.526372	-1.563988	-1.494687	1.336260	-1.562589	-1.441679	1.979571	-1.135332	1.253960	-0.693968	4.398525	-0.369534	1.601191	0.943079	1.531579	-2.534450	-3.487071	-1.343121	-0.910678	1.358584	1.463687	1.565536	-0.134019	0.655800	-1.953604	-1.951070	-2.235789	0.984706	0.622919	0.691660	0.860780	-4.148023	6.035300	4.187523	-4.041065	0.432877	6.764682	-2.923677	3.177152	0.933306	1.622177	-0.785868	-0.283076	-2.461170	-2.842611
2.264008	-1.084685	1.308745	2.156394	1.323818	-1.291598	-0.572016	0.448707	-1.624709	2.314846	-4.855894	1.042541	-1.652011	3.648711	0.906986	6.439057	0.428745	1.885819	1.706713	1.451186	-2.332408	-1.082063	-0.357016	-2.335853	-0.933810	0.076509	-2.049890	1.748563	1.850697	1.830478	1.009790	1.603798	-2.875359	-0.881908	2.447564	2.294179	-0.784225	-1.600391	0.139194	-0.440482	-1.979608	1.067756	5.022091	-0.513950	-3.500404	-0.053332	-0.520725	0.003538	1.790145	-2.899722
0.159921	-1.344400	1.789744	-2.074589	0.640567	1.598979	-3.967261	-0.922319	-3.254801	1.207200	-3.375888	0.903042	-1.319362	1.402419	-2.642367	5.078696	2.352561	2.038496	-1.956027	1.114497	1.128845	-3.324125	-1.701732	-0.332332	1.314565	-3.740804	-5.313347	-1.650713	1.460242	-0.044248	2.799442	1.706361	0.685688	-1.698080	1.454207	-0.122731	-1.868670	3.868584	2.879151	-0.844104	2.439704	1.295964	-2.809311	3.155719	-0.042319	0.644350	0.815322	0.383925	1.446837	-0.421629
