X18	X28	X22	X1	X21	X42	X35	X14	X10	X41	X19	X6	X11	X34	X9	X17	X24	X16	X31	X40	X12	X15	X7	X43	X32	X49	X50	X45	X46	X3	X37	X25	X33	X23	X44	X2	X8	X13	X47	X27	X5	X36	X38	X4	X39	X30	X48	X20	X26	X29
-1.241663	-3.612098	-0.276312	0.716075	-1.028921	-0.005864	1.899493	0.499354	-2.157274	0.274338	-0.614202	0.141471	1.514925	-1.329771	0.327180	-0.092704	-0.362008	-0.416326	-0.971221	-1.784138	-0.726895	-1.366041	0.148998	2.953421	-1.859339	0.249461	2.452924	-1.885332	1.966406	-2.540149	0.703428	-0.251087	-0.906884	0.856341	-0.205160	0.050825	-0.474888	-1.336770	0.437268	0.369346	1.139948	-0.522230	0.065382	0.694515	-0.481032	-0.229752	-0.845726	-2.169361	1.094512	-2.242020
2.728417	-1.779947	-1.865696	-0.746878	-1.711277	0.596066	-2.817307	-1.593933	2.159310	0.468154	0.971220	-0.519019	-2.350926	0.114776	-1.279796	0.645872	-0.224919	-0.851875	0.895388	1.686907	0.656587	0.858849	0.000348	-3.373835	0.699509	0.602209	-6.440140	-2.160513	4.014187	0.063751	-0.600608	2.511910	-0.364774	-0.785330	-0.409489	0.364064	0.759723	0.975610	1.612370	2.128925	-0.868391	-2.195141	-0.234897	-3.814308	-1.774319	-2.252119	-1.956041	1.540163	-1.107963	-0.433531
0.039813	0.881084	0.997862	0.323420	-0.873530	2.937071	-1.726620	-0.008923	-0.824382	1.929171	-1.835909	0.519338	2.375282	-0.963110	0.744973	-1.859411	0.569762	-1.051548	1.208327	0.622735	1.909461	2.437506	-1.640616	0.167480	-0.825094	-1.412515	0.257316	-4.311086	-0.701995	1.430165	0.610521	0.584605	-0.593832	-1.330425	-4.526526	-1.154701	0.234489	0.437044	3.639989	-1.097115	-0.385993	1.721476	-0.923280	1.315906	0.715097	1.514625	-0.354982	1.138740	-0.053211	0.737258
-0.631112	-0.316226	-0.214192	-1.521286	-0.155440	0.474854	2.277917	2.415051	0.668178	-1.698698	-2.325506	0.009707	0.444417	-2.896613	0.861303	1.081343	-2.653553	-5.263223	2.284620	-1.117412	-2.148350	-0.291743	0.514184	2.187710	2.862546	-0.097921	1.577126	1.024051	2.466604	1.705229	-0.846712	-2.848541	-0.191939	2.987159	1.899049	-1.627006	1.237803	1.258436	0.308665	-0.078085	-0.117166	-1.226333	-1.079624	-4.118379	2.645256	-1.688032	1.886100	-1.393363	-1.398462	-3.963418
-1.111547	-1.727187	1.634707	0.586415	0.540380	0.228528	0.159968	-1.107571	-0.358689	-1.504914	-1.514872	-1.034714	-0.010627	-1.552979	-1.178044	-0.011541	2.423561	-0.909810	-0.835375	-1.371173	-0.050998	-0.777970	1.581937	0.320627	0.600322	0.717486	-1.256527	2.425098	0.575938	2.441148	-0.459346	-2.598582	-1.451390	-2.596402	2.139466	-1.387187	0.888160	-0.382034	1.637764	0.215506	-1.861038	-1.345028	-1.375912	-0.805144	2.809958	0.276651	0.703052	1.421738	0.238228	-0.045048
-1.281367	-1.857540	-0.315955	-1.363742	-1.324450	0.886598	5.010826	0.784507	1.027900	-2.643279	-1.593409	-0.363089	0.369708	1.676562	-1.201096	0.719634	-1.974245	-0.249787	2.681130	-3.379358	0.739422	0.258667	2.660940	0.397189	-5.046951	-1.207937	0.652589	-0.269284	3.807764	-1.443064	-1.509182	0.670000	-2.417020	-0.366787	0.410933	0.081455	1.658155	-1.045417	-1.207713	3.103047	0.441897	-2.170334	2.223193	-1.485908	-1.085064	0.126446	-1.196243	-0.441457	-2.921212	0.501080
-0.509380	-0.478788	0.427250	0.852470	0.921950	-0.559269	2.171004	-1.353133	0.990055	-1.295309	-0.396929	-1.463754	0.958707	1.005888	-0.650826	0.162190	1.517490	3.122378	-0.843148	-0.535905	-0.630707	-0.418029	-0.575441	-1.301952	-2.509578	1.271765	1.634015	-1.282631	3.292250	-3.243342	0.087949	-0.969103	-0.531171	-0.204352	0.874842	0.782015	-2.155712	0.296338	0.324465	1.805534	-0.239783	1.437438	0.121119	1.478205	-1.138250	2.804009	-0.531531	0.361825	0.327097	-0.131417
0.925752	0.687750	-2.204681	-0.658951	-1.930134	-1.176813	1.204769	2.012125	-0.577753	1.303281	-1.194892	-3.427266	0.995122	-3.689785	-0.835153	0.261506	0.594033	0.213707	1.050458	0.961292	3.295723	-0.393081	-2.017551	-0.069008	2.027085	2.228731	-3.034742	-2.330884	-0.074149	0.233006	-0.150594	2.688958	0.521586	0.656916	-0.645098	0.304608	0.985214	1.786077	2.718652	-0.350978	-0.210342	-1.518267	0.286187	1.104101	-1.652919	-1.533221	0.399103	2.949554	0.406063	0.329130
-1.678502	0.297399	-2.773324	0.103238	-0.390833	1.147986	1.295358	1.709730	-1.832721	1.365830	-1.745324	-0.724424	0.541092	-2.408531	-0.082643	-0.494140	-0.334479	-0.008079	3.311787	0.803583	-2.578796	0.376164	1.187607	0.205982	6.026189	1.225596	-0.202243	2.077264	-2.639298	1.993672	0.005718	2.147738	3.308111	-3.134567	2.091879	2.233703	-2.583224	0.903787	-3.269581	-2.153445	0.160770	1.286091	0.179106	0.871307	-3.045368	-3.773277	-0.518352	1.780481	-3.668606	-1.801945
-1.277165	1.373451	-0.192736	0.006007	1.316505	2.633333	1.160430	0.605318	-0.119373	-0.267018	0.886105	0.197059	-0.697892	0.099983	0.607362	-1.761373	2.768847	2.092237	-0.822895	-0.975994	-0.729046	1.550919	0.797662	-2.248535	1.065719	0.404190	0.448960	0.294652	-1.141774	0.610644	0.434808	-1.230631	1.181167	0.656273	-0.346151	0.560983	-0.514289	1.015451	2.246747	0.596439	2.509673	4.588320	-0.852935	-1.319748	0.557265	-1.539192	3.383038	1.532102	-0.999827	0.872580
-0.933897	-0.305986	0.564564	-1.965956	0.702509	-1.468844	-2.264162	0.938047	-0.263346	2.584217	-0.785890	-1.031168	-1.666644	-0.876834	0.250372	-0.005702	1.108376	1.106158	0.831912	1.120012	0.185643	0.867249	1.164107	-1.440846	3.063010	-2.533240	-1.836427	-0.254972	-1.037663	-3.466586	-0.804242	2.560472	1.812986	-0.987625	0.198977	1.112614	-1.241169	2.374289	-3.526159	-1.402259	-1.061323	-0.700167	1.593132	-0.061584	-2.527435	-1.997288	-0.238025	2.672941	-0.091046	-0.737349
3.819963	1.473318	2.778203	-0.413996	0.707058	1.204850	1.397881	-0.466566	2.024089	-0.958294	0.652597	0.246770	2.023676	-0.144182	0.113834	-0.256947	1.993212	-1.704790	0.102321	-3.194200	0.914071	0.457041	1.768954	1.794932	-3.178026	2.162818	0.849932	-0.254090	3.890006	-3.136010	-0.031136	-2.040731	-3.084148	2.701774	-0.290185	0.260654	2.339463	-0.205314	3.675664	0.819353	-0.346558	-1.844252	-1.279038	-1.338821	2.751226	1.575278	2.299332	-1.474580	-0.562469	-0.119012
-1.431566	-2.404365	-2.411861	-1.431884	-1.134334	-1.361279	0.258070	0.251306	1.705657	0.291409	1.058942	-2.124946	-0.133788	0.821466	2.134441	-0.387890	-0.836506	-1.758316	-1.113124	-2.884278	-0.510629	-0.324507	2.650959	-3.639362	3.307877	0.609325	1.482212	-0.575944	-2.289632	1.609815	-0.470842	2.991075	1.285251	0.348004	1.400990	2.410763	-1.274713	0.000802	-0.477723	-2.006618	2.031801	-1.080344	-0.651530	-1.406482	-3.373974	-0.301743	0.491597	1.865530	0.547296	-2.782007
-0.755829	3.363538	2.301301	-0.758596	0.097611	-0.195022	-0.376271	-0.722294	0.948363	-1.410015	2.347329	-0.857336	-0.397327	-0.828511	0.301446	-1.319103	-1.476969	0.591601	0.741451	-0.336399	0.642026	1.008505	-1.436415	-0.281722	-1.451413	-0.868643	0.895769	-2.506707	-0.080993	-1.276273	-0.546113	-2.975269	0.321422	1.831341	-0.231500	-1.643056	1.677542	-1.334394	-0.669556	0.903509	-0.209943	-2.393402	-2.642553	-0.979872	-0.425814	-1.567919	-1.596301	-0.067392	-1.982177	-2.475918
-0.969869	-0.244382	-0.123825	1.456962	1.995617	1.092676	0.636499	1.230169	-0.969328	1.258100	-1.356716	1.328324	1.941955	-3.409532	0.970415	-0.332671	0.763558	0.326001	-1.677486	-0.126269	2.094758	-0.737618	-3.165546	-0.766128	0.348593	0.188093	1.659830	-2.370602	-2.226058	1.520787	-0.103845	-1.407163	0.546383	0.451197	-3.778683	-2.184842	-0.899930	-0.378113	0.760742	-1.496828	0.677728	2.175909	0.902782	-0.258978	0.326181	0.909260	-0.345084	0.108068	0.452298	-2.303632
-2.822639	-1.793552	-4.549100	-0.854183	0.269857	2.429790	3.133352	2.456074	-0.588984	1.190101	-0.599337	-0.224865	3.118074	-2.205883	1.688461	-0.101761	1.130012	-2.352584	1.662161	-1.399100	-0.657719	2.515283	-0.203128	-2.264512	0.699339	-1.085802	-1.331565	0.419292	0.201210	-0.418970	0.772547	0.132027	1.241803	0.176813	1.219627	0.703459	0.005832	1.908459	2.594634	-1.121100	0.406205	-2.144242	-0.999916	-0.362614	-0.017949	0.346296	-1.985575	0.797881	-1.624288	0.131535
-2.932707	-0.359002	2.482200	-1.582197	1.420817	0.222245	0.254300	-1.033201	0.017476	0.536223	1.689887	2.879033	-0.597484	0.290847	-0.878517	-0.495721	-2.572118	-2.174135	0.473425	1.043137	-2.830711	0.321990	-0.739715	1.296331	1.316166	-1.690732	-3.023140	1.518519	2.886531	0.834222	1.162518	-0.020954	0.772270	-0.103721	2.406780	0.857796	1.323543	-0.452465	-2.632756	0.341970	-0.587379	-1.625901	1.261617	-0.718247	1.783411	-2.067948	-0.020848	0.149733	-0.703591	0.051577
-0.165450	0.800593	-1.025769	-1.115065	2.662987	0.140521	2.822186	-0.718572	-0.119716	0.540987	0.675248	2.330778	-0.967816	2.375971	0.927090	-1.639397	-0.376080	-0.467239	0.842683	-0.329973	-0.889936	1.625221	-0.273083	2.284098	-1.287642	-0.630552	2.341981	0.620659	-0.841588	-1.099740	1.582905	-0.814137	-4.598022	0.570617	0.314414	-0.161070	-0.304361	-1.694903	-3.380621	-0.309097	0.321686	1.001676	-1.629330	-2.586358	0.952782	0.659221	1.606026	-2.257234	-1.614894	-0.952501
-0.192942	0.506499	-3.128853	-1.429671	-0.933913	0.917589	-0.121533	1.057289	0.409199	2.183970	0.313607	2.588860	-0.545242	1.867779	-0.839770	0.030259	2.345662	2.127787	1.439434	1.291359	1.676382	-0.511547	-0.859693	2.989103	6.323439	2.032442	2.695103	-0.328213	-2.010216	0.429832	0.697530	-1.229076	1.419009	-0.887598	-0.604869	-0.356103	-0.296279	0.675029	2.218301	-4.505003	-0.823044	-1.516149	-0.211682	0.574896	3.481410	-0.316078	2.511073	-1.874316	-1.029105	1.650652
-2.692795	-0.551288	1.472916	-1.308359	0.608836	0.430166	4.443353	0.869560	1.253662	-0.083977	-0.371408	3.645780	0.974875	-1.445433	-0.362136	0.900056	0.867191	2.276973	-1.662031	-0.151870	0.037372	0.091766	-0.518303	3.149149	3.089769	4.281342	-0.209001	1.744791	0.950316	-0.509863	-1.744299	-1.890439	-2.271927	-0.285439	0.063538	-0.139343	-0.181148	-0.639646	-0.289175	-2.239826	-1.090514	-0.986600	0.267579	-2.758371	0.947181	0.055681	-0.190804	-3.468954	-1.395211	-2.283525
1.200055	1.685378	-0.365110	0.691166	-0.891045	-2.358152	2.468917	-0.832921	2.565352	-1.214344	-0.037074	0.365370	-0.568556	-0.381829	1.700350	1.758634	2.348206	1.343777	2.508693	-0.616657	2.599392	0.561306	0.846608	2.851460	0.817403	1.815238	-0.972711	-0.273752	-2.252074	0.283522	-0.358113	-1.358022	1.955491	0.718191	-1.801748	-0.049668	-0.422998	0.293827	4.176884	0.240193	0.761863	2.122543	0.936824	-0.025821	3.169232	-1.015081	0.375893	-3.151101	-4.337655	-0.829456
1.976005	1.397652	-0.018648	-1.032358	-1.472667	0.398112	0.878397	2.110031	-1.395619	0.069471	3.724259	-1.226880	0.532667	-0.502790	-1.429203	-0.386271	-0.891822	-0.995222	0.394314	-2.212879	-0.806745	0.751035	2.109873	2.221347	4.015195	0.635481	3.505712	-0.498561	-2.918272	-1.795439	-0.318448	-1.933774	-1.422880	1.579066	0.416894	1.748444	-1.554981	0.676343	4.305874	-4.771749	0.202477	-1.441257	-1.653681	-1.423252	3.402981	1.255601	-1.589611	-1.605467	-0.702934	-2.363793
-0.598490	-3.665964	0.664263	-0.897453	-1.773703	0.373199	4.237775	2.264863	-0.862849	-0.461516	-1.317469	-2.167236	0.257475	-2.074831	1.853600	1.169709	-0.220493	-0.228629	0.185852	0.909366	-0.198508	0.005816	-0.352127	3.455777	1.020491	0.595985	0.160660	0.362908	-2.143327	-2.398788	-0.248692	-1.698131	-0.349872	0.633926	-1.491841	0.629337	-0.330091	-0.078524	-1.041860	1.125408	0.780234	0.544663	-0.122784	0.528295	-1.124876	-0.679833	-0.354873	-1.172404	0.394074	-0.242173
0.681054	-0.239581	1.299895	-0.466237	0.284581	-1.932691	-0.982850	1.759724	0.254177	1.613209	-0.632794	-1.941145	2.371908	-3.859127	-1.380211	1.331465	-1.154431	-0.405355	-0.567802	-0.461743	0.724426	-1.325194	-0.028291	-0.807790	-2.620194	-0.512050	2.164404	0.464648	-0.019871	0.906355	-0.842468	1.540568	-4.725306	-0.998438	0.350143	0.788837	-2.019307	-0.880100	2.749167	-2.300260	2.202108	-0.592639	2.199210	0.199051	-0.422285	3.692026	-1.328100	2.032688	0.576387	-2.947971
1.928537	-1.376857	-2.995820	1.475481	-3.954371	0.222494	-0.554348	0.701120	-1.171962	0.860427	2.611011	2.712917	1.360899	-2.479695	-1.345052	-0.687662	-1.076778	1.979280	-1.285634	-0.755216	1.962402	0.285160	-0.701620	-0.700120	-0.427355	-0.140307	0.092081	-1.336683	-4.726487	1.001900	0.315411	-2.057759	-2.211500	-0.110697	-0.599671	-2.559806	1.094984	-1.756959	2.409053	0.408207	-1.628569	-2.066646	2.497203	-2.531823	4.510155	-0.635730	2.622337	-2.404101	1.164770	-2.522656
-1.239056	2.011502	0.784630	-1.391232	0.234160	-1.002819	0.190811	-0.455970	-1.187128	0.456090	0.572431	1.375728	-0.651903	4.091559	-0.821813	1.115147	-0.148442	-1.200482	-0.083170	0.545216	-1.451110	0.383500	-0.544502	-1.554813	-1.807859	-0.708811	0.207926	2.251562	0.061719	0.871738	-1.768304	-1.781238	0.557628	0.503253	2.753410	-1.758531	0.608473	-1.994867	-3.259267	-1.270856	-0.901406	-0.351538	3.350174	1.981439	0.961650	0.148098	-0.283039	0.377891	-0.271086	0.298172
0.793253	0.787217	-4.750139	0.245963	-0.527282	0.729978	0.076190	-0.513787	-2.628511	-1.538226	0.110795	-0.704677	-0.156275	0.381951	-0.070257	0.019882	-0.328102	0.341560	-0.495523	2.957465	2.661699	-3.105455	-0.513472	-1.017860	2.571825	-2.320188	1.141948	1.330970	-3.449361	-2.468720	-1.400661	-2.322731	4.128357	-0.419882	0.698198	-0.339873	0.405698	0.634766	1.766453	2.442776	0.751330	-2.452596	0.161379	3.756859	3.260566	-1.357917	2.315933	1.210842	-0.656396	3.804063
0.260602	-0.278793	4.725541	-2.270854	-0.907030	0.579272	-1.369759	-0.164279	-0.597614	-2.861607	-0.677993	1.303661	-0.350963	1.061098	-0.411845	-0.484060	-0.586989	-0.404125	-1.508573	0.565025	-0.447010	0.738606	-0.936858	-0.729988	-2.014466	-2.105058	0.521267	1.268443	0.304944	-1.481287	-0.742681	-0.417292	-1.674599	0.926579	1.851794	-0.328796	2.316046	0.676619	-1.973239	2.816127	0.112385	-1.284298	0.265064	-4.573240	-1.173008	-1.884006	-0.771397	-0.193822	0.548471	-2.526024
-1.389241	0.040224	0.076032	0.453512	-0.206638	-1.378865	-2.632084	-0.410314	-0.489018	-3.498708	-0.065968	0.111199	0.583502	0.123508	-0.153501	1.832041	-3.515512	1.854862	-2.287721	-0.059024	0.677933	0.399337	0.419668	-1.841784	-6.250985	2.203243	-1.736178	1.378750	3.723034	-0.567083	0.005612	0.261940	-3.457389	-0.470028	0.811228	-1.406560	-0.316584	-0.265861	-2.686532	2.840803	-0.455799	-0.204087	-2.391548	0.121871	0.973630	2.863897	2.328926	-1.418523	1.812544	0.892063
-2.155021	0.867260	1.960660	-1.127575	2.800162	0.411191	1.128487	1.027158	1.962398	-0.171203	1.349225	0.518089	0.508187	-1.014364	-1.267120	2.466320	-1.282158	-4.629615	-1.272986	-1.762726	-3.287535	1.182037	4.430920	0.544323	-1.212393	2.492798	4.803250	1.440893	4.182600	-0.661368	-1.826955	-0.613607	0.750464	0.016578	2.225554	-1.325938	0.477784	-0.116724	4.462262	0.530995	-0.573008	0.382992	0.653439	-1.558111	3.762259	0.705415	-0.228692	-1.602541	-0.073642	-0.442105
-0.066004	0.888456	3.225328	-1.096073	1.515795	1.896767	2.578476	-0.063876	-1.291785	0.913709	1.468491	0.977167	0.162393	0.158567	-0.323770	0.125917	-1.417284	0.469083	-4.472099	1.562472	-1.447348	-0.651611	-0.342460	1.985549	1.966895	2.297941	2.254237	3.280396	-0.597145	1.274178	-0.228725	0.896098	-1.953817	0.165995	2.270780	0.372357	0.639573	-0.695675	-5.184501	-2.129221	0.277103	1.050622	0.379305	-2.249437	-3.214592	0.408760	-0.210421	-0.874193	-0.778084	-3.441818
-1.379549	-4.057559	1.032988	0.576720	-2.422129	-2.315522	7.544348	-1.392833	-0.331930	-0.274869	1.543034	-0.252247	2.595634	2.887405	-0.985260	-0.164383	-2.987391	-3.170813	2.724221	-4.394521	0.063252	-0.763747	3.401708	5.274149	2.547375	-1.276474	4.645819	-0.209811	-2.856643	-0.768263	0.508035	-0.413238	2.925445	-0.713175	0.558019	0.082864	-0.721714	1.382422	-0.742834	-1.632401	1.373576	2.783495	0.143283	0.221218	-0.860335	-2.710758	1.850090	-2.905618	-1.110043	-0.740372
-3.987387	-0.331226	0.786366	-1.206219	0.584673	-0.636923	-5.605944	-0.865267	-2.399137	-2.327853	0.974083	-0.620245	0.174785	0.263496	-0.057643	0.606181	0.026430	-2.312253	-2.594009	-2.895299	-2.057529	1.094835	2.379033	2.270881	-3.045447	1.437102	0.607134	-0.604700	-0.470123	-1.236781	1.043632	6.013218	-6.942242	-2.762109	0.133248	1.711287	-0.249591	0.459997	-7.192135	1.215727	-0.370450	-1.007167	-0.334222	-3.278428	-7.713235	4.979967	0.454009	1.941893	2.953771	-3.052818
-1.817527	-3.515367	-0.801469	0.251638	2.240439	-1.151709	1.705923	-0.534431	0.911289	-1.141159	-0.816003	0.013483	0.988747	3.394949	1.407517	-0.449621	0.849767	-0.535500	3.333397	-1.219201	1.863110	-1.123678	-0.603791	1.170610	1.404316	-1.594568	2.092557	0.701322	-2.885923	-3.160789	-0.689764	-2.115390	-1.139887	2.051546	2.318831	0.439113	-0.171505	-0.897295	3.202669	1.357410	0.044248	1.357561	-1.901998	-2.213473	3.131867	-1.462965	0.182261	-1.119934	-0.247663	-0.959139
-1.038876	2.266110	2.379067	-0.341570	3.739245	-1.727283	1.511062	2.201719	0.701792	1.124557	-0.169448	1.806562	-0.309369	-1.011401	-1.316449	0.262163	-3.217006	2.323459	1.200009	1.105379	-1.849559	0.048620	0.343045	2.810591	-0.251805	0.242366	0.415634	-0.060828	0.140446	-0.233531	1.439475	1.222058	-0.267322	-0.017860	1.163578	-1.530871	-0.780085	0.582720	-1.001655	-2.439781	1.024228	-1.682207	-0.600529	2.167554	2.073520	2.581685	-2.366091	-3.451208	0.843476	2.221682
-0.878306	-0.896023	2.171175	0.673139	-2.423823	2.687338	-2.555360	0.917009	0.483507	1.707932	-2.719272	-0.908066	-0.318665	-1.720521	-0.096448	1.232800	-2.106400	0.366752	-1.717393	-1.573983	0.944676	-2.079051	1.379335	-7.337012	-4.113673	0.122306	1.901439	-1.203949	-0.582126	-0.482584	0.752824	-4.490188	-1.726767	-0.599615	-1.716867	0.339766	-0.995093	-2.505499	2.524563	-0.567920	1.283712	-1.855669	0.503892	0.942254	2.618825	1.632219	0.243741	5.269603	1.267821	1.061188
0.087237	-0.162354	-2.315749	-0.359356	1.927967	-0.563045	0.280224	-2.341960	0.846982	-0.598584	0.746095	1.357084	-1.137223	4.744134	3.309185	0.480477	1.133637	2.797728	1.520695	1.199708	-0.814147	-1.489165	-0.836438	-1.021686	-0.494146	-0.179255	-1.830702	-0.788785	0.712242	0.032527	-0.533843	-0.011269	4.890592	-1.099352	-0.921583	-0.941084	0.638284	-1.470322	2.754708	0.819404	-0.037898	0.444424	2.433112	1.452329	4.509161	-2.514988	0.307029	0.089198	-0.371011	0.188212
-1.641489	-1.520282	-0.251440	4.112260	-1.343932	-0.722345	-2.805099	-1.347815	1.453081	0.169068	0.096890	0.197806	-0.137794	5.547226	-0.547102	2.514276	1.779225	3.285532	-3.235030	1.675199	2.509694	-0.308536	0.320536	2.247696	1.816605	0.648117	1.339299	-2.713896	-2.630754	-1.382732	-0.836128	0.905889	5.949227	-0.636853	-2.199685	0.615575	-1.089499	-1.208085	-1.072168	-2.219165	-0.284895	-2.254071	-0.056963	4.343543	-2.218736	-2.365846	0.365025	-1.724663	1.388206	1.689430
1.622745	-0.774922	-2.034305	-1.883126	2.559052	-1.500847	3.876511	-1.777417	-1.113744	-0.447892	-0.491361	0.696382	-0.226780	-0.582471	2.507445	1.181615	-1.276847	3.003500	1.576146	0.623587	-0.001680	-0.240467	-0.046203	0.610722	0.183657	-1.648192	-1.251600	-0.456632	-1.084571	2.721835	-0.441665	0.894051	3.023060	-2.045961	0.089980	-1.047418	-1.890415	-2.446312	1.147900	-1.597445	-0.210865	0.095574	0.973284	0.569258	-0.227239	-3.065542	-2.651640	-2.362749	-1.763786	-0.162923
-2.529125	-2.322319	-1.752162	-4.404372	-0.764953	-3.473288	4.130977	-0.512716	-0.240449	-0.713655	0.929557	-1.678543	-0.893057	0.501177	-1.149337	-0.265224	0.960725	0.927336	-2.438282	1.916613	-1.745036	-0.977916	-1.609390	1.288627	4.436864	1.025432	-3.252112	1.125108	0.814330	2.231478	0.970514	4.584103	-0.853769	-2.232584	1.835082	2.379552	0.854857	3.067064	-0.884519	0.653354	-1.671560	-0.688994	0.560264	-2.202166	-5.195565	-1.525317	1.889968	2.254940	-0.170525	-0.691800
-0.042143	-0.128735	-2.283144	0.511235	-2.656180	0.389279	-5.486277	1.857825	-1.992925	-2.700251	1.994568	-2.275521	-1.673270	-1.110456	-0.772282	0.443033	-0.848620	-5.352708	-0.937297	2.891456	1.812371	1.986107	2.263116	0.216240	-1.221462	-1.513758	-3.572449	-1.310329	-1.216794	-1.715211	-0.405067	5.065118	0.869957	-2.950043	-1.541808	-1.443750	0.516703	0.930414	-0.858275	0.907763	-0.361555	0.267895	2.190386	2.775115	-4.797638	2.072115	-1.389157	3.185305	2.913334	4.082245
0.383714	1.272537	-0.365644	3.558316	2.354522	1.554618	-8.012358	0.629277	-0.020871	2.168080	1.629729	-2.238191	-0.383388	-2.544565	-1.423956	-0.408595	-0.600297	1.955513	-1.008182	2.372490	1.695653	-2.289302	0.144172	0.430396	1.410686	2.341359	-0.108459	-0.914958	-4.417011	-2.114474	-0.273994	-0.194001	-1.361616	0.313037	-1.438583	2.280853	-1.475111	-0.202387	1.452240	-1.884164	0.520688	-1.673400	-1.648760	4.520091	0.557108	2.549504	-0.989394	1.836026	3.030199	3.665188
1.084806	-3.230783	0.691632	-1.469354	2.804333	-1.905813	7.611627	-0.495385	-0.116971	-0.655799	0.671987	-0.307595	0.757454	0.556699	-0.858216	1.191666	-2.555809	1.221577	1.972326	1.474636	1.988138	0.639474	-1.573433	-3.232696	0.212033	2.112657	-1.620430	0.497005	-0.475910	1.817026	-0.000021	-0.096283	-0.628219	-1.110783	-0.542607	0.359387	-0.889045	-0.812778	5.657947	0.623664	-0.305355	-0.690848	0.317810	-3.204942	3.489887	-3.269024	1.398263	0.044810	-4.447935	1.506860
1.753979	-2.685619	1.362286	2.738901	2.266582	-0.254382	1.723145	1.296516	-1.348943	2.540242	-2.227289	1.370009	-0.529637	-3.847383	-1.147137	-1.644535	-1.830532	2.252537	1.061620	-1.062073	0.833434	0.544317	-0.816363	1.393946	-1.305171	1.998052	-0.854881	-1.272129	-0.844639	-0.246900	0.732905	0.856341	-0.411543	-0.049325	-1.654972	0.843316	-1.483889	-1.800083	-3.550845	-2.847686	-1.143425	-0.503049	0.384888	0.445830	-1.091248	1.561991	-0.412369	-2.365084	0.999101	-0.888050
1.118755	2.094317	2.071056	-1.562996	0.732900	0.560839	1.578658	-0.451311	-1.821531	-1.784042	0.834499	-1.041235	-3.303386	0.592248	-0.883945	-1.151187	-0.977720	1.321436	1.520414	0.211917	-4.554354	0.197594	0.749157	-1.665480	1.087010	1.944479	-4.520186	0.638710	5.886271	-2.860045	0.382625	-2.165783	0.417391	-0.712719	1.378961	-1.927205	0.110962	-1.444806	3.203345	0.922341	-0.791690	-1.118941	-1.711335	-2.775301	3.121010	-2.755350	0.758593	-0.838656	0.384203	-1.225231
1.128472	-0.009166	0.799661	2.981209	1.128919	-1.687148	-2.967186	-0.134410	-0.332074	-1.689349	-0.251015	-1.547935	-0.865371	2.379081	-1.110483	-0.813978	1.588654	1.783290	1.337766	1.710321	2.166582	-0.649009	0.453155	-0.903635	-3.620157	-2.099224	-0.217461	0.327023	-0.311000	2.350120	-0.295478	0.075179	-2.059569	0.119210	-1.143044	1.875989	0.275870	-1.372078	3.313719	1.161034	1.160487	3.040251	-0.006244	0.267729	1.132901	-0.292623	-1.511578	1.332079	-2.163498	0.078994
0.747088	0.065509	0.416971	-0.887659	0.067266	-0.660690	-2.102134	-2.610043	-1.345682	0.396198	1.552034	2.349438	0.867708	3.688468	-0.383363	-0.252107	-1.166427	0.780340	-5.085435	-0.922620	-0.741230	-0.366897	0.480062	-1.560857	0.181730	1.928640	5.446022	2.117731	-2.019830	-3.371333	-0.478242	2.527436	-3.424626	-0.800046	1.539861	0.730911	-1.731180	2.065712	-6.600174	-0.290027	-0.207999	-3.496485	-0.263552	0.271150	-1.915460	2.958974	0.866121	1.078085	4.576239	-0.888362
0.377908	2.609600	-0.230297	-0.607480	-2.390883	1.816660	-4.120090	-0.400343	-0.000470	0.843000	-0.854846	-0.845156	-0.249196	1.212666	0.706305	-1.936018	-0.403506	-2.468123	0.726512	-1.159378	-3.126610	-0.473667	1.661870	1.586967	-1.339054	-0.945902	1.802740	0.417111	6.213179	-1.684727	-0.430969	1.739865	0.561583	-0.676841	2.223155	-1.514189	3.684456	0.230363	-0.003788	4.344419	-1.670022	-0.434660	-1.092158	-2.147466	-0.848562	0.091160	-0.283717	1.047749	-0.752889	-1.815015
0.927934	-1.458338	-0.690679	-1.384359	1.485125	-1.167094	4.597343	0.238360	1.766602	3.589436	-1.122191	0.303686	1.160365	-3.337062	0.641427	-1.404415	2.937546	1.485082	-0.010633	-1.557086	-0.786255	0.081293	-0.350008	0.289300	0.750656	0.573455	2.418020	0.008604	-3.787078	-4.141079	-1.028488	0.311323	-1.563543	0.569434	0.995202	-1.515409	-1.213396	-1.329791	1.756001	-2.271151	-0.585077	1.767998	-0.770580	-0.779905	2.447475	0.116619	0.431636	-0.642147	0.725498	-0.021831
-0.979709	-2.133283	1.133639	-1.433526	0.914977	-0.854632	1.385254	0.571756	-2.194112	0.726250	-0.781898	-0.717837	-0.270334	-1.858846	-0.142011	-0.809338	-2.032604	1.375260	0.457741	0.314144	-2.090224	1.928313	-0.918177	-0.484020	3.738848	-1.098329	-0.179536	0.623406	0.082346	0.256617	-2.051041	4.116163	-0.954756	-2.704953	1.022308	0.062021	0.745217	2.811804	-1.590688	-1.177540	-0.690229	-1.631204	-0.164733	-0.535915	-2.325029	2.127534	-3.868366	2.492425	-0.560767	0.673904
-0.774245	-0.834089	0.001356	1.688991	3.129096	-1.927515	-1.912930	-1.308806	-0.920017	-0.871754	1.044746	-1.636988	0.450907	0.354264	-1.441613	-1.306460	0.902935	0.889789	1.674697	-1.635029	2.265371	0.306516	1.164667	-2.882193	-5.097906	0.769825	0.056497	-0.892256	-0.577635	0.265687	-0.070910	-1.823142	-2.565290	0.871678	-0.717130	0.142858	0.595818	-1.381756	3.006470	2.351800	-0.274840	-0.329980	1.277967	0.453146	3.075798	2.629308	-2.164919	1.294582	-0.513133	1.718823
-0.979793	-4.165293	2.729589	-0.193058	1.655853	0.096244	5.877688	-1.432167	-0.538464	2.555274	-1.505177	-0.108124	0.533724	1.891674	-0.322597	2.563773	-0.454754	-2.993878	0.213921	-2.129331	1.543265	-0.489768	1.489024	2.490303	0.737361	-0.169135	0.660344	1.574045	-3.122339	2.115423	0.341192	1.944308	0.265893	-1.647939	-0.056931	-0.058490	-2.293245	-0.377865	-3.376812	-1.610501	-0.842561	0.879760	-1.233896	-3.299187	-1.408638	-1.178141	0.097417	-2.907525	-0.978288	-2.954963
-0.337971	0.205637	-2.389792	2.124020	-0.325207	-2.056246	3.250204	0.021553	1.212085	-1.393589	-0.596321	2.334598	-0.848403	0.851510	1.671423	-0.512483	0.659028	-0.632045	-0.708891	2.216838	1.088007	-1.206834	-0.311398	4.577259	0.257837	1.413393	-2.306538	-1.245639	-0.915127	-0.226821	0.491148	-0.383452	3.215505	-0.885622	-0.727939	-0.176996	-0.135804	-0.891107	1.270549	-0.364993	-0.668916	-1.996372	-0.202454	0.213283	-1.222862	-1.428083	2.181196	-4.039903	-0.438079	-1.710015
-1.962403	-2.144923	-1.831882	-0.434456	-0.622134	-2.173133	2.445181	0.157661	-1.953188	-3.173734	-0.189820	-0.957455	-0.382159	3.240024	0.089140	0.791135	1.934870	0.283517	-1.219481	0.265278	-0.513905	0.318891	-0.471349	-2.226399	-0.343955	-0.039172	0.958303	-0.601793	-0.949809	-0.063707	0.547410	0.136939	2.130034	2.764512	0.710076	0.614468	0.244597	1.269964	0.665344	0.852772	-0.876370	3.815109	0.126128	0.755901	1.005387	0.105949	-2.129068	0.575100	0.344315	-1.374362
3.313507	4.538037	-1.896257	2.458414	-1.274800	-3.279524	-7.829043	-0.254111	-0.830072	-2.456316	0.743557	0.692659	-3.658001	-1.603447	-0.517940	0.114680	0.376932	2.612190	0.878231	5.306359	3.947278	-2.059221	-0.165941	-0.002632	-0.005924	0.302228	-1.146120	-5.009603	-5.591518	0.078158	2.793619	1.290494	1.563287	0.298262	-3.966440	0.354740	1.831995	0.474958	2.291647	0.291097	1.867630	0.518006	0.346402	4.043915	-0.615829	1.007064	1.025082	1.282322	-0.890641	2.552141
-1.564580	2.314337	-0.144940	-1.722147	-0.405307	-0.323668	-1.013336	-0.090232	1.389404	1.992175	0.450122	1.055943	0.923206	0.219014	-1.467378	1.508739	-3.093730	-1.532038	-3.068219	-0.652157	-1.013749	0.778210	-0.398655	0.076243	-0.430580	1.110488	-2.441795	4.022277	0.091578	3.533130	-1.234197	1.890606	-2.005149	-0.647946	1.947282	-0.220419	-0.400412	0.195588	-3.035632	0.017888	-0.282740	0.370519	1.668050	-1.679529	-2.006274	1.565751	-1.649759	-0.905523	1.043819	0.003986
-0.724909	-1.446484	1.881249	-1.739149	3.008214	-0.458452	1.692067	0.379579	0.454736	0.509271	2.467396	3.286513	-0.437686	0.331633	-1.746859	1.123119	0.375656	0.443402	-0.249528	-0.786803	3.032084	1.097882	2.527348	2.623281	3.747135	0.747034	0.217374	-1.476954	-5.109123	-1.605115	-0.144927	1.262265	2.163148	-1.671968	-0.298490	0.188859	0.284887	1.522601	-4.965273	-0.879202	-0.942919	-0.886582	-2.344805	-1.460146	-3.569669	-2.832813	0.879778	-2.571370	-0.012944	1.268318
0.496466	-1.050412	1.099579	-2.136366	0.531738	0.277497	1.111429	1.798858	0.052401	0.421636	-0.388746	0.964554	0.152919	-0.119834	-1.138042	1.604082	-2.886495	-1.393262	-1.306190	0.413535	-3.659057	-1.414451	-0.574523	0.323311	-2.050441	-3.043427	-2.722456	1.477376	5.718774	-2.777044	2.011841	0.972160	-1.932137	0.723764	1.132672	-0.635491	2.559318	0.593611	-4.398118	1.822270	1.487470	-1.761518	-1.153600	0.343723	0.487220	2.149172	0.205638	-0.251980	4.164620	-0.924011
1.394279	-1.111406	-1.026528	-1.785575	-0.610261	0.046281	1.230464	-1.482186	1.383529	0.322995	-0.033617	2.946006	-0.170455	0.881045	-0.075217	-1.232941	-1.082866	-0.372223	-2.810797	0.478288	1.461745	-1.741833	-0.384732	3.291919	-1.087362	1.245821	2.084180	-1.157321	-4.003148	-0.748617	1.471020	3.395461	-4.000166	-0.904191	0.742852	0.996142	-0.562164	1.909069	-5.337243	0.777510	-0.701422	0.572203	-0.600760	-3.000574	-2.821470	1.509662	-1.783936	-1.756041	0.134682	-2.504088
0.034489	-3.373646	0.496464	1.060706	0.671126	0.334923	0.783699	0.503065	0.773506	-0.995802	-1.635936	0.414679	0.735518	-4.153354	2.192758	1.703497	0.447545	0.629247	-0.121519	0.828739	0.759686	0.245896	-1.060960	-1.174603	-1.504953	0.016983	-1.152819	1.759719	-1.040268	1.512497	-0.191637	-4.549012	-0.514180	0.700131	0.129756	-1.464106	-0.249754	-2.918520	3.553213	-1.353772	0.360993	0.167514	-0.733055	1.249236	3.016305	0.643938	0.651034	-0.620321	0.960755	-1.316934
1.051191	-0.163428	0.686806	1.428687	-1.233455	0.084958	-3.499823	1.181495	-0.873608	-1.497110	-0.184634	-1.391161	-1.006079	1.027681	0.695805	0.837309	-0.264305	2.448258	3.566789	3.904512	-2.278685	-1.436027	-2.270195	-1.911603	0.669478	-3.239144	-1.685511	1.325417	1.361700	-1.602532	1.387096	-2.144421	1.875416	-1.128403	0.490406	0.021269	-0.275456	0.667339	0.346880	0.631337	0.349701	0.902171	-0.341214	2.086761	2.939186	0.380613	1.132638	0.810093	0.125879	2.078229
0.662177	-1.946325	-1.752068	-1.597414	-1.454183	3.085542	2.654219	1.106386	1.450278	1.635412	-0.226054	2.120425	-0.318315	0.167481	-0.462286	2.383708	0.251200	0.487879	-1.120004	0.917798	0.802722	-1.000815	-0.181664	1.649273	2.627958	-1.511502	0.241853	3.038122	-4.398234	-2.447457	-0.324235	-4.164790	-1.497769	1.110284	1.758352	-1.273605	-1.412126	0.852741	-0.692194	-2.099261	-1.739694	-0.471372	-0.461661	-0.712965	2.268818	1.147532	-0.234542	0.329117	0.273856	1.129210
-1.216348	0.901134	0.743631	-1.016993	-0.853209	1.077666	0.675919	0.454424	0.016098	0.229745	-0.507396	-0.942550	2.090377	0.142586	-0.616755	0.284276	0.455733	0.260874	2.189973	-3.181582	1.094687	0.220189	2.081135	-0.572407	-0.850531	-0.283068	0.205323	-0.974254	0.434722	1.663727	1.328853	-0.866893	0.639606	-3.263959	-1.203400	0.171023	-1.928776	-1.319855	2.292266	0.127369	2.403456	0.562480	-1.949700	-1.200437	-0.174426	-1.528091	-1.049156	1.679865	-2.192702	-1.943354
1.437784	0.257933	-0.872385	-2.442425	0.115983	-0.422695	1.393819	1.181127	0.751557	0.234620	-0.772122	-1.489488	-0.718366	-0.329272	-1.095980	0.228083	-2.055383	0.058378	2.315731	0.533315	-3.354174	0.009031	-0.070935	-1.575256	-0.076586	0.388121	-1.521700	1.607446	5.406451	-0.640473	1.191303	-0.527616	-1.216530	-0.175357	1.121673	-0.213450	-0.728890	-0.411476	0.768292	-0.244039	0.051567	-0.585604	-2.691864	-5.171442	2.327146	-1.469687	-1.863859	2.066048	-0.840952	-0.841046
-0.094348	0.796318	-0.655043	-1.055984	0.788626	-0.708738	0.621775	0.772675	-0.925974	0.274210	0.962000	1.630905	0.183714	-1.508853	-1.020619	1.261691	1.682710	-1.810564	-1.054268	-1.921000	-2.156764	-0.415588	1.744415	2.675226	-1.548734	-0.963242	1.283701	0.792307	2.463413	-1.571336	0.057241	1.930474	-0.639497	-0.999156	1.124688	0.501805	1.169117	-0.318618	-3.864983	1.377842	0.114480	1.084046	0.121310	-1.501401	-3.397015	0.196626	-0.503136	-3.382156	1.511099	-3.267830
1.126281	-1.453361	-1.727384	0.563057	0.417016	1.359696	2.412932	-1.298872	-0.154657	2.869091	0.137649	-0.020071	-1.276316	1.152176	-1.458172	0.171304	-0.217591	0.488648	1.999289	2.915914	0.663917	2.405492	-3.078917	-0.012296	0.611056	-3.206448	-2.125122	2.137215	0.498241	-1.920119	0.126272	-0.535643	0.358454	-1.992822	1.730945	0.166127	-1.217717	-0.359530	-2.781486	-0.345598	1.068098	0.685926	-0.983715	1.841013	0.033491	-0.669230	-0.856420	-0.670258	-1.925639	2.742313
0.175631	-0.558333	0.130239	0.575543	0.314418	-0.584466	3.077105	0.239769	-0.577596	-0.030853	-1.524676	-1.314268	1.068930	1.387399	1.347400	-0.405070	-1.881397	-0.704909	0.680734	-1.168984	-0.779293	1.970166	0.159490	-0.769842	-1.007091	0.378621	0.733883	-1.042015	1.475047	-0.827041	0.247699	1.124096	1.298898	0.694255	1.179931	0.004789	-1.462978	0.153316	1.619201	0.554005	2.566492	1.330220	1.179736	1.123694	1.429586	-0.715424	-0.867734	-0.265245	-1.657011	3.071064
-0.526724	3.052907	-1.154438	-2.680485	0.073436	-0.261175	-2.634511	-0.124075	-2.950553	4.301230	1.755379	0.243481	-0.064136	0.097955	0.402865	0.768276	-2.741368	1.659872	-3.757425	-0.269765	2.727910	-0.401185	-0.089154	1.386986	-0.093043	1.356609	-0.282119	1.100993	-1.648347	-2.898612	-0.763160	1.342577	-0.218069	0.757230	0.825827	0.401185	-1.276404	-0.187878	-0.893885	-0.552502	-0.644796	-3.101523	0.446524	-1.977375	-3.391625	-1.390992	-2.675131	0.182193	1.259922	-2.110953
-0.795581	0.746590	-0.363884	0.537306	-1.106456	-2.709260	-1.138492	-1.382758	-0.256900	-0.502335	1.587845	-0.970496	1.000564	0.153320	-0.344675	0.386607	-0.943951	-1.370498	-0.131318	1.494106	2.488302	-0.742324	0.697137	-1.087656	-2.391491	1.500102	-1.509453	-2.580950	1.125612	-1.324624	2.337625	0.488516	4.669523	0.410201	-1.599288	0.431477	-0.737837	-0.748534	2.125318	3.385076	-0.121563	-1.185768	2.185773	0.645655	0.040627	-2.227441	0.049649	1.479708	0.382952	1.624324
-0.920772	-0.632424	0.818223	0.359893	-1.498723	-1.472271	-0.532963	2.562083	-0.472015	0.054559	0.618361	-1.415931	-1.667254	-2.121827	-0.008443	0.539821	2.234344	-1.792956	-3.739437	1.800683	-1.050919	-0.940028	-1.329148	0.192398	-0.444231	0.227746	-0.911517	1.564270	0.208952	-0.839309	-0.542155	-0.211737	-2.931524	0.040437	1.981961	0.423775	0.306667	-0.072087	0.072620	-0.310445	-0.246579	0.587941	1.625553	-0.921931	-0.360677	1.128865	1.595962	-0.451568	3.100173	0.071573
-0.555492	-2.134575	-1.465254	0.993769	1.557151	0.653346	4.989647	0.838354	-0.380652	0.505527	0.367363	1.380842	-0.083776	1.422744	1.116832	3.219810	-2.561917	-0.610536	1.340689	0.368429	-1.713429	-0.736020	1.319171	3.394941	1.163432	2.761496	-1.601531	1.833342	0.781486	3.291367	-0.918691	-0.285790	-0.391781	1.716894	1.657960	-0.026942	-0.516384	0.459749	-3.432887	0.635560	0.428900	1.009829	-0.953224	0.884686	-2.747531	0.253255	3.662971	-2.697612	-0.066681	2.738183
-0.563621	1.845102	4.835949	1.458030	0.936131	0.676780	-2.314167	-0.674522	-0.964171	-3.071896	2.542312	2.104250	-1.255825	2.234918	0.941962	1.361373	1.065699	1.011904	-2.615068	1.545769	0.818228	0.201486	-1.284225	1.411278	-2.564263	-2.016528	1.163238	-2.644516	-1.442989	1.105586	2.134009	0.892638	2.747468	-4.886558	-1.680912	1.990074	1.404626	-0.083283	0.598230	1.902819	-0.606166	0.919763	-0.011954	1.687102	0.669491	-0.226665	0.917199	-3.181764	0.095661	0.257324
-0.755055	-0.608759	2.737322	-1.728709	-0.092168	0.234216	0.243158	-1.586694	0.424776	-1.249172	0.659857	-1.279946	-1.204415	2.088974	-1.256285	-0.908181	2.753141	-1.941949	0.435631	-2.811732	1.366344	0.453919	1.842066	-1.982914	-4.049246	-3.174511	-2.024838	-0.520810	0.245328	-1.337476	1.018376	0.886757	-6.698936	-1.666956	-0.167365	-2.023292	-1.483052	-1.492706	-0.955364	0.769485	1.172962	4.059724	-2.256447	-5.409887	-0.398763	3.535125	-1.685348	1.222674	1.118381	-3.633454
-1.025722	-1.839603	1.641260	1.479249	-0.159329	-2.133560	3.901916	-0.240111	-1.040281	0.313676	-1.819803	-0.105675	2.973423	-1.801557	-1.941365	-0.733373	-2.557299	-0.159867	-0.555906	-0.666711	3.173880	-0.200868	1.272377	-1.857153	-1.255008	-3.395166	1.024721	0.323850	-5.573317	0.810900	2.845737	-1.530799	0.010207	-0.342372	-2.017417	-0.481540	0.402715	-1.270894	1.131582	-2.361414	1.830280	1.519157	0.521025	3.906062	0.977438	2.123743	1.003089	-1.731748	0.034962	1.243148
-0.711285	-0.524117	0.821674	-3.936219	-2.427917	-0.187132	5.874356	1.107714	-1.027458	-0.837152	-0.470850	-2.187323	0.628466	-1.929499	0.380603	1.139954	-0.156789	-0.806968	4.315028	0.338519	-0.234103	1.100948	-2.487662	0.811972	2.112749	0.236764	-2.172836	-0.048503	-2.187482	-0.984206	-0.178800	0.710986	-2.991685	-0.689023	0.574715	2.594068	0.669593	1.558791	1.119288	-0.285155	0.777701	-0.731702	1.865147	-5.248552	1.181573	1.066008	1.597397	-1.199093	-0.959393	-2.020897
3.495155	-0.249552	0.889332	2.318771	0.627681	-0.870602	2.974369	-0.796001	2.815626	0.168342	1.321860	2.181750	-0.370612	0.075860	-0.986318	-0.199958	0.983120	1.617696	-2.358308	2.096524	3.914993	-1.911777	-0.727897	1.823519	-1.500703	-0.543107	-2.189696	-3.736395	-1.720352	2.110226	1.183014	1.206026	-0.858750	-0.942729	-3.529883	0.643281	1.594261	-0.012315	1.788728	-0.321709	0.174280	0.692008	-0.147156	0.581050	1.838088	2.006531	0.738308	-3.565146	1.348991	0.325263
-0.570037	0.880461	0.610821	1.800974	-0.399789	2.324978	2.394767	0.520108	-0.648011	0.072024	-2.465063	1.844062	1.724922	-0.883754	0.810022	-0.145138	1.886057	-0.621813	1.784091	-0.241112	0.193066	-0.126840	-0.566156	-0.325367	-3.448690	0.856735	-1.784731	-0.062527	-1.255833	0.246441	-0.864676	-3.474314	0.116439	-1.320574	-0.101721	0.799547	-1.470163	-0.871853	-0.621452	1.090623	-0.182523	0.839276	0.085776	1.349675	2.214454	0.528499	-1.359525	-2.454366	-2.620141	3.025754
-0.038875	3.432952	3.267606	-0.619594	0.408493	-1.113807	1.508905	0.035520	-0.887362	-0.747689	-1.445860	0.232295	1.071694	1.166872	-0.390484	1.355724	0.329511	2.912472	-1.880354	0.159236	-0.628574	1.366918	0.157623	-0.845702	-1.947369	2.130558	-2.308303	-0.300344	3.121997	0.477209	0.578285	2.173414	-2.565347	-2.042872	-1.185140	1.713413	2.566080	1.516927	0.887624	2.755887	3.944743	2.361362	-0.203372	0.655527	-1.189963	3.393972	-1.500731	-1.163993	1.412096	0.739437
1.549063	0.232371	1.379739	1.273585	1.123752	-0.836808	-1.370536	1.660683	1.425890	0.898875	-0.952140	2.519078	-0.046437	-0.618629	-0.505816	0.714428	2.159036	1.001134	-2.118642	-2.034613	-0.152154	0.609453	0.750810	-0.137617	3.170212	-1.876471	1.784932	-0.566684	-3.453820	0.687612	0.169543	-2.675872	-0.730786	0.442062	-2.555717	-1.287201	-0.686633	0.802935	2.294103	-2.760853	-0.797635	0.406878	-1.998272	0.058972	4.149270	0.547136	1.773595	-3.016181	-0.119965	1.420509
0.325244	-0.561816	1.014493	-0.974695	-0.065107	2.778026	1.085012	0.524114	-2.867114	0.068411	-1.461844	-1.437567	0.196545	-0.330624	1.316813	0.177580	-2.917687	0.201804	0.405996	0.244153	-0.059737	1.452438	-0.872692	0.653719	0.912698	1.137844	1.434592	-0.581246	-0.741537	0.225315	0.038908	-1.733546	-0.462486	0.639707	0.757759	-1.030906	-1.190528	1.298504	3.938222	0.216745	0.228002	-3.209972	-0.712562	0.856877	0.841136	0.646016	-1.051748	-1.292713	-0.669446	1.838291
0.785942	1.719370	4.310877	1.122859	1.696419	0.759783	-3.623546	0.357480	1.615335	1.818668	-0.968133	-1.131184	-1.854007	-0.984501	1.153162	-0.990792	-0.635752	0.870604	1.352823	0.282811	-0.379437	-0.066919	0.029683	-4.305419	-3.116205	-1.658089	2.289212	0.613855	0.064349	0.242853	1.375816	-1.461915	-1.339501	-0.628101	-1.263806	-0.434953	0.793910	-1.732775	1.619423	0.914289	-1.278090	0.644473	-1.564993	-0.542980	0.304805	-0.111384	2.815898	2.931237	0.336017	-1.403172
0.402842	-1.459611	1.729917	0.881194	0.914431	2.412962	1.405869	0.012871	0.181519	1.351527	-2.077623	1.194693	-1.070752	-0.037453	-0.096680	-0.913331	-1.466501	-0.825077	-1.226762	2.103822	0.453182	0.170698	0.326214	1.641460	0.780807	-4.382558	-2.553079	-1.986583	-0.544182	-0.861559	0.350671	1.288829	0.401298	-2.527004	-3.681095	-0.378739	-0.759042	-1.104072	1.421636	-2.280794	1.015107	2.553767	-1.675491	3.946854	1.360200	3.580424	-1.558650	-1.197503	0.188218	3.976984
-0.075746	0.200184	0.275299	1.717316	-4.207616	0.842570	-0.599595	1.948321	1.127420	2.405877	2.465974	0.299485	1.321231	-2.324523	1.149019	-0.911046	-0.147362	-0.232519	-1.146857	-1.592374	1.767865	-1.935719	0.759190	-3.611721	0.061452	0.981092	2.914993	-3.117993	-2.999520	2.240659	0.925759	-1.760292	0.913030	-1.105327	-3.359986	-0.035166	-0.041691	-1.078646	4.453668	-1.105576	2.091046	3.353808	-1.298904	2.699543	3.249175	0.406278	0.066395	3.211017	0.551653	1.147874
0.677953	-0.974715	0.209454	-0.043684	1.719240	-1.532036	-0.709925	0.893651	0.776480	4.969451	0.703762	1.525143	-0.617297	-3.401994	1.086773	-1.750744	-0.071240	-4.925278	-1.680190	-0.477366	1.226326	1.617766	1.547866	3.408730	2.074097	1.119139	0.918852	0.130605	-2.481743	3.151694	-0.855257	-0.915996	0.946730	2.360218	0.045442	-0.850675	0.579116	-0.405194	1.376517	-1.708348	0.986220	3.473707	0.252408	0.895174	2.757331	-1.873810	0.017874	-2.902792	1.425851	-0.501724
-1.734806	-3.713982	2.152100	0.473701	-0.953284	-0.021774	4.096552	-1.219678	-0.906272	1.982387	-0.859022	0.130387	2.721419	1.507138	0.006007	-0.860253	0.277272	-1.426029	-1.514532	-1.914023	0.930868	0.799029	0.412253	1.241549	3.088265	-1.932077	-1.125913	-0.402540	-0.129912	-0.122064	-1.666002	-0.460253	4.059910	-0.628476	-0.702340	-0.781834	-2.306849	-0.784965	0.798092	-0.558599	0.055990	-0.873830	1.240220	2.695336	1.794632	-2.716575	0.350698	-1.026191	0.126749	2.424367
-1.050500	-4.387120	-0.968210	-0.886323	-0.160039	-2.297462	0.142661	-0.235886	-2.418183	0.363830	2.249703	-3.892953	-1.822735	-2.759515	0.623424	-1.924076	-0.101616	-1.785377	0.390820	-2.774448	2.696611	-0.322205	3.009549	-2.072295	3.149881	1.270462	0.628231	-1.598746	-2.348455	-3.337663	-1.657178	3.483201	-1.606082	-1.870888	-1.715025	0.646941	-1.978209	0.525360	-0.847101	-0.966580	-0.227893	0.919603	-1.561463	-1.012666	-5.186142	-0.694639	-0.397817	2.550682	0.291712	-2.080186
-0.812341	1.519147	-4.588887	1.285901	-2.212056	-1.583338	-3.705540	-0.236914	1.423204	1.680545	0.901674	-1.752743	0.917432	0.277944	0.008399	-1.018194	0.664011	-2.009564	-1.003037	-2.787839	0.703754	-0.958010	2.765445	-3.922125	0.201808	1.126479	-0.666919	-0.609330	-0.787949	1.883369	-1.942178	-0.211507	0.641259	-0.737443	-1.647508	-0.945932	2.388502	-1.947753	1.010437	0.960169	-1.031717	-1.913314	-3.822057	-0.194048	0.567550	-1.924480	1.725007	3.976425	-0.457853	-2.608639
-2.564988	1.165815	0.395993	-0.181441	-0.885277	-1.083861	-1.418368	-0.921631	-3.184217	-1.868924	0.616144	0.815446	-1.661676	0.558634	-0.092736	-0.683422	1.149327	-0.837054	-4.204014	1.158012	-1.088939	-1.843533	-0.035064	-0.585428	-0.132105	0.185472	-0.104348	0.998497	4.795889	-0.741338	0.622655	1.207231	-1.378947	-0.911300	0.895535	0.410800	2.593642	1.068480	-2.883460	2.053601	-0.525502	-0.615320	0.006361	-0.721685	-0.209672	0.847915	0.904746	-0.115059	0.461706	0.734507
0.719187	0.168786	-2.691314	-1.117788	-1.233711	-1.372151	0.018226	2.968191	0.639450	3.661647	0.494265	0.409206	0.143394	-2.246089	-0.318660	1.185248	-0.702191	-3.919025	-1.002479	-1.574826	-0.617379	1.171197	2.438213	0.682445	2.168628	-0.210435	0.924464	-2.185355	0.514229	0.838979	-0.487403	2.212022	-2.624164	-4.112553	-0.472279	-0.116432	0.859980	1.761425	-3.655488	-2.161006	-0.648891	1.138736	-2.946805	-1.310832	-1.395004	2.731413	-0.228523	0.029626	3.165702	-0.675613
0.519101	3.281436	0.049102	-1.195117	-3.960055	-1.262256	-1.868222	0.070999	1.060705	-1.018358	1.074114	0.935111	0.510792	1.393313	1.455790	-1.208293	-0.339662	-0.225979	-0.723988	2.089093	-3.539978	0.367086	-1.454838	-2.327067	-0.725336	-0.020496	0.194799	1.307255	0.627184	3.398704	-1.066748	-2.253852	-0.570954	1.251120	1.503918	-0.317759	-0.958506	-0.354742	-1.497781	-2.354802	1.960688	1.909119	1.187079	-0.210058	4.114883	1.183612	-0.748575	-0.201050	2.651750	-1.228482
-0.980323	-0.174700	-1.780299	-1.342954	2.022327	0.720070	0.482245	0.870304	-1.096001	-2.879709	1.673543	-1.405458	0.777620	0.366736	0.582663	0.491688	-1.616525	3.068130	1.672027	-0.234221	-0.926530	1.215987	-1.322498	-1.533519	0.563654	-1.873434	1.465476	0.459064	1.985112	0.221001	-1.089493	-0.142873	1.289080	-0.492279	0.404203	1.035949	0.395056	0.340745	1.377874	1.694092	0.539039	-1.350028	-0.155855	-2.756573	-1.267479	-2.308166	0.396421	-0.052212	-1.307447	0.368002
0.869999	-0.760829	2.692164	-0.056369	-2.442132	0.769735	-2.185377	0.037849	1.817830	0.210016	0.057568	1.261313	0.002660	-1.200295	-0.722870	2.313017	0.508527	-2.777998	-2.358150	-0.798917	1.406042	-0.276374	3.255289	-0.818904	-4.173949	1.823542	-0.579277	1.621853	-0.677542	0.656561	-0.969022	-2.406962	-0.065216	2.669590	-1.039882	-0.269174	-0.143416	-2.212080	-0.329176	1.207930	-0.783609	-1.514932	0.398692	2.190815	1.550177	1.541612	2.262693	0.106931	2.513957	0.966851
2.047621	4.035132	0.922121	0.991568	2.331931	-0.349266	-1.942902	-0.309146	-1.012749	-1.921515	-0.275083	-0.721024	-0.481700	0.649518	0.078098	-0.445414	1.726690	0.593554	4.380040	0.775607	0.631627	0.290145	0.596743	1.930935	0.552192	0.285391	-3.417445	-2.584032	0.971272	0.867726	-0.577131	1.785998	1.409404	-1.827697	-2.234065	0.771104	-1.580827	-0.142819	1.996575	0.354139	1.698504	4.146239	1.062927	2.320844	-3.294340	-1.309150	-1.928259	-1.261486	-1.281493	1.755003
-1.298073	0.003153	3.101991	-0.878991	-1.122256	2.133597	2.117425	-0.274234	-0.826126	-0.982495	-0.372475	-0.051599	1.070645	0.828721	0.527368	-0.778445	-0.637371	0.930670	2.813982	2.743805	-2.736273	-0.763841	-2.046996	-0.366254	0.904987	-0.095747	-2.885002	2.686886	3.523613	0.843637	-0.703337	-1.772340	-1.297143	0.865400	2.729953	2.325529	0.696158	1.486084	-3.461836	0.278262	-1.754986	-3.626654	1.193943	-0.358017	1.033674	2.054147	-0.472993	-0.205075	-0.846081	-1.194829
-0.166426	-1.015629	-1.006874	-0.554794	-1.409004	0.184463	-0.195306	0.233962	1.384471	-0.533116	1.300252	-1.570582	-0.429485	2.060918	0.164291	0.765528	-0.058680	0.425292	-2.351636	1.936808	-2.677838	-0.277279	-1.516893	0.178964	0.872872	0.917554	-1.272297	0.648714	5.287407	2.280558	-0.397439	-1.316336	-3.313761	0.208238	1.139950	-0.562177	-0.422766	0.488308	-0.833330	0.626375	0.802891	0.705128	3.146007	-0.236320	-0.109349	1.701435	-1.509426	1.340470	2.212255	-0.459983
2.091380	-1.207814	-0.758043	0.277192	0.824604	1.488762	-0.231930	-0.348396	0.504822	-1.716606	-0.051934	1.429210	-0.194652	1.249519	-1.393392	1.274352	1.196151	-0.761410	0.697274	0.126892	0.719308	-0.595346	1.070359	-1.087833	-1.104566	-3.803580	-1.119142	-0.694212	-0.893200	3.128255	-0.778525	-0.378382	0.869380	-1.588291	0.813569	0.285375	0.644050	0.136358	-0.891308	1.020954	-0.701902	0.170547	2.255049	2.276217	0.514744	0.252296	0.842434	-0.107524	1.074772	0.123040
0.115327	0.685805	1.002663	1.531511	1.625455	-0.947508	-2.105971	2.110469	-0.036534	1.773371	1.141013	-1.250416	-0.118687	-0.169772	-0.166627	2.071561	-0.470583	3.022278	1.809249	1.564007	0.692760	-1.882404	-3.228614	-2.237148	-0.340536	-3.394059	-2.423979	1.640205	1.336236	-1.297828	-0.675634	2.772900	1.858838	0.141028	0.578685	-0.174719	-0.733417	1.125811	0.749761	1.555207	-0.013397	1.250337	-0.865989	-0.194887	-0.115038	-0.472771	2.560570	3.271709	0.972579	0.711417
-0.188671	-1.871479	1.367652	1.330808	0.911612	-1.691543	1.483844	0.424392	1.195308	0.554814	1.278462	2.161134	3.745827	0.283463	1.268022	1.632002	0.726316	2.235700	-0.145585	1.473896	-0.033316	-0.907690	-2.703729	-1.693363	5.124768	0.964707	-0.320046	-0.838818	-0.349819	4.854348	-1.338214	0.111861	0.794415	1.274815	-2.176377	-0.142763	-0.735907	0.575980	0.472052	-3.290774	0.595299	1.024278	-2.307360	0.838699	-0.524876	-1.072652	0.418902	1.271390	-2.094283	2.528700
2.478229	0.653995	-0.389146	-0.379243	-1.031185	2.495520	0.547675	1.208267	-3.017332	-0.858063	-3.283892	-1.593123	-1.822029	1.060234	1.972499	0.971833	-0.829498	1.251566	3.821285	2.417386	-1.222765	2.662262	-1.313414	-0.285323	1.778338	-0.920633	-0.711492	-1.854792	-0.262538	1.456543	-1.087085	1.976417	0.108475	-1.723077	-1.089925	0.589828	0.465303	0.790678	0.990886	-1.163585	0.890767	0.383521	-1.971677	-0.927866	-1.990739	0.324294	0.327580	-0.330873	-2.000744	-2.316573
1.947676	1.195693	0.627201	1.114480	0.024546	0.372952	-2.115051	0.115368	0.538205	0.560497	0.492097	0.360109	-0.262604	4.661918	-1.364056	2.508003	-0.692172	2.487084	1.579202	-2.801737	2.484591	-0.236432	0.431870	-2.132956	-0.438707	0.925570	2.272584	-0.377779	0.503202	-0.009866	0.548984	-3.421247	0.367131	3.574224	-0.683705	1.302834	1.132857	-0.069738	2.803737	-0.581940	0.903430	-0.228639	-2.048086	-3.255606	1.982416	0.770310	0.322324	0.710958	-2.277288	-0.040853
