X6	X36	X13	X10	X41	X48	X9	X43	X31	X2	X35	X50	X27	X3	X12	X38	X29	X18	X11	X1	X25	X22	X17	X32	X28	X21	X23	X16	X7	X46	X34	X33	X39	X40	X37	X44	X5	X4	X47	X24	X45	X42	X14	X15	X26	X30	X19	X8	X49	X20
-0.526422	0.790016	0.434198	-1.608815	1.357829	-2.849284	-0.576981	3.453573	-0.314751	1.941137	-1.491395	-2.396699	-0.018305	1.298598	-0.266287	1.883003	1.140006	-0.617505	1.689783	-0.416555	2.170458	0.142020	-3.040559	0.659593	1.410942	-2.196136	1.938488	1.583371	1.363321	0.088745	2.955890	1.013029	-2.787235	-1.859936	-0.951099	0.294194	0.467636	-3.672281	0.220729	-0.899905	-2.437333	-3.060975	0.863379	4.033151	0.786981	0.183705	2.071924	-0.117722	1.457316	-1.391414
-0.040003	1.820878	0.655062	-2.258164	1.600185	-0.858536	-0.014909	2.041722	2.816071	0.775901	1.969456	0.820965	-2.763302	-1.480474	1.004626	1.236480	0.290374	1.879189	2.494998	0.123728	-0.080844	3.251162	1.392551	0.346174	-1.195557	1.191534	-1.021974	-3.487339	2.180635	-0.193904	-0.552806	-1.752826	0.136328	-1.823181	1.680218	0.999495	0.424741	-4.306658	-1.649059	2.529787	1.446401	-1.911729	-0.177712	-2.289205	0.148139	-3.481998	-1.628668	-0.370410	-0.230522	-3.406469
-2.308901	0.196050	0.519853	-1.071505	1.352152	-0.057758	-0.760468	1.195993	-1.276137	-0.414005	2.257133	-3.661471	2.945107	1.491534	0.367362	3.341890	-1.710807	-0.749848	1.680099	0.353678	-0.989425	0.061073	-0.513928	0.654297	0.904417	-3.402160	0.020638	0.875151	-0.779995	1.199387	-0.297249	0.064477	-0.747833	-0.712435	0.817074	0.827945	-0.209094	0.336713	-1.644056	0.376261	-2.787785	-1.294948	-2.566666	-1.454983	2.722353	-0.674139	1.256981	-0.160043	0.700318	-4.248558
1.285005	3.636273	1.349168	-0.313726	-1.038776	-1.958904	-1.077570	-0.750715	1.945996	-0.445101	0.918965	-1.491790	2.884747	-1.367410	0.181525	-3.218470	0.167607	1.552774	-1.244722	-1.607598	-1.681240	0.131067	2.102768	-0.331883	-0.501730	-1.016257	0.823788	1.167848	-2.428553	-0.015017	-0.871619	0.071697	-1.005776	-0.083781	3.072024	0.236919	-2.187009	1.627171	-0.016012	-0.005798	-0.888764	1.063746	-2.783580	-1.433302	-1.771110	-0.810925	0.575822	0.295398	1.770896	-1.618874
-1.373307	0.779810	3.643691	1.617594	1.715260	-1.188891	2.726195	-0.447223	-0.627225	-1.029371	-0.593846	1.110427	0.030285	-0.656227	0.175456	2.892570	-0.145255	3.306629	0.093962	0.357027	0.414220	1.339363	-0.192961	-1.175608	-0.908215	-0.650568	-0.046912	0.177645	-2.319833	-0.867119	-2.954024	-4.250921	1.272613	0.824761	-0.740363	-1.156667	-0.350043	-0.134670	0.140950	-1.796263	-0.586377	-1.498333	-2.293808	0.445663	-0.076677	-1.171280	0.290370	-1.555983	1.944983	1.565422
-1.804877	2.360365	-0.589162	-2.705821	1.339864	-2.385401	0.574569	2.516598	0.776512	-1.225615	2.182014	0.333453	2.644637	2.566208	-0.726839	-0.778936	-0.802220	1.928062	1.464052	2.955961	-0.915427	-1.427933	-4.754826	-0.064784	-0.209498	-0.634121	1.945174	2.828815	-0.928416	-0.012308	-1.238826	0.651605	-0.538233	0.742219	3.117884	-1.961283	-0.363464	-0.523130	-0.855984	-0.999054	-7.062207	0.484523	-3.645417	4.255907	0.424978	0.240341	-0.455223	-1.239143	-1.819915	0.878990
-0.818211	0.178800	2.604306	-2.006396	-4.483618	-1.985989	0.669743	-1.588099	0.064710	-2.765854	-0.387792	2.946367	-1.811309	-1.708785	0.234696	0.957930	-3.354338	0.573512	-2.072358	1.531656	1.605754	-2.766499	-1.050844	0.553908	-3.264823	3.611793	1.004952	-1.628582	-1.254493	1.131066	0.397044	-0.893405	0.859304	1.123562	-1.630869	0.137439	0.302765	3.530092	-1.948180	-0.556751	-0.268840	-2.148666	-1.441275	-2.196243	-3.034650	1.503230	-0.504606	-1.717157	0.211631	3.018951
1.131151	0.396641	1.080484	0.339083	-0.213063	-3.621291	1.542943	3.882867	-0.455555	0.081894	0.281563	1.076809	-2.274305	0.868207	0.970243	-0.794707	0.060014	-3.162365	0.085527	-0.944790	0.000914	-0.025996	1.333935	1.450054	-2.036975	0.726906	1.406261	-3.044019	-0.429537	-1.175081	-2.847205	0.257988	2.364026	-6.526778	2.665034	-1.204886	-0.835761	0.014077	1.279748	1.189943	1.822071	-1.331208	0.313495	-2.325630	0.705541	-3.447992	1.002171	-1.406107	-1.737968	0.888742
-1.213577	-2.351356	1.759032	1.606268	-1.141104	0.591122	0.664986	0.834376	-0.943859	0.050340	-0.213311	-1.676005	1.792740	1.047421	-3.220332	-0.755349	0.891664	-1.908600	-0.813849	0.417732	0.931383	0.055275	-3.767781	0.137475	1.026733	-0.012095	-0.434004	1.571593	1.707801	-0.865089	-2.477954	-2.174763	0.876603	1.309710	-0.966024	1.069090	-2.169836	-1.030156	2.025358	-0.396884	-3.141220	-0.165939	0.883267	3.690720	0.084336	0.375857	-0.521983	-2.514441	0.290824	3.028819
-0.436061	-1.221491	0.252470	0.277106	-0.418560	3.179314	0.737753	-1.546557	0.540702	-0.278346	0.737680	-0.086660	1.818463	0.494435	-2.236204	-1.185158	-4.020531	-2.247508	-0.157279	-0.639548	1.101856	-1.697111	1.502001	-0.898412	-3.295414	1.729626	0.972616	2.297192	0.927689	0.993465	-0.565012	-3.148636	-1.243965	2.659860	0.882397	-1.385476	-1.623742	-0.743947	0.637224	-0.518098	1.908158	2.144337	0.167350	3.172216	-0.725498	1.047589	-1.060826	-1.673623	1.385876	1.098577
3.066068	-1.313551	-2.030444	0.527978	-3.006270	-0.047651	1.289888	-0.143100	-0.972155	-0.968074	-0.054165	0.532573	1.504322	-0.132363	-0.085848	0.094274	1.959644	-4.473267	-4.111876	-0.149000	1.525631	0.102754	0.704119	-1.351159	1.321108	1.021345	-0.186405	0.082901	2.139839	-0.421201	2.409898	0.900786	-1.046006	0.194124	2.010823	-0.686839	-1.108294	-0.014318	-0.927970	0.090739	-0.217326	-1.625379	0.416875	1.686089	-1.385674	-1.951647	-0.302266	-1.604674	-2.212310	0.514142
3.980631	0.252387	1.987612	3.868349	-0.011570	0.026532	-0.311844	3.156462	0.833481	-1.352320	0.926443	2.668178	-3.145253	0.492733	3.642670	-1.722130	1.275261	-0.900297	-1.271943	0.752536	1.694651	0.449557	-2.012418	-0.132213	1.425853	-1.168871	-0.406799	-2.019474	-0.359598	-1.665101	-1.337152	-0.512410	1.923665	-2.147083	-1.368790	-0.470965	2.761082	1.631881	0.317863	0.202405	-0.600677	0.416513	0.782160	-3.105077	1.701240	-3.232428	0.951220	-2.537544	-2.787762	1.450037
-1.421418	-1.692152	1.250508	1.501924	-1.102000	0.134834	0.318742	-0.579757	1.093710	-1.807079	0.981629	0.045079	-2.243472	-2.138401	-0.965849	-3.987947	2.286093	-1.020355	-0.916125	1.045480	3.146574	-0.047926	1.124579	1.174615	0.719891	-1.183826	-0.423216	0.414585	-0.048310	-0.762383	-0.696332	-1.768353	-1.133516	2.676372	-1.935811	1.558861	1.303190	-0.956404	-2.005742	0.799594	4.620549	3.501710	2.734911	0.831504	-0.301553	-0.427044	-1.269958	0.141567	-3.551112	1.959292
0.696631	0.217267	0.387433	-0.766924	-4.089980	-0.474028	-0.155570	-0.644171	-0.033488	-0.655259	-0.988421	0.941581	1.681198	0.877002	0.845195	0.393953	-0.468456	2.005814	-1.173257	0.425400	-1.824144	-1.894406	-0.837582	0.049057	0.665627	-2.167717	1.046127	3.181919	1.487665	1.179119	-0.505417	1.311764	-1.068083	2.283937	1.325304	0.447954	1.581403	0.727488	-1.673589	0.074638	-2.142270	1.425343	-0.435512	3.947486	0.581295	4.209679	0.161532	0.401082	0.578894	0.515594
0.084618	1.895772	0.776181	-2.239993	5.876010	-0.684381	-1.131653	1.441112	1.655752	1.033062	1.484646	-3.217206	0.164432	-1.560688	-3.454826	-0.631616	2.350340	-0.885098	2.787779	-0.181089	-3.089860	2.061357	0.262090	-1.735173	2.201459	-0.933873	-0.308249	2.080781	0.341110	1.897744	1.278347	1.752010	1.524653	1.049299	3.873137	-1.120317	-2.235502	0.977321	-0.833621	-2.295306	-1.907547	0.178469	-1.282309	-1.911628	1.559889	-1.480010	-0.769876	1.094391	0.166379	-1.279640
0.386981	-0.435289	0.889490	1.207748	-3.206282	2.494706	-0.090313	3.895508	1.262882	0.427807	-1.052798	0.285364	1.424786	1.009141	3.647918	-2.806630	-0.653382	-2.395146	-2.514197	-0.132689	-0.116993	1.515968	0.505266	0.683846	-0.023670	1.878245	-0.374122	0.329885	-0.788465	-0.872431	-1.468377	1.600659	-2.429559	-0.769478	0.241539	-0.193272	0.013934	-1.738579	0.094529	0.927555	-4.438702	-0.764666	-0.019637	2.001738	0.220865	-2.696917	0.042024	-3.282334	-2.303942	-1.176692
-1.342463	-1.933676	1.314670	5.481329	-3.316783	0.275601	1.301916	0.367687	-1.402707	1.887703	-2.162654	0.550872	0.215326	1.922082	-1.237359	-0.728428	1.610557	-0.894243	0.058482	-0.260488	0.190898	0.118144	-0.160772	-2.633466	-0.150472	1.688460	-1.997815	0.139244	-0.515033	0.899759	0.349472	-3.932308	-0.740223	0.249317	-3.326487	0.000289	-0.680407	-0.174437	-0.648469	-0.416148	0.768568	1.144527	0.582808	-0.225619	-1.235779	0.857824	1.262926	-0.693197	-0.785273	-0.457098
2.505437	1.489980	1.074215	0.005738	-8.897873	-0.518629	-0.274098	3.665656	-1.489519	1.125505	-3.126038	-1.750137	-0.883699	-0.001026	-2.171027	-0.955761	1.664633	-1.892016	-2.257811	-0.102579	1.456201	1.814582	1.676485	2.202488	0.449058	0.181045	2.303629	-1.456595	2.120526	-1.562300	0.855959	-2.416666	-2.912002	-1.791546	-2.319787	0.879090	-2.138286	-1.430479	2.143839	1.307535	1.129792	-2.733183	0.152096	1.029454	-1.098895	-5.468380	1.650121	0.728213	-3.464129	-2.443681
-0.654696	0.738416	2.306973	0.303751	-3.517254	-0.322005	0.221605	-2.247850	-0.770034	1.626001	-2.712320	0.359815	4.357695	-0.122825	-1.388356	0.282857	0.155513	2.136564	-4.627984	-1.579301	-1.007800	-1.744406	1.796677	-0.584058	0.781188	1.294673	0.547339	3.085077	0.928895	0.038005	0.189867	1.770315	-1.146482	1.908090	-2.122564	1.165564	-0.038439	-0.218816	2.917847	-0.466377	-1.577351	0.626218	-2.265523	0.704541	0.225708	3.424350	0.330075	0.903141	-0.931025	-0.862336
2.212279	-0.636293	-3.633094	3.593005	-5.825547	0.358820	1.517106	1.502492	-0.747617	-0.400533	0.000698	2.379044	0.437505	-1.180169	0.542733	-3.388958	-3.005661	0.296272	-2.125093	0.001244	-0.244368	0.389495	-0.567218	2.024460	-2.018939	4.375659	1.703718	-0.422805	0.130196	-1.368012	-0.749315	-1.408790	0.912334	-2.307939	-2.416787	-1.459893	0.581251	0.331386	-0.168522	-0.491793	-0.199643	0.882184	0.149340	-0.291263	-1.252364	-0.865721	-0.659289	-0.163774	-0.498468	0.023826
2.273098	1.086130	-1.705572	-2.245267	-3.018139	-1.074475	-0.982155	3.278380	1.395609	-0.585725	-1.039698	3.343824	5.228918	-0.256768	-3.101589	0.944751	1.747425	-4.009504	-3.342792	0.589489	0.944185	-0.207281	-2.480193	0.173548	1.389664	1.563042	2.513732	2.923182	-0.044514	0.965180	1.075966	0.525139	2.413807	2.787279	3.583624	0.904056	-0.174523	-1.824287	-1.895441	-1.149402	1.041889	-2.358003	3.222747	1.655237	-0.598805	0.479161	-0.077127	-1.172856	0.417466	2.790616
-2.899913	1.017319	1.986362	2.831718	3.948701	-2.733303	0.429228	-0.654288	0.317992	0.880706	0.498349	2.019336	-1.071429	-0.654650	-1.209176	2.204080	0.459558	-1.539055	1.646043	0.121124	-1.113080	0.015960	1.485532	-1.188963	1.674722	0.816168	-1.953591	-0.841070	-0.126376	-1.224976	-0.486138	-4.174986	0.093994	-2.330588	-3.952305	-1.247552	0.495842	1.386530	-0.517202	-2.091822	-0.742053	-3.762508	1.823136	-2.199036	-0.219548	-2.267636	-1.457678	-1.409772	2.050936	0.105317
-0.247734	-0.254874	-0.517713	0.153255	7.380644	4.998815	0.194798	-3.069718	0.967519	1.202493	2.166163	-3.338228	-0.180344	2.169682	1.377190	-2.105717	-0.038181	-3.452102	5.712634	0.510896	1.489058	0.410494	0.701699	-1.984752	0.455131	-0.758048	-0.334807	1.017359	-0.689701	0.729851	3.654257	-0.622856	-0.109860	3.654168	-0.215589	2.867358	0.069677	-0.852402	2.135614	-1.769045	-0.889288	6.960349	2.120238	1.587054	-0.701444	3.495300	-0.313232	-0.317959	2.528523	-0.498886
0.075442	-1.289974	-1.095617	2.563067	-2.000132	0.196809	0.511945	2.275837	1.734560	1.595932	1.767812	-1.424296	-0.323629	-0.561811	-1.999994	-2.092989	1.241112	-1.392873	0.432629	0.684751	0.351733	-0.402274	0.795032	0.830042	1.072948	0.419146	0.319426	-1.205759	0.498758	0.257960	0.336048	-2.684315	1.476200	-2.162652	-4.282306	2.387142	-0.046382	3.042637	0.485738	1.781118	0.613700	1.249231	1.159410	0.224037	-1.449985	-3.319628	1.033970	0.210688	-3.343387	-0.299045
0.640182	-0.668764	0.445422	5.329703	4.818983	-1.583721	4.135775	4.091715	-0.250366	4.288231	2.842743	2.483530	-0.309225	-0.085019	3.216939	2.056077	-0.345136	0.945392	1.301336	0.697259	0.462623	4.561108	-0.362643	-0.319747	-0.829113	0.496941	2.641917	0.233419	-1.150776	0.457547	0.962498	-5.349418	-2.409885	-3.547280	-1.548114	0.340662	1.616769	0.775540	1.942524	-1.616234	1.746054	-2.384961	2.418020	0.589909	-0.162849	-5.142779	0.406030	0.511114	0.309306	-4.645064
1.023890	-0.687609	0.994142	-0.978597	2.172540	1.126705	-0.446806	-0.951414	0.133036	1.551601	0.886378	1.732210	1.051988	-0.231519	1.820125	-1.114069	-0.349441	0.249161	0.805038	0.252483	0.632077	-0.864550	0.320772	-0.717287	0.032336	1.333512	0.058065	-0.209802	-2.406071	-0.273267	-2.143984	0.283211	-0.297710	1.540707	-2.329597	-0.948518	0.702935	0.815744	-0.733945	0.291459	-5.674767	-1.304329	-1.668250	0.903034	1.930319	-1.059395	2.092608	-2.145558	0.178234	-2.020740
1.527048	0.960091	-0.265050	1.267621	1.028951	-0.508155	1.969440	-0.080558	-2.313303	1.516668	-1.390912	0.198084	-0.583020	-0.132292	0.038585	1.897326	-0.452656	0.952027	2.147793	-0.098009	-2.044630	-0.170821	-0.290505	1.041990	0.300647	1.889046	1.241227	-2.359212	-0.340054	0.143484	0.009381	-0.532449	-1.884253	-0.289401	1.256392	3.637540	0.317806	1.487243	0.174098	-0.723491	0.646958	-2.675690	1.029818	-1.592661	0.198373	1.631807	0.783666	2.373485	0.470569	-1.115385
-0.320652	1.651056	-1.685735	0.832512	5.579594	-1.097994	-0.540351	-0.410544	1.485690	-0.238623	1.174014	-1.943386	-0.236846	0.227024	-1.457573	1.998978	-0.648232	-0.450226	-0.116008	1.193198	-3.223558	0.788555	-1.172345	-3.866147	0.904369	-0.180224	-1.360946	-1.885860	0.204252	-1.058389	1.619131	0.025754	0.397215	0.627800	-1.459953	-0.805455	-2.225614	2.083184	-0.786133	-3.012060	-4.249767	-2.548437	-1.726055	1.094295	-0.112233	-0.962377	-1.104807	2.202012	-0.851533	2.203742
0.157513	-1.213541	2.376805	0.669623	-0.299413	-1.250070	-1.728075	1.085767	0.352060	2.044110	-0.326589	-0.242869	-1.265907	-1.117273	-0.347338	2.703741	0.896708	-0.100348	0.128242	1.207297	1.366671	-0.794790	-0.201787	0.993534	1.044248	1.016561	0.205880	-1.096491	-0.479409	0.869769	-1.303524	1.062775	0.468413	-1.476084	0.762587	3.924493	0.028383	3.396299	1.019639	-0.417379	0.976914	-2.820294	0.652067	0.585624	-2.657278	0.674219	0.839271	0.017030	1.165689	1.128756
2.260006	-1.015271	-1.279866	0.724382	-1.538946	0.714597	0.517594	1.937898	-0.402699	-0.928404	1.566274	-0.917510	-0.418057	-1.046987	-0.356914	0.779924	-0.948328	-0.233435	-2.878392	0.002417	-0.675954	-1.328260	-2.992227	-1.276257	-0.619937	1.141837	-0.077605	-1.468597	0.948707	0.267303	-2.235019	-1.463092	-0.544484	-1.364008	-0.899958	3.372223	-0.169789	1.684213	0.957626	-0.213606	-0.429220	-0.132481	-0.826237	-0.668216	-0.904370	-1.594699	-0.609757	-2.976085	0.362797	-1.614448
-3.120612	-2.159863	-1.191935	-2.823000	3.696113	0.043880	-1.247612	-1.836671	-0.714007	0.610388	0.701037	-4.536652	-1.835860	0.316831	1.200592	0.733148	-0.356348	1.895722	2.067001	0.667839	-2.609173	1.212205	-3.262957	-2.237317	-0.171113	-4.429380	-1.132643	-1.596122	0.466158	-0.216381	-2.315613	0.664011	-2.271804	0.218822	1.075019	2.903685	-0.236058	-0.639601	0.021731	-2.143630	-4.022508	0.817317	-2.361945	0.540203	-2.422293	-1.645160	0.274474	-0.879062	0.277867	-1.057673
0.032473	-2.509508	1.904225	-1.707276	-1.395406	-0.915395	-0.586477	-1.598189	0.026476	0.972683	-0.646898	-1.986683	3.473482	1.456649	-0.079471	-0.299082	1.467374	-3.835655	1.125599	0.922071	2.969889	2.917638	-0.722989	-1.508208	1.940578	0.731683	1.657228	5.307464	1.993929	-0.568069	2.995875	-0.422003	-3.179725	-0.434027	2.156314	2.555148	-1.315222	-3.003642	0.186472	-3.456924	3.109749	0.214824	1.707807	3.475818	0.375232	0.601465	-1.738426	-0.125890	0.353591	-0.540338
-4.219721	2.148734	0.070136	-2.357440	4.651740	2.429885	-0.581683	-0.434679	1.152307	-1.524073	2.786868	0.836752	2.193592	-0.917179	3.297317	-2.423183	-1.893532	-0.214630	0.842197	1.432863	2.660736	-1.392279	2.167320	-1.032074	-0.595771	1.178600	-0.827633	0.997148	-0.670640	0.607384	-1.786364	1.535820	-1.090017	-2.951739	2.213327	-1.618083	1.048635	0.320759	-0.299798	-0.252076	-1.585813	2.400771	-0.647149	-1.232325	0.912061	0.343899	-1.779131	-0.893079	-0.812461	-1.657831
-1.733769	-0.935153	-1.273061	1.289194	0.940787	0.446685	0.427883	3.272358	-1.389021	-1.092011	-1.294032	2.085953	-2.888226	0.106341	0.487645	1.139948	3.836611	2.642153	0.255506	1.611095	-1.412635	2.308030	-0.871988	0.837257	2.322323	-0.072515	-1.524800	0.175606	-2.443043	0.301700	-1.990937	-0.231341	0.473500	0.727057	1.431166	-2.597449	3.190480	-1.723530	-1.482514	0.149414	1.724810	-1.941428	3.152594	-0.147752	0.215882	-1.078952	-0.579421	1.679799	-0.844470	1.131964
0.780877	-2.222700	0.439404	0.584295	1.614786	0.229254	-0.626899	-2.617786	0.816149	0.733363	1.727981	-4.590716	3.226262	1.100132	1.249732	2.998264	-0.507276	-4.322151	0.459567	0.890949	0.741749	0.308676	0.154677	-1.529883	-0.138255	-1.771874	-1.638943	-1.067878	-1.425538	1.140794	-1.606080	0.933731	0.177632	1.127228	1.174066	0.527852	1.333430	3.038415	-0.531741	0.098945	1.206568	-2.504210	1.511896	-0.577060	-1.791814	-0.133346	-0.624051	0.232785	2.949840	-0.802400
-0.877881	-1.416254	1.256120	2.171415	-3.560664	-0.123042	1.615391	-0.475207	-2.536716	-0.463977	-2.856189	-1.918262	3.157446	0.568844	-1.680865	1.208704	-0.619801	-2.299901	-0.534066	2.234635	0.596747	-1.258828	-2.319023	2.045524	-1.456758	-0.678472	0.733096	2.749265	-0.060185	0.706869	1.534872	-0.319980	-1.639317	-1.009488	0.885801	-0.628457	-2.280912	-2.760885	0.764958	1.214505	1.612930	-0.698381	0.657881	2.710048	0.151444	-0.112653	0.305917	0.138146	0.855747	0.110422
1.657900	0.885447	2.239502	-2.420968	-0.798304	-0.324406	-1.263658	-0.944958	-0.687450	1.670042	-0.369798	0.610590	-0.906228	-3.385943	1.237724	0.181652	-0.366369	1.214105	-1.913366	0.390464	1.186112	-0.048941	-2.846389	1.051786	-0.015154	0.616974	0.015003	0.349442	-0.173688	0.298688	-1.445112	1.487579	1.532478	-0.321980	1.430288	2.126012	0.964690	-0.930659	1.881528	-0.915280	-2.631010	0.836491	-1.764306	-0.597618	1.543768	-0.497148	0.459155	-0.951721	-0.858477	0.716032
0.473009	-1.730713	0.587316	-0.153223	-2.398100	-3.247405	-1.663943	-0.232927	-0.702650	-0.804969	-1.435831	-2.955275	1.406054	-0.965881	0.588659	1.281901	0.439197	-0.353260	-1.352834	-1.228739	-1.127104	1.014277	-1.121952	0.160175	-1.050583	0.750004	0.099714	-0.117203	-0.944555	0.364563	0.908027	-1.477762	-1.507097	2.104487	-1.822799	1.341009	-0.584331	-0.695408	-0.416936	0.091254	-5.033092	-2.146311	-1.087724	0.100387	-0.846226	-0.139345	-1.081629	-0.874764	-0.891248	-1.363718
-1.023522	-1.352503	0.438935	-0.757138	5.744769	-1.359851	-1.873579	-1.470075	-1.942967	-2.563092	0.729895	0.322247	-2.429176	0.620409	2.598180	2.675004	-0.555639	4.988194	1.110434	-0.470238	-0.424782	0.805885	2.728911	-2.553978	0.369640	-4.515011	-2.087233	-2.245267	0.453085	0.798069	1.253227	-1.196491	3.122081	-2.319743	-0.700093	-0.155403	1.861958	-1.102074	-1.334193	-2.645332	-0.744502	-3.355622	-2.138388	-1.715742	0.377990	-1.903106	-0.945768	1.698451	-1.686376	1.611228
0.759925	0.758017	0.487014	-1.015880	-2.792395	1.356018	-1.322898	1.464244	-1.156541	0.753309	0.112021	1.887201	-1.565804	-2.250411	1.967945	-0.291981	-0.249506	-0.527321	-0.894141	0.567521	-4.793948	1.041668	-2.430876	1.147365	-0.969765	-1.456446	-0.677565	-1.422025	-1.304547	1.743008	-0.197332	-0.227646	-0.506925	-2.152449	2.053185	-2.513329	0.803340	-0.961964	-0.909949	1.905263	0.469673	1.275114	-0.136234	-0.117071	1.034200	-2.067031	1.371777	0.614977	1.352236	-2.795045
-0.895361	0.789090	0.608373	-0.482614	-0.350246	2.259170	2.351203	-5.023380	1.056360	-0.688689	-0.234760	3.814978	0.795133	-2.928897	0.612605	1.164292	-1.032521	0.394468	0.760815	0.822820	0.215212	-1.059262	2.051906	-1.589723	-1.965966	3.414603	-2.229120	-3.422791	0.666342	-0.175543	-0.506170	2.567974	2.526451	3.334533	2.096671	-1.440666	-0.658204	-0.115207	1.986073	-1.408508	-2.123975	0.946445	-0.817104	-5.257805	2.437006	2.451510	-0.121950	0.813099	-0.365292	0.310162
-3.043536	-1.621354	-0.612371	-0.060001	0.267645	-0.749212	-1.227540	-2.061767	-0.871937	1.994821	-0.237416	1.043097	-2.622513	-0.382863	-0.962894	3.240412	1.069100	-0.519478	2.206630	1.214360	1.300619	0.164124	-3.262275	0.111168	-0.231843	1.099570	1.127595	-2.034398	-0.641591	-0.019154	-0.756688	-1.563935	2.197000	3.035071	1.286135	0.595255	0.299303	-0.709431	1.219571	-1.361924	0.491375	-0.704016	1.322567	-2.746941	-1.750583	3.201982	-0.729817	-0.334726	0.692991	-2.639884
0.892675	-2.088115	-1.170784	3.667721	-2.343036	-0.325367	0.862352	-0.153886	0.961901	3.168965	-0.899752	-2.160069	-1.836433	0.145818	0.490560	1.077856	-1.738795	1.254530	-0.898088	-1.989592	2.603298	-0.493184	0.657045	1.122908	-1.483960	-1.657687	-0.148944	-0.231409	2.501468	0.197563	-0.828222	0.106845	-0.528720	-0.967352	-3.132752	3.752548	-1.838703	0.879512	2.042279	0.444755	1.812947	-0.179297	-0.233042	-0.271253	1.565478	1.138844	-1.075607	0.109352	-0.838528	-1.716332
2.266573	1.280054	0.740936	-0.642824	-2.464275	0.360828	0.448384	2.109405	-1.550710	0.101703	-0.912713	1.192371	0.242580	-0.184708	0.591204	2.944890	-2.611257	1.754168	-1.628126	-0.031022	-3.524755	-1.538472	2.630174	0.594132	-2.622416	3.214726	0.323621	0.662202	-0.513855	-0.888178	-1.032356	1.662103	1.659692	-1.651692	0.802804	3.678500	1.442194	-1.236530	-1.250325	0.334707	0.104827	-0.311193	-2.688144	1.433819	-1.886973	-1.030875	-1.524115	-0.417842	2.077970	-0.557859
2.539323	0.086879	-1.130953	-0.116004	-1.225290	0.232841	0.571000	2.236044	0.205464	0.001876	-0.906138	0.954798	0.174795	0.279522	0.060598	1.789797	2.359447	-1.368910	0.141986	1.699056	-1.455817	-0.005280	-0.234568	2.092707	-0.088288	-3.000595	0.973563	0.443046	0.306907	-0.767653	2.354359	1.925532	0.412166	-2.783299	-0.942724	0.443692	1.034105	1.029347	0.314465	1.324735	0.659693	-1.800428	0.424768	-0.602866	1.057944	-2.260449	-0.543435	1.288359	-2.240700	1.657752
0.528679	-0.075365	-1.548142	-0.152300	0.917792	0.294780	-0.302321	-5.068881	-1.521142	-1.109156	1.535908	1.825170	-2.702983	-1.285704	-3.726596	0.058315	-0.156093	-0.482554	0.435931	1.801882	3.400047	-1.231217	-3.405310	-0.518005	0.143252	2.572955	-1.389292	-1.394920	-0.853477	-0.035785	1.529701	2.000914	-1.585335	0.170827	-2.414730	0.100353	0.116495	0.787985	-0.064283	0.395292	0.289763	1.563531	-1.824236	-1.549407	-1.008160	2.330769	-0.258094	1.742735	-1.268216	0.715895
0.627423	2.451891	2.169351	-1.538329	-5.704773	-0.318699	-0.494828	0.008185	-0.509718	-3.049082	-1.968671	-2.031748	-0.822666	-0.155717	-2.375161	-0.320234	1.897567	-1.800720	-5.075490	0.491595	2.787542	-0.080118	-0.993136	-0.321925	0.491290	-2.555529	-2.964417	-2.405068	-1.835078	0.780862	1.119077	0.794965	1.769491	-0.418539	1.198919	-4.421113	-1.862826	2.566430	-2.936721	1.079421	3.292649	0.465171	1.031942	-0.972845	0.005200	-0.356299	0.905220	0.048828	0.862237	0.692826
-0.398469	1.597307	1.415450	0.760164	0.946091	0.442825	1.607140	1.072023	1.673045	-0.266158	-1.297684	4.339383	-2.741839	-0.808652	0.150463	-2.097648	0.514924	1.586764	0.506118	1.811313	-0.460570	2.056482	-0.708555	1.565323	0.244157	1.531748	0.248094	-2.978238	-0.378924	-1.103364	0.733169	0.376889	0.683356	-1.606165	-2.066355	-1.930302	2.948911	5.404756	1.393542	1.018931	-0.693709	1.252822	1.650587	-3.485442	1.362736	-4.516635	-0.201924	0.282400	0.215000	-0.359719
-0.981052	-0.431822	-0.370495	-1.928134	-2.969779	0.954373	-0.268873	5.514297	0.016604	-3.734476	-2.077871	-0.169058	-1.906854	-0.039120	0.297791	0.191875	1.285069	0.071322	-0.787138	1.576475	0.594384	0.896533	2.653682	0.746424	-1.285289	1.573150	0.587090	-1.027320	-0.286287	1.339434	-0.930575	3.624839	-1.567653	-3.270099	-0.167125	-3.070982	0.911415	1.629533	-1.623294	0.862889	1.546738	-1.546191	-0.352690	0.283276	-0.054315	-5.083477	-0.945144	1.864483	1.192268	-0.141881
-0.625594	-2.922857	-0.425761	-0.049128	0.027338	1.918260	0.115835	-2.470559	0.951456	-0.818997	0.159154	0.403353	0.821420	-1.304085	1.705615	-0.393921	0.873503	1.119212	-0.686644	-0.968979	-2.475430	-0.682388	-1.276133	0.928566	0.525517	-0.450862	-0.026872	-1.921709	-0.564113	-0.802766	-1.296489	-3.639491	0.529338	2.636413	2.797558	1.034549	-0.605980	0.393789	-1.102817	-0.102021	2.487074	3.583227	0.375975	-0.591209	2.225440	2.331129	-1.083982	1.357236	0.452529	2.582336
0.558917	-1.383695	-2.430486	-0.999693	1.882671	-2.332824	-0.434141	3.278313	1.807982	1.435292	2.474748	-3.057708	1.092791	1.953098	-0.180177	3.387323	0.693979	-1.575189	2.677776	-1.023569	0.070212	0.821402	1.624541	-0.902605	-0.037847	-2.673761	-0.890571	-0.483959	-0.268000	-0.415418	1.396546	1.219192	-1.442772	-1.535950	2.063112	1.735419	0.150859	-3.557568	-0.070109	0.346380	2.625887	-2.096765	2.577475	1.951430	-4.008755	-1.744271	0.606417	0.203228	-0.369936	-1.248273
0.815727	1.961747	1.275230	1.759454	-6.296313	-1.845099	-0.519868	1.366283	-1.328405	0.356790	-4.334510	-0.416674	-0.676731	-0.914062	0.946200	-0.799969	0.445246	-3.484643	-0.683889	0.560452	-0.985039	0.365671	0.025002	2.025340	2.425581	-1.039138	0.918151	1.266025	1.281624	-1.217081	1.182287	1.159353	-1.921280	-1.302968	-0.044513	0.143639	-1.385627	0.104679	-0.743162	2.349861	-2.093252	0.900553	-0.391832	0.162302	-0.063443	0.916206	-2.123982	-0.510805	2.166050	0.627978
-0.431715	0.026184	-1.390220	-1.586936	2.701681	0.546258	0.302050	-0.034021	1.381378	-0.080687	0.267441	3.155229	-0.925816	-2.182642	0.951942	-1.056227	-0.588922	0.476896	2.268661	0.409809	-1.683032	0.614872	-1.020147	0.351199	-0.480982	1.843245	1.255348	-1.278001	1.437668	-1.769132	-1.118156	1.328497	0.600227	1.064920	2.902945	0.834872	1.127260	-0.335994	3.087845	0.018674	0.646818	-0.242897	2.053888	-2.474992	2.219495	-0.536067	-0.960950	-1.522753	-3.447400	0.257793
1.291168	0.353896	0.210011	-3.151377	2.053864	0.057419	-1.063916	-0.054402	-0.197253	-0.342462	-1.269883	-0.783551	-0.972659	0.262994	-0.309647	1.555546	1.191124	-3.185379	-0.260373	0.490063	-1.053544	-2.209093	-0.410060	-1.664815	0.105364	-2.430007	-0.857755	-0.485491	-2.539671	-1.706803	0.790598	2.313258	0.116570	1.921236	4.997294	-0.714233	0.262644	0.342267	2.328653	-2.594645	1.961445	-1.708288	4.290552	-3.024843	0.027626	-0.094202	0.645260	1.926386	-1.071963	-0.154535
-0.681230	0.348999	1.279706	0.467795	-2.848268	0.220714	-0.417338	-2.736852	0.087721	1.389952	0.828005	0.012174	-0.179955	0.716002	0.147187	-0.552910	0.518163	-0.668886	-2.633556	1.328128	0.074679	-0.254363	-2.379005	-1.304805	0.225102	-0.817945	2.388928	0.340413	-0.911425	0.292460	-3.064056	-0.767669	-1.370427	-3.299391	-0.385745	3.449843	0.544184	0.924114	3.010727	-1.506841	3.338602	0.721610	3.804432	0.632991	2.483649	0.430605	0.361471	1.799922	0.723634	0.633810
1.748609	-0.998942	-0.835261	-0.848964	-1.028646	-0.477752	-0.087834	-1.844775	2.000719	2.113291	-1.964483	1.817852	-1.533458	0.504046	0.767030	-0.923824	-0.042136	0.510932	-4.237888	0.954685	-0.598449	-0.529831	-1.476471	-0.636895	1.447001	-1.921880	-1.836231	-2.377412	1.429617	-0.613158	-0.020612	-1.423947	1.302286	0.956018	1.731064	3.612798	0.313354	1.235520	2.555644	0.108851	0.849150	0.353149	0.343883	-2.413427	-1.865306	0.051120	0.673843	-0.298240	-3.265354	1.032980
-0.900621	1.680106	-1.917932	-1.481752	-0.253691	-0.428904	-0.544975	-0.218845	0.526905	1.201636	-1.434193	-1.002980	-5.716449	0.759447	0.169112	-0.789666	0.512659	1.530133	0.650109	0.128154	-2.141206	0.918180	-2.074575	-0.269770	1.267139	-4.601552	0.347425	-5.270838	-0.644417	-1.366706	0.762195	3.363547	1.530039	-0.134439	2.616655	0.636338	0.257077	1.441632	2.667033	-3.009896	-0.731608	-1.602169	2.081894	-0.032659	0.232051	-1.903018	2.807138	-3.459769	2.736781	-0.827530
-3.760212	0.160102	1.184512	0.313935	-0.249075	-1.440763	0.950178	0.704486	-0.251573	-1.915094	-0.891612	-1.756130	0.294554	1.491060	1.068661	-0.026510	0.280551	1.261827	4.392855	-0.687919	-0.383951	0.564745	2.388276	0.031679	-0.195532	-2.825535	0.160678	-1.108765	-0.680038	-0.836014	2.620988	-0.275647	0.547023	-1.710171	0.042637	-0.406932	0.339608	-1.653709	-0.556677	1.195624	-2.148467	-0.490155	-0.950902	1.726120	1.245768	-0.180934	0.481066	-2.623144	0.734860	2.085888
0.058558	1.959220	-2.214779	-1.669817	1.539970	-2.329860	-1.607125	-0.915615	-0.532197	-0.165074	0.995695	-2.122272	-0.048584	-0.066436	-0.226982	0.533113	0.991986	0.905814	0.662583	0.148966	-0.811148	1.283185	-2.877293	-2.343143	0.382883	1.192635	-2.362194	1.884372	-2.569150	0.342126	-1.193434	0.203760	-2.894256	-1.223413	0.755091	1.375836	-0.798142	0.653057	0.422968	-0.413396	2.179230	-3.611144	-0.323553	2.620757	-0.583822	-0.977902	-0.366667	0.094100	3.218231	-0.757670
1.126261	-1.131495	0.846247	-1.553478	-1.167403	0.304592	0.346058	-2.384927	-2.286241	-0.279110	-2.203284	-2.092267	-3.464677	-1.136372	2.217589	-2.565560	1.197737	-0.394411	0.025123	-0.048721	-0.183971	-1.808577	-1.053329	1.798965	0.802830	1.477519	-2.202906	-2.405796	-0.627555	0.655868	1.276517	-0.106250	0.572273	4.594905	0.920597	0.330971	-1.323193	-2.216126	-1.551780	2.931513	0.018370	3.916829	-3.313387	-1.577641	0.172492	3.410458	0.483082	-0.193234	-2.869861	-0.883538
-1.717879	-0.276356	1.628109	-1.428604	5.064633	0.518748	1.292041	-0.352115	-1.132806	2.005123	1.272999	-0.778849	0.989322	1.108685	-1.542434	0.171126	1.606992	-1.930598	3.721389	-1.580323	-2.543619	-0.157770	0.364668	0.212012	0.752320	-3.861614	-0.165000	-1.640607	1.768588	1.921650	-1.848242	-1.101260	1.010042	-0.522665	0.375706	1.112775	0.338893	-0.596466	-1.664213	-2.362411	-6.940587	-0.211664	0.450121	-1.250649	0.796199	0.652584	-0.420131	-3.339481	2.665982	-1.979106
-0.794021	-0.198406	2.381367	2.541129	-0.853001	-2.535967	0.457102	-1.317038	1.077442	0.346354	0.713398	0.603598	-1.601955	0.490349	-2.124866	0.182309	2.207360	-3.334035	-0.820684	0.664480	0.457966	-0.573693	-1.051453	2.007208	0.012390	2.056575	0.299694	1.300140	3.750517	-0.584489	-0.531576	-2.323871	1.263296	2.219287	-2.439116	0.410900	-0.697273	0.555187	1.439289	1.839061	-1.553680	0.960732	1.033202	0.740251	2.774405	3.491019	-0.701189	-0.739305	-1.463942	-0.306968
-1.414244	0.274753	-2.256426	0.119668	1.650959	-0.807414	0.971649	1.638268	2.433970	-0.349687	3.458853	-0.248050	2.737595	1.523138	-0.351825	-0.129307	-0.196089	-1.395436	2.617577	0.042486	-0.867629	1.762961	0.802225	1.371102	0.354753	-3.304502	1.030331	3.573470	0.832477	-0.036061	-2.239411	-0.029727	-1.909227	0.948976	-0.991652	1.582387	0.673883	-2.776924	0.207648	0.967260	-2.202661	-1.271921	0.099634	3.158306	-2.610555	-1.887350	-0.570616	-1.976490	-1.863733	-1.525417
1.480108	0.304209	-1.688255	-1.087069	1.155676	-4.700818	-0.257895	0.939576	-0.614955	0.902659	-0.283691	1.261036	-0.627351	-1.114643	0.929374	2.216466	-0.542640	3.713266	-0.121480	0.527782	0.772777	1.889446	-1.247792	-0.457405	-1.414992	2.761223	-4.358284	-2.257952	1.395366	1.009843	-0.067614	1.123760	0.810348	-1.625142	0.739606	1.798861	0.694137	0.689705	0.356496	2.128589	0.515462	-2.724744	0.304004	-0.525921	-1.345594	-1.878665	0.579111	0.578180	1.322896	-1.141887
-2.903954	0.246435	0.630542	-0.983466	2.523029	-1.576052	-1.534171	1.265350	-1.281824	0.059804	2.018730	-2.777334	-2.138529	-0.949936	-2.361706	-2.020985	-0.130000	2.158317	3.532054	-0.513389	-0.093687	-0.699055	0.102924	-0.908930	-0.439381	0.546666	-0.851664	0.296376	1.066428	2.353983	-0.665049	-0.489039	1.727843	2.832302	2.501661	1.149018	-1.377379	-0.052613	0.641921	1.104571	-2.376528	1.425701	-3.086374	-0.060855	0.451682	-2.717809	0.111333	0.511843	1.024990	0.741690
0.263276	-1.205985	-0.033200	2.054305	0.734213	0.526589	1.765650	-3.485255	-1.434957	0.026606	-0.886987	0.619887	0.747671	-0.450664	2.026360	1.543637	0.721655	0.399940	-2.495148	-0.245322	1.268445	-1.789469	3.182607	-1.166513	0.907787	0.357864	-1.127486	-1.083285	4.029174	-1.436778	-0.821633	0.207273	-4.423116	2.749059	-2.878149	-1.907066	0.527483	-0.441487	-1.738638	-2.591721	-0.225713	0.536019	0.251636	2.850011	-2.202126	3.557589	-0.425738	0.106240	-3.698818	-1.185845
-1.505891	1.883301	2.105279	-2.036812	-2.306718	-0.299605	-0.476986	-2.121801	-0.786957	-1.238912	-0.233270	-1.327839	0.896572	-0.210166	-1.061483	0.402423	0.296173	-4.423905	1.089640	-0.937360	0.852505	-1.331845	0.755463	0.423416	2.143484	-0.906164	2.237384	-0.190897	2.728274	0.752238	-5.136863	1.084435	1.673291	0.471929	1.372524	0.387511	-3.085680	0.967690	2.030375	-0.020529	-1.021460	-1.945953	1.489060	-1.940266	-1.578820	0.115830	-0.249769	-0.890742	0.267238	0.690470
-1.710272	1.912708	-2.159309	0.389798	-2.328126	-0.363270	-2.828604	-1.314523	-0.738002	0.709959	-0.983595	-4.379448	-0.812516	1.100715	0.472987	-0.669960	-1.292572	0.836591	-0.024021	-0.554341	-3.089657	1.145263	0.623483	1.789376	2.272438	-1.844669	-0.250192	-0.568615	0.355657	-0.171987	-0.853095	1.335591	0.323940	0.007288	0.129125	-0.244814	-1.641684	-0.266777	3.494452	1.820290	0.560417	0.425506	-1.921393	-0.803527	-1.280817	0.139280	0.609961	1.044474	-0.135715	-0.929491
-0.337219	1.630233	0.381906	1.921659	-1.307958	0.676732	0.146495	1.014237	1.101244	-0.987523	-0.096794	-0.602740	-0.656584	-1.813665	-1.037650	-0.803882	0.821491	1.763013	0.224755	0.800952	2.218196	-0.811510	-0.192908	-0.218178	2.373403	0.031941	2.094424	-0.014344	-1.864323	0.224590	-2.549691	-1.246836	1.556187	-1.535640	-1.033510	0.258936	-0.214032	-0.046572	-0.446719	-0.764101	-3.497941	0.251024	-0.769143	-2.514444	0.106354	-0.490661	1.226279	-0.604439	0.464583	1.557200
-2.962951	-0.845375	0.671201	1.757396	3.415756	-4.219737	-1.682268	-0.419772	1.495122	-2.963296	0.115017	-0.724444	-4.448114	-1.418627	1.119607	0.672195	-1.400431	-2.683567	1.565054	-0.698244	1.033050	1.503298	1.041851	-0.002296	-1.415294	-0.970125	-0.689667	-5.182009	0.757186	-1.006303	-1.400686	1.894114	5.074396	-0.597378	-1.438721	-0.729839	1.084261	0.875557	-0.603854	-0.494890	1.144499	-2.609167	2.301148	-3.097410	0.350322	-0.762420	-0.873950	-1.582665	-1.042044	3.024645
0.363767	0.197503	2.631322	-0.642861	1.358418	2.598005	-1.631025	-0.887995	1.524816	-0.603293	2.427556	-2.507638	-3.552640	-2.297853	0.709809	-0.536494	1.211931	4.900725	2.848135	-0.126540	1.760256	1.869934	-1.452235	-0.385759	1.145052	-1.208616	0.362308	-1.615046	-0.791489	1.008022	-0.735949	-0.564084	1.439078	-0.651306	0.109451	-0.726009	-0.253144	2.249241	0.778031	0.291821	-1.020494	1.544889	-1.907439	-1.407612	-0.230386	-0.459989	0.862703	0.808170	1.244571	-0.463663
0.026053	0.503440	2.650228	1.845228	-1.599978	-3.956805	-0.854113	-3.460648	-0.583885	-0.686038	-1.407547	2.344983	-3.183548	-0.260781	1.982020	2.782925	1.414133	4.160165	-1.590043	-2.334710	-1.660832	0.921955	3.074504	-2.759183	0.178401	1.318413	-2.404092	-0.872492	1.591350	-2.077649	-0.265248	-1.021309	0.867139	2.568098	0.169497	0.179780	1.877494	-2.048803	-0.970503	-0.627705	-0.555148	-1.772781	-1.937066	-1.468083	1.524376	1.394218	-0.328923	-0.301660	-3.756490	2.155940
0.087293	1.742062	-1.230788	-1.334672	1.986747	3.434159	0.654612	-2.047373	-0.876375	0.773465	1.378305	-1.959501	-1.988328	-0.178841	-2.084192	-1.561042	-0.917491	-3.841728	0.731695	0.828758	-1.536477	0.367703	0.751750	-3.104449	-0.090720	-3.076408	0.633627	-2.381584	0.926586	1.373565	1.906889	-0.625506	1.345619	2.109980	0.095953	-0.568132	-1.975071	1.314578	1.484147	-1.949966	-1.111094	1.311355	3.281223	-1.987482	0.369996	0.939093	0.650814	0.305163	1.034089	-1.167869
2.519754	-0.037049	-0.241560	-0.564332	0.912170	0.941499	-1.060225	-0.454740	0.753621	-0.135208	-1.729572	3.942076	6.345070	0.550648	-1.036214	0.233534	0.874746	3.932967	-0.338997	-1.910429	-1.561566	-1.070030	2.220585	-2.067656	-0.310597	0.566962	-1.190513	4.373251	-0.443894	-1.584812	-2.662796	1.497137	-2.057869	0.678433	-1.884534	-1.180114	2.112455	1.296041	2.050271	0.021248	-4.547743	-0.616048	0.582797	2.342823	1.005067	-1.150853	-0.726057	-2.254002	-1.219363	0.402438
-0.273432	-0.092461	1.135917	3.126999	3.272835	-3.013793	1.326189	0.115066	0.322885	1.132109	1.597464	0.193304	0.859696	2.026665	0.718156	0.517928	-0.344308	0.393702	1.286292	-2.008128	0.781925	0.413051	1.830201	-1.769011	-0.980563	-1.441414	0.073359	0.999926	1.443482	-0.458345	2.469658	-2.646250	-2.216425	-2.816678	-1.178163	-0.824387	1.667527	-1.550073	0.226531	-2.235123	-1.352154	-2.170199	-0.741212	0.166203	-0.019708	-3.187633	-0.655525	0.551446	-1.152230	-2.344429
-0.642007	0.882514	0.096699	-1.752443	-0.226310	1.707983	-1.254408	-0.233373	1.774387	-1.245159	1.130718	-1.800566	-2.844931	0.214004	-3.213397	-0.246807	0.251733	-0.251821	1.829620	1.544342	-0.131254	-1.831460	0.403714	0.132903	1.305736	-1.481303	1.293684	-1.005705	-0.062052	-1.083653	0.564295	1.170304	1.404809	0.332752	0.550433	1.089573	0.094223	-0.139687	2.010453	-0.557521	1.702070	1.633896	-0.107061	0.214090	0.617784	-0.419374	-0.605032	0.221619	-2.263265	1.073709
-0.259358	-0.430327	-0.872799	-1.718303	7.842887	-0.647275	0.083101	3.612909	1.418707	-0.519322	2.064042	-1.146271	0.521686	-0.366144	2.081231	-2.006290	-0.668586	-2.332946	3.212328	-1.318860	2.659545	2.774547	-0.317194	-0.895341	-1.061549	-0.079591	-0.917064	0.453525	0.360425	1.638213	-3.327676	4.748303	-0.365632	-2.216664	5.031956	1.762583	0.617926	-4.117864	-1.852418	-1.370257	-0.600679	-0.825918	0.888104	0.850136	0.128679	-3.439142	-0.117237	-0.404944	-0.321627	2.087186
-1.329433	0.432367	-1.572670	2.155527	3.091127	0.648709	0.222984	-1.439354	-1.024236	-0.037311	-1.132272	1.014423	1.478325	-0.153025	0.630598	0.417347	-2.568511	-0.195058	2.485929	0.621027	-0.470028	-0.676344	0.885055	-1.697169	-0.374929	2.143405	-1.367966	-1.028417	1.765759	-0.145562	-2.492787	0.000975	-1.423011	-1.986536	-2.928306	0.991925	0.309261	-1.098290	-1.304005	-0.857284	1.237015	1.837283	1.116187	1.321789	1.454225	1.262148	0.785317	0.329854	0.994307	0.110216
-1.559108	-0.504323	-0.465002	-0.150858	0.273411	-6.113503	0.876980	0.639619	-1.112014	1.690267	-0.604820	-1.929323	-0.785708	1.690590	0.081527	1.786235	-0.350214	2.234080	-0.046858	-1.083725	-0.741959	0.910155	-3.557817	-0.060456	-0.653657	-2.120318	-0.099586	-0.808828	1.556531	-0.177611	0.719765	2.896608	0.799613	1.221245	-1.697016	-0.777777	-1.428919	1.731348	0.952278	0.876765	-0.637149	-1.336421	-1.683524	1.087075	1.245759	-1.498137	0.247905	-0.351362	3.579004	-1.335370
2.200223	-0.579045	0.750875	-0.349547	-3.170410	-3.109950	0.769294	4.985345	0.911174	-1.359236	0.799002	-0.947907	2.003775	1.448222	-0.865752	-1.406147	0.404646	2.122497	-0.924414	0.303098	0.809267	0.983145	1.681222	1.618110	0.319381	-0.247833	-0.711581	-0.409228	0.325782	0.488475	0.321618	0.183089	0.680996	-2.114522	2.010983	1.541921	0.189960	0.254891	-3.391961	2.310432	2.157076	-1.562452	-1.473567	-0.487081	-0.057944	-4.054018	-0.095449	2.993124	1.129555	1.043178
0.597100	0.919445	-0.085510	-2.247815	-3.101474	1.354158	0.626269	0.797835	0.873809	-1.150501	0.893400	-0.374614	-2.530504	0.059228	-0.765555	-0.350374	0.343252	1.116269	-0.599110	0.071270	3.528349	-0.947665	1.006272	0.431533	0.554677	-0.694527	0.698440	-1.825864	1.504552	-0.490334	1.938708	-0.243587	2.050676	0.817369	0.336805	0.276664	-1.358853	-0.838124	1.311229	0.838371	-1.327591	1.897457	-2.914450	-1.393071	1.010285	-0.229274	-0.338806	-0.605289	1.005676	-0.671023
0.559788	1.631206	0.856557	-1.650112	-3.420800	-0.620863	0.329588	-0.032114	-1.266208	2.742559	-2.995531	-2.936547	-2.684381	-0.622683	-1.632808	0.678975	0.762589	-2.497876	0.517481	0.233165	-0.067027	-1.569701	0.175959	0.295482	0.005919	1.826530	0.404149	-0.067287	-1.179181	-0.377777	2.954795	-0.498229	0.212365	-1.063088	-1.082827	1.967860	-3.195819	-0.419340	2.719284	-1.037368	1.465597	0.040681	0.812957	-0.969788	-0.987538	-0.751815	-0.387049	0.737866	1.295686	-2.370948
0.710532	-0.382062	-4.503712	-0.022126	-5.179966	-1.759678	-0.536726	-0.175984	-2.372593	-0.413774	-3.079282	3.704103	2.928818	-1.084865	0.104456	0.343662	-0.527692	1.301289	-2.478092	0.010298	0.191080	0.227623	-2.907151	-0.826974	-1.139881	3.141161	1.043183	3.526837	2.267651	-0.183134	0.865361	-2.515380	-1.273003	-0.299567	-0.796962	-3.039977	0.822303	0.517649	-0.797918	0.538017	-3.399473	-3.128711	-1.684974	-1.036141	-2.148988	-1.918413	0.292383	-1.019607	2.627306	-1.381364
0.791585	-0.505006	-2.704265	0.541267	-4.565862	-0.973609	1.320561	1.580756	0.188640	-1.805314	-1.406199	2.476766	-4.027743	0.763145	0.868436	3.503671	1.131169	0.639411	-3.753917	0.748934	2.838738	-1.231411	0.377601	0.116570	-1.741688	1.558052	1.573001	-1.569782	-0.249051	1.239358	-2.200801	0.551985	-0.283888	0.210726	0.660829	-1.670776	0.050918	-0.866160	-2.898134	-0.364697	0.436850	-2.724469	1.022337	-1.381044	2.402905	-0.256067	0.079590	-0.319667	0.355074	0.806975
-2.185713	-0.531407	2.898469	-0.339779	-0.461975	-3.082120	1.009406	-2.144084	0.720493	-0.009374	-0.296438	0.543058	-1.133073	-1.794625	1.692745	2.475287	3.094380	0.179875	0.523478	0.630094	-0.051393	-1.147867	-0.922416	1.160033	0.901504	-0.577573	-0.072683	-1.996127	-3.682502	0.769972	0.479425	-2.764099	3.246708	3.052496	-2.144354	-0.275489	1.025091	-0.762603	-0.040302	2.770707	1.057284	-0.814407	-1.699773	-2.729860	0.780687	3.287094	0.673808	1.888941	3.039792	1.855167
0.521540	-1.047018	-1.989496	-2.129999	1.676367	-1.728062	-1.209139	-1.666553	-0.689598	-1.525746	-0.355726	1.684271	0.115135	1.026731	-0.413098	-0.938991	-2.114891	-1.501477	1.261317	-1.584630	-1.909380	-2.743252	0.257722	0.240191	-1.605325	3.161780	-0.719614	-1.971182	0.271265	-0.667636	-0.220188	2.054074	1.865412	-0.444241	-0.718255	-2.698721	-0.682891	1.647645	1.067240	0.510503	-2.091049	0.304085	-0.105514	-2.457738	-1.804869	0.577040	1.237830	-2.312654	-0.463771	0.701737
-1.009097	-0.702585	0.812630	1.812844	1.799528	-3.124372	1.716837	0.451783	1.876766	-1.368343	0.694422	-1.592958	0.570230	-0.479892	-2.079357	-1.753801	1.222515	-2.571989	0.951178	-1.140158	0.142041	-1.051601	-2.299043	-2.511586	0.738852	1.240989	-0.878898	-1.013004	-1.166418	-2.781602	-0.584647	-0.379690	-0.989521	-0.329986	-2.652765	-1.935957	-2.197710	1.059586	2.144838	-0.276112	-0.206689	1.244157	1.658298	0.281685	0.386961	-1.178213	0.495091	-0.814388	-3.220558	2.951941
-1.456111	-0.373479	1.763506	1.119087	3.143557	-2.106392	0.951871	1.094015	-1.029963	0.850971	0.467327	1.863992	0.074993	0.592403	-0.104011	0.705462	-1.104297	0.815561	-0.510839	0.347658	-1.150363	1.858419	-1.568176	0.542338	-1.709690	-0.684766	-2.047206	-0.053035	1.309496	1.757023	-2.148518	-1.873785	-1.587091	0.590840	-1.883079	1.406355	1.155699	1.516741	0.419684	-0.552342	1.366869	-2.661425	-0.177225	0.448021	-2.666228	-3.868178	0.459496	0.576171	4.128268	-0.144249
0.558392	0.227449	1.198193	1.006474	-3.285992	1.366068	0.113034	1.255929	0.386463	0.139589	-1.142698	-0.054164	-3.193931	-0.057866	-0.028578	-0.864650	1.288653	-0.287846	-2.122395	-0.770921	-1.588645	-1.232328	2.961331	0.492618	-0.275220	0.363325	1.056860	-1.320859	-0.660659	0.147538	-0.694257	-2.952537	1.296741	0.542656	2.469817	-0.388508	1.259689	-1.002039	2.078377	-1.431548	0.717257	0.238296	-1.371280	-0.585264	-0.667610	-0.266672	0.955745	1.237224	1.175714	1.261926
0.861924	1.219374	-0.183905	-0.465114	0.713231	0.600295	-2.264184	-3.132921	-0.817607	-0.592166	-2.117637	-3.093079	0.690428	-0.876600	1.180281	-0.434948	1.683326	-0.063672	-0.243840	-0.238857	-0.002749	-2.659820	1.507297	1.195749	1.478402	-1.377913	0.086225	0.936575	-0.802379	1.305817	-1.246379	-1.042541	-0.436364	-1.647031	0.750633	-0.285088	0.973123	-0.219224	-1.783837	0.686797	-1.849597	-0.509091	2.109625	1.334779	0.134145	1.842514	0.036906	-1.294433	-0.669696	-0.957910
-2.328665	1.333140	0.813484	-2.919379	0.849691	-3.818152	-1.346621	-1.516636	-0.368590	2.410249	-1.058294	-0.014350	1.691051	0.176885	-1.795044	-1.822128	-0.258999	-1.109764	-0.426391	-0.657247	-0.201528	-3.419911	2.032276	0.852210	1.122215	-0.401530	0.623914	0.134340	2.022222	0.507707	1.080299	-0.259190	-1.365632	3.709716	-1.070278	2.653061	0.506390	0.417751	0.880750	1.145499	1.304849	1.796829	0.180764	1.561496	-1.398620	1.770068	0.228043	1.766921	-0.827585	0.391643
0.942021	-1.254836	-0.984956	-0.396344	3.950976	-1.421348	0.177511	-0.728789	0.966350	-1.164654	4.214070	0.287995	-3.558769	0.590162	0.843792	2.225251	-0.603745	3.440050	-1.099750	-0.366369	0.048449	1.216960	-2.611382	-0.402140	-0.299250	-1.821514	0.848003	-0.501761	-0.040717	0.245212	-2.132700	0.640306	0.504336	-0.172572	1.625760	-2.229107	1.273801	2.298156	0.212272	-1.096532	-2.515059	-2.227819	-1.138165	-0.692876	-2.415313	0.996478	-0.913022	-1.022499	1.877868	1.225566
-0.208220	-0.197540	0.520923	0.842468	-3.846402	1.043976	-2.228742	0.453232	0.159425	-2.756442	-1.446301	1.464018	0.240582	2.153375	-0.833410	0.431209	0.207715	1.388263	-0.324623	1.335993	-1.653829	-1.092029	1.456417	1.143592	-0.589345	1.017382	-0.859584	-0.808923	-2.266838	0.113702	2.218680	-0.867669	1.479313	1.229109	1.733140	-0.854274	0.760791	-0.034504	-0.876651	3.757397	-0.229272	-0.282378	2.101686	2.530352	1.426742	1.667639	1.815391	-0.779398	-1.622760	3.471356
-0.369473	1.982406	-0.448844	-1.475299	0.435821	-1.145866	-0.182178	1.968434	-1.504894	0.804679	0.243088	0.937644	1.035845	0.349862	2.009473	-2.894685	-0.029702	-1.739396	2.379208	2.446753	-1.113966	-0.428656	0.898338	0.699730	0.251338	-1.490072	-0.538852	0.131721	-2.407120	-0.981867	-1.224332	0.438647	-0.703123	-0.057184	2.652499	4.105099	2.005602	2.327447	1.318664	1.092936	-3.644951	3.137143	-0.804896	-0.616134	-1.329797	1.211909	0.488640	-1.020640	-2.229521	-0.935123
0.388353	0.145065	1.134534	-1.403321	-3.267058	-2.675995	-1.573788	-1.172004	1.364384	1.157173	-1.647085	-1.658525	2.245420	1.989200	-0.398907	1.466870	-0.682680	2.091674	-0.916220	2.695749	1.932240	-1.651257	0.182142	-0.172402	-0.057999	-3.125493	-0.599915	2.543745	2.324347	0.482884	-0.598746	0.994203	0.866019	1.988498	0.103120	-1.104542	0.296628	-0.605114	1.034984	1.737109	1.261895	0.163038	-2.377757	0.127319	0.059423	2.996347	-1.132121	0.517602	-0.578687	-1.871520
1.801716	-1.028432	-0.430910	0.476898	-0.443544	-0.494217	-0.212747	3.580527	0.378301	-2.785821	-0.555446	-0.296186	2.753186	-0.264509	0.601748	-0.103519	1.872678	0.584827	-1.857891	-2.144780	0.998803	0.823774	0.515653	1.297908	-0.665189	-0.498247	-1.035683	0.677677	-1.714104	-1.227750	-1.680343	3.103917	-1.446971	-0.867602	-1.984331	-3.623293	-1.781360	1.827620	1.477446	-0.109137	-0.460517	-0.258723	1.305654	1.954534	0.978604	-3.341767	-1.276794	1.961290	-1.553739	0.406497
2.529168	1.286665	-0.674761	0.500311	-4.501991	2.781218	0.433210	-1.217415	-1.005658	-0.932653	-1.951735	-1.364480	-0.298534	-0.038942	0.200241	-0.351554	1.281802	0.137851	-2.354821	0.890615	0.026803	0.769630	-0.599894	-0.234466	1.345359	-1.986880	-0.636975	-1.434455	-0.179156	-0.061248	1.501094	-0.905433	1.282223	3.384842	-0.976140	0.159454	-1.400445	-1.553181	0.465842	-0.008491	-0.759764	1.466786	0.111123	-0.398462	-0.864357	0.073661	-0.349673	0.373792	-0.259004	-0.589916
0.141717	2.262065	-1.369725	-3.452737	0.112820	1.741689	-2.091106	2.698884	0.302521	1.267254	1.230522	-1.654880	0.639412	-0.971677	0.383740	-0.738078	2.654749	4.429535	1.708712	0.844195	0.897641	2.132531	-1.391785	2.814750	1.056365	0.156575	0.683457	-0.603057	0.014342	2.955309	3.593219	1.135842	-2.093493	-0.943345	-0.775861	-1.927610	-1.719028	1.383624	0.891636	1.533266	1.618422	-1.692608	-3.262410	0.460792	2.745388	-2.865031	-2.230699	1.323213	2.716817	-1.633836
-1.407946	1.947177	0.948500	0.287186	5.020869	3.399891	-1.045423	-3.412444	1.094889	-1.115256	1.760346	-1.772341	6.290587	1.377423	1.432806	-4.509596	-2.659341	-0.541402	3.082002	0.186420	1.471982	0.535778	-2.334595	-0.080409	-2.733104	-0.695729	3.856193	2.741109	-0.830117	0.459867	-0.779975	-0.505341	-0.203848	-2.588881	-4.135118	-3.287973	0.616340	2.285981	-3.239044	-0.504775	0.121387	6.215094	-1.883579	2.780632	-0.782618	2.167889	-0.309093	0.080093	-1.896145	2.314381
0.451554	-0.258242	-2.821971	1.559205	-4.207861	2.000886	1.931687	1.651450	-0.960472	0.015036	-0.755168	0.509272	-2.080439	-1.185014	0.907213	-0.867511	1.337442	-1.234304	-0.007358	1.454790	-3.032213	2.253866	0.340178	1.466992	0.936805	-0.910410	0.887649	-1.803064	0.250993	-0.961903	-1.984856	-1.442133	-0.140667	-2.548235	-0.299009	-0.051372	-1.140125	-3.800745	1.162477	1.180106	1.924202	1.485262	2.193132	-2.931778	0.671888	-1.377724	-0.831314	1.047518	-1.467351	-1.102601
