X31	X50	X15	X40	X20	X3	X14	X5	X7	X12	X9	X39	X30	X18	X33	X17	X1	X10	X24	X25	X49	X8	X11	X27	X46	X42	X34	X19	X4	X36	X29	X21	X41	X47	X16	X13	X32	X44	X23	X48	X45	X38	X26	X6	X22	X35	X2	X28	X43	X37
-1.439718	1.624691	0.070388	-0.874461	1.660282	-0.585358	3.074718	2.256209	0.089563	-3.950440	-1.103650	-0.391367	1.888891	-2.811127	-0.046031	-0.142575	2.598159	-0.467230	-1.325186	2.636069	0.225671	2.741120	0.369613	-0.310829	4.096360	-3.246422	-2.225494	-3.026164	-0.756188	-3.996234	-1.652549	1.474778	2.488493	1.359991	0.708915	-1.239008	-1.338509	-3.066762	-0.097110	-5.284442	-5.749137	-0.881124	2.525116	-0.724543	2.663014	0.400473	-0.509371	-0.710847	2.607505	-1.045405
0.679287	-1.169754	-2.807838	0.191094	-0.656344	1.769684	1.478479	-3.038479	1.198240	-0.253929	-2.455393	-0.163511	1.495559	0.124135	2.355253	-1.476572	0.613597	1.339035	-1.023926	-0.155337	-0.934928	1.484353	-3.105066	-1.310495	2.806644	-2.199642	-1.501002	-0.814483	-1.376120	-3.458674	2.703719	0.739263	-1.115194	-1.865332	0.207830	-0.004789	1.712811	-0.817373	0.086108	1.328024	-1.133024	-1.625055	-2.141328	-0.190501	0.453563	-0.411951	1.098223	-1.111323	-2.167856	-0.474264
1.527462	-0.030096	-0.111395	-1.211186	2.227914	-0.867035	1.207634	0.840680	1.011752	-0.034815	-0.423005	-0.748266	2.966333	0.449071	-1.553721	-1.088051	-4.116980	4.395471	-0.738573	-1.532377	-0.664735	0.981974	-0.312640	-2.048554	-0.114991	0.715210	-0.914658	0.533557	-0.817034	0.774007	-1.313404	0.893586	-2.575847	-0.778791	0.586883	0.108439	-0.279152	-0.407639	-1.369651	-0.138513	0.869353	-1.092944	-1.999853	0.574977	0.691188	1.268355	0.264543	0.803408	-0.687724	-1.832549
0.279361	-1.309721	-1.259925	-1.736959	0.946278	-0.761388	-0.716776	-1.271044	1.401951	0.394091	-1.102089	1.982060	-2.462379	-0.085171	-0.100105	-1.446627	2.152082	0.461336	2.445838	0.776405	0.600541	0.263120	-1.166857	0.110575	1.223827	0.551858	-0.952699	-2.461639	-1.302495	-0.809358	0.093139	-1.473190	0.082625	-1.615308	-0.699513	2.076367	-0.490658	0.002112	-1.443926	3.081009	-0.028502	0.878404	-1.325201	0.500352	2.384370	0.885683	-1.534056	0.829366	0.229683	1.013761
1.953098	0.728517	-1.097390	-0.255370	-0.139874	-1.487343	-1.087575	-2.945445	-4.126278	1.259128	0.086287	0.484889	0.567110	-0.084422	0.279854	-0.899220	1.027199	-0.841538	0.250722	-1.360339	-5.084183	-0.834035	-0.849357	0.951543	3.355100	-5.311724	0.359724	0.985906	-1.095561	-4.198779	1.477301	0.903943	-0.553568	-0.288246	2.169317	1.143679	1.004376	0.325616	-0.314284	2.909685	2.490971	1.173990	2.601109	0.964998	0.502948	6.407943	-0.396839	-1.618437	2.013949	-0.734437
0.670386	-0.792327	-1.183945	1.700173	1.297537	-0.314895	-0.279466	-0.239388	-1.041549	-3.939953	-0.472401	1.297861	0.902476	1.431723	0.222245	-1.372047	-0.179273	1.575105	-1.156455	-2.563965	4.601812	-2.300009	-0.881004	1.707779	-3.745204	3.638157	-1.937522	0.541335	-0.392780	1.529742	-0.339129	0.547052	-1.717061	-3.227370	-0.897753	-2.587338	1.457544	-2.907359	-1.080035	2.053115	-0.673066	0.278172	-0.561175	-0.485968	-0.287726	-3.300080	0.634413	2.663805	0.987272	0.940804
-1.572754	0.278144	0.807318	0.666498	1.191473	2.086794	3.032493	-0.737437	0.882519	1.791416	1.587344	-0.953347	-0.390370	0.156773	-1.532651	4.546269	-0.557178	-1.289846	0.901202	-0.433944	-1.181631	0.161228	2.147664	-0.741814	4.728929	-2.863846	1.894638	2.668703	0.020975	2.479334	5.002613	4.396938	2.413314	-0.326740	-0.833676	-0.991513	-0.137149	1.494790	0.583270	-4.988603	0.861324	-0.806766	4.473557	-1.503367	-1.468512	0.530656	1.303357	-1.152869	1.545178	-1.631458
-0.258554	0.478294	-2.959083	0.392024	0.112782	0.885662	0.226359	-0.501705	-0.107306	-0.243655	2.208255	-1.595008	-1.901214	-0.672099	-0.778206	0.058324	-0.992614	-2.086373	1.825322	0.851717	-1.399905	-0.777263	-2.103762	-0.481032	2.684079	-3.480379	1.326336	-0.520564	-1.167923	-2.703959	-3.726202	-0.257161	-1.701235	1.315989	-0.809246	-0.182661	0.946886	-0.397465	3.593799	-5.184810	0.375695	-5.450038	1.471729	-0.841407	1.162991	2.998412	-2.864017	-1.620167	-0.637099	-1.298298
-1.746041	-0.907110	0.913653	1.140705	0.353358	0.920737	-0.595977	2.138609	0.448587	-2.274468	-3.600853	-0.432904	-0.991916	0.896178	-0.997945	0.180605	0.043593	2.098091	-1.434213	-0.717532	4.017679	1.717635	-1.137887	-1.897248	2.580063	-1.314420	-0.429909	0.622468	-1.259897	2.193028	-1.850024	-1.302055	0.322467	-0.651995	-1.500670	-1.355955	-0.348357	-1.624447	1.916969	3.871945	-1.201515	-0.083828	1.520769	-0.465106	-1.574215	-5.310853	0.569375	1.288444	0.222014	1.082203
0.600774	-0.979147	-2.260953	-0.461923	1.158894	2.478146	-0.498689	-1.045978	0.834765	0.684009	2.213204	-1.821092	-1.805018	0.231744	-1.580017	-0.936766	1.537822	-2.623805	1.548566	1.068644	-0.026171	0.176465	-1.497490	0.332439	-2.311045	2.901142	-1.698762	1.093019	-1.976410	3.604639	-0.556391	2.537278	-1.780703	-0.023276	0.439328	0.940363	-1.045759	2.883075	1.208186	0.891923	-0.342896	-0.146848	-2.595285	0.720695	-1.156000	0.069157	-0.818965	4.607506	-2.069307	0.709562
0.324060	1.189681	-2.735156	0.307951	1.043842	-1.528812	1.158157	-2.863725	-1.236441	-0.530883	1.862134	-0.570664	0.243382	1.061846	0.106741	-0.680024	-0.764284	-0.363883	-1.361636	1.693133	-0.956695	0.710181	-1.632932	-0.803993	-6.124304	3.360403	-3.727122	-0.418855	-0.109662	-0.833822	2.498521	0.724596	3.523541	0.241447	-1.305189	0.306742	-1.755692	-1.883739	-0.103789	0.537606	4.656802	0.275258	-1.822822	0.207077	1.164693	1.816732	1.023482	-0.202755	0.691142	-1.766367
-0.760933	-0.968890	1.907865	-1.012323	-0.679864	-0.532396	-0.976158	1.630175	0.057804	1.237985	-0.007475	-0.920831	-0.051491	-2.708621	-1.909922	0.878720	-0.409565	0.499737	0.076502	2.243634	-1.490986	0.991180	-2.207824	-0.698223	-1.952464	0.444398	-0.590110	3.414178	0.241121	0.753134	-4.694711	-0.869028	-0.587946	-2.296938	-0.707259	3.276301	-1.643425	0.218305	2.024405	4.850421	-0.542036	3.932912	0.693700	-0.360113	-2.270061	1.070754	-2.157384	1.055847	-3.678508	-0.827575
-1.465624	0.939191	-1.007244	1.091306	1.950171	0.832347	0.131056	-0.350230	2.379842	2.082114	-0.173021	-1.552301	1.062244	-0.366703	0.550457	-2.758140	0.295152	-2.110697	-1.924377	1.255829	1.714469	1.423475	-0.608143	1.822799	-1.664706	1.092342	-3.330777	1.224546	0.670591	-0.812724	0.108634	1.105863	1.350302	2.478020	0.710536	-1.316409	-0.793596	-0.744644	0.594804	-1.211580	-1.127540	0.569115	-2.522379	-0.956969	-1.736248	-0.598864	-2.333071	2.843501	-1.212972	0.007764
0.227184	1.194507	1.312550	1.353231	1.126614	-3.262129	-1.430533	2.593091	-0.073164	-1.353843	0.216939	0.446903	-0.758259	1.319721	0.838605	0.306625	-0.247694	-1.063028	1.554893	0.577694	1.984144	1.700227	3.068617	0.012588	-1.782623	-1.020529	5.217689	1.070184	0.586411	-0.423492	2.613645	3.132818	0.253795	-0.436392	-0.547747	-0.675250	2.493338	-1.648862	2.665736	1.058105	1.735498	1.546367	1.311954	0.025498	-0.963222	-2.011997	-0.691251	0.051417	0.406582	-0.318400
2.841156	-0.401215	1.757096	0.413906	1.604241	0.942194	-0.868437	0.256110	-2.684894	0.319910	0.645122	0.744337	0.631663	-0.356866	0.755648	-0.337495	0.719041	-0.714769	1.982514	-1.174236	0.064706	1.912881	0.908865	-0.882717	-0.656208	-0.210346	1.921740	-1.620153	0.342967	-1.066616	-1.293916	1.865489	-0.159996	-2.872943	-0.092399	3.518916	0.834502	-1.553325	0.136399	4.183380	3.984714	1.832887	-0.676408	0.713540	-0.122240	1.179002	-1.521684	-0.859378	1.921792	-0.020696
0.161831	3.012150	-0.299926	-0.231470	-0.030032	0.695168	0.351137	0.673005	2.239017	1.662793	2.139943	-1.436303	1.383762	1.448920	-0.159207	1.384183	0.453697	-0.188398	-0.003711	0.257901	2.080285	0.383402	-1.401051	1.678458	2.414292	0.190799	-3.307629	0.118829	1.922112	2.814935	1.846001	2.224743	0.668833	-1.777604	1.749938	1.683017	-0.426652	1.081600	0.059032	-3.737791	-2.972642	1.232613	0.390714	-0.461982	0.160506	-1.912859	-0.891641	1.750434	-2.374110	-1.117429
1.463245	0.452414	-1.545222	0.056040	1.099042	0.901030	-2.123338	-1.546994	3.496632	-0.850274	-0.773736	-0.525282	0.351944	0.527110	0.420805	0.322505	2.703221	-3.384394	-0.615639	-0.993539	4.432910	0.466175	2.484958	-0.810370	-2.072039	2.615285	1.902232	-2.261623	-0.013208	2.188667	1.869641	-2.434574	-0.918719	-0.297146	-0.700794	-1.271860	-1.005176	-1.457508	0.330636	2.126447	-4.627741	2.101134	-1.595398	-2.500446	-1.509527	-2.570239	1.672912	2.166178	-1.889782	-1.952974
-0.916767	-3.157517	0.948863	1.552459	-1.004934	-0.047370	-0.453502	0.394119	-2.144624	-0.646537	-0.945450	-0.175400	-1.964133	2.200349	-1.015433	0.743066	-0.015208	0.845530	-0.734259	0.340235	-0.997997	1.407990	-0.774633	-0.605718	0.676173	1.016702	-1.755152	0.063727	-0.091837	1.597522	1.138280	1.347244	-1.665106	3.630486	-2.748291	-0.251946	0.624570	0.332265	-1.103003	4.492158	2.732146	2.016164	-1.397731	-1.049916	-0.515829	1.247396	-0.034009	0.673278	-0.598109	0.748722
-1.276498	-3.503935	-2.827344	0.205288	1.596491	1.993475	0.127945	-2.806737	2.445800	-0.241796	-0.083145	1.219297	2.316805	-0.498627	1.273393	1.079272	-2.426398	0.711690	-0.487449	-2.023014	-0.416045	-2.575100	2.642756	0.260730	3.617008	-2.933865	-1.987494	0.540011	2.738031	-0.602270	2.302009	1.210306	-1.224802	2.994282	-1.505250	0.281693	0.352987	1.304054	-0.945996	-1.408374	0.187362	-0.788248	0.966287	-0.621322	-0.471918	0.361312	0.043032	-1.610552	0.870339	1.328304
1.020535	0.234509	-1.919424	-1.603380	3.398908	1.782728	0.243317	-1.804039	2.572882	1.049637	-0.583431	-0.268028	2.513875	-0.001333	0.694159	-0.546149	-2.113819	3.629491	1.099734	-0.434726	1.678638	-1.983654	-2.516051	1.688228	-2.824118	2.620163	-4.380364	3.372605	-1.836877	1.138607	1.048570	0.518525	-0.673044	0.217085	0.529422	0.518675	-1.204885	0.818302	1.198031	-2.272900	2.110104	0.080978	-0.854451	1.684043	1.319602	0.205390	-1.753871	0.165650	-1.160360	0.398483
-0.762251	1.827046	-0.347620	0.585347	0.575968	1.115900	0.394703	-1.260577	0.276908	-1.859975	-0.869012	-0.276779	-0.324324	2.170878	0.445429	-2.463815	0.372996	-4.524687	-0.524491	-0.846303	0.061039	1.842346	0.858963	0.446128	1.033396	0.161375	0.900643	-1.508884	-2.399915	0.139223	-0.115368	-1.056048	0.204843	-0.540895	2.657459	2.775535	-0.250132	0.119787	1.205404	0.553571	0.615991	-0.707899	-2.184705	-0.316630	2.484836	-1.939154	0.878632	1.987160	0.506318	-0.303064
-2.126180	1.047025	2.236946	-1.557485	3.039952	0.907929	0.369637	1.450319	1.037386	0.011675	2.128911	-1.220508	1.488321	-0.189084	1.177598	-3.126073	1.230842	-3.113334	-1.048708	-1.569188	4.904084	-2.135667	0.293547	-2.345102	-1.222342	0.870934	3.056508	-1.927984	0.787373	-3.186943	1.885469	2.272798	1.274548	-1.446224	-0.792226	-2.135886	1.386585	-0.377970	2.146910	-1.334792	2.670255	0.256518	-3.368925	0.441039	1.757817	-7.042960	1.454633	-2.066931	-0.589766	-0.265219
0.888795	-1.869203	0.633300	-0.139558	-1.850952	1.492877	0.924336	0.131067	0.715211	-1.249596	-1.225927	-1.413110	1.118085	-0.325129	0.480209	0.245500	2.011524	-1.939219	2.311579	-2.696759	1.878408	-3.027172	-1.006213	-0.417830	-2.714318	-1.634086	-3.193840	2.832732	-0.959330	0.470967	-1.035474	2.006023	-1.546070	-2.173720	0.280943	-0.641124	0.928897	-1.986934	-0.367059	2.376042	0.565571	2.462236	0.005407	2.478396	-1.611484	-1.045065	-1.415552	0.210897	2.846846	-0.131692
-0.306962	-0.910711	-0.863652	1.422705	0.716798	1.457429	0.307328	-1.579375	0.274270	1.270169	-0.651982	0.731787	-0.487390	1.423452	2.426111	-1.398682	-0.379594	0.220545	-0.645582	0.507611	4.714999	0.266477	0.148243	-0.297410	-7.094000	7.187789	1.978522	-0.688134	-1.764247	0.092960	2.355088	1.606990	1.375109	-1.566248	2.856622	2.414042	1.853695	2.744150	0.770881	4.282952	1.883036	-0.555809	-6.930468	-0.568870	-0.494438	-5.568552	-0.181455	1.157509	-1.354695	-0.488959
-1.090990	2.883814	0.906177	0.968526	4.655547	1.143928	0.773142	1.245388	1.509438	0.073392	-0.631641	0.262159	1.360425	1.253714	-0.111855	-1.420801	-0.568535	-1.057702	0.494507	1.379345	-0.701702	0.134773	0.314950	0.034014	3.060310	-3.420914	-0.835711	0.310804	0.314747	-1.899773	0.848859	-0.189362	0.280089	3.815913	-0.677113	-0.039264	-0.157540	0.575664	-0.241899	-0.948751	-0.715309	-2.125056	-0.313443	1.018046	-1.080003	-1.438559	0.296927	-0.835803	-1.350955	0.449289
-1.833392	0.498385	1.351450	-1.789248	3.256948	0.088019	-1.514305	-0.007926	0.286986	0.401601	1.647107	0.612590	-0.969217	-1.310736	-1.134901	-0.520158	0.463572	1.290857	-2.304322	4.228221	-0.312206	1.195702	-1.476757	-1.979830	0.101026	-0.476211	-3.310191	-1.273075	0.376475	-3.685759	-2.684918	1.275093	1.239646	-2.434589	1.150734	-0.031364	-0.078718	0.090878	0.553448	0.962639	0.618311	2.079894	-0.479947	0.026321	1.203023	2.353738	-0.565113	-2.840691	-3.704245	1.520990
-0.488692	-3.154238	1.312189	-0.461014	0.568522	-0.235231	-1.742312	0.785379	-1.849881	-2.577949	-1.366346	-0.938706	2.943890	2.154042	-0.772579	-1.695387	-0.889541	1.951034	-2.577889	-3.757385	3.874568	-1.775087	2.002212	-1.263161	-5.526691	4.365575	5.980673	1.056513	0.187816	-0.146989	3.921131	1.090965	0.072200	1.125766	-0.062247	-1.957006	-0.048360	-4.308291	1.303422	5.346343	1.516078	0.658651	-1.725160	1.388245	0.117309	-5.186594	-0.918295	0.152213	-0.332728	-1.571224
-2.379209	1.111103	0.177604	-0.913848	-0.050231	-0.219439	5.320859	-3.531781	1.276641	0.447843	-0.085994	1.129669	1.208769	0.310634	1.394475	-0.939956	0.300879	-1.788075	1.766534	0.368587	-0.097009	0.864278	0.875158	0.821445	-0.323081	0.555825	2.638121	-1.269122	-1.098895	-3.253198	1.407488	0.825883	-1.374562	-0.799496	-0.932005	0.106663	2.430334	-0.844194	0.581549	-3.593931	0.274659	-0.120239	-2.325000	-1.037944	0.698911	-1.583016	1.311629	-2.315362	-2.874651	1.008878
-0.177244	-2.778320	-1.233981	3.159514	0.468206	1.755839	-0.502268	-1.419232	-0.410679	-0.664658	-0.063891	0.502284	-1.167239	0.058289	-1.523611	0.003924	0.071637	1.954895	-1.488078	0.668453	-1.538288	-1.268299	-1.314680	0.163104	-3.395091	1.510737	1.242883	-0.295124	2.498237	2.671643	2.055553	0.212088	0.469428	2.311752	-0.954041	-4.399686	-0.333397	-0.994862	-1.983475	2.334277	-2.667830	0.932150	0.457761	0.557197	1.457686	1.397241	-1.551673	0.407632	0.393729	0.893356
-2.111709	2.885632	-2.264097	0.846220	-0.712667	-0.676020	1.869606	-0.588659	-2.188484	-1.060153	1.711497	-0.416103	-1.476730	3.162908	0.307235	-0.350163	-2.375591	0.193962	-0.447229	0.523050	2.825210	-1.255012	-1.966266	0.040514	-2.133664	1.532496	-2.780370	-0.882707	0.589257	1.165797	3.199441	-0.875118	-0.830762	-0.492223	0.083599	-0.926129	0.106840	0.020872	-0.788351	-1.991901	4.403903	-1.584911	-0.474380	0.720946	-0.784642	-0.595755	-2.353591	1.099866	1.574354	1.461528
-1.839006	-0.619839	0.841369	-0.981567	-0.176414	1.475875	1.502262	-1.087462	0.232066	-0.493078	-0.971706	0.492710	-1.015830	-0.019582	0.882565	-0.708324	0.657981	0.341081	0.055310	0.855793	2.747932	-0.222009	0.757946	-2.214187	-1.724197	1.536539	-0.252926	-2.774185	-0.452053	-0.321041	-0.023391	-1.437048	2.460349	-3.005293	0.637512	1.936047	0.823330	-1.045299	-1.423177	-2.303415	-1.828552	1.477806	-1.509926	-0.739581	1.834431	-3.968360	1.232694	-2.625622	-0.355603	0.702570
-0.224758	0.376894	-1.693114	-0.705445	-0.648837	0.285435	-1.732616	-0.045126	-3.541601	-0.610801	0.761809	1.061335	-2.183442	1.343797	1.107688	-0.402128	3.019940	1.212693	-0.534482	0.164767	-1.294201	-1.570539	0.210523	1.651563	-3.255064	4.246070	0.925144	-2.005898	0.694039	1.866334	2.157695	-1.314914	0.989260	-3.913935	0.843052	1.356524	-1.231587	-2.658379	2.535697	1.936791	-0.134357	-1.687984	-0.272529	1.203030	-1.018625	0.590575	1.377096	0.883459	2.474842	-1.453845
1.152193	1.212763	-0.169642	-0.360569	0.319452	0.073198	1.023250	-2.356004	0.783412	0.355470	-1.174183	-0.421030	-2.989550	0.161502	1.364129	-1.901109	1.215651	-2.377798	0.500306	-3.491961	-1.442030	-0.193509	1.767701	0.328174	-3.051357	2.387472	-0.495092	0.007451	1.735603	-0.307634	4.506903	-0.547545	0.723516	-0.437665	-1.899172	1.983742	1.238587	-0.432843	0.368133	1.408372	-0.453652	0.841602	-2.198205	0.255316	0.581397	-1.214385	0.923490	-0.783150	0.659915	-0.541540
2.064414	0.612066	0.367210	0.204215	-0.071843	-0.255448	1.422558	1.523665	0.644314	0.555472	-2.081650	1.058509	0.490165	-1.615527	-2.535703	-0.400432	-0.928228	0.929473	2.383442	-2.802103	-3.652989	1.597513	0.288103	-1.248686	1.441706	-1.259703	-0.519425	0.890329	1.076902	-1.236820	-0.665929	3.251459	-1.299856	-0.049208	1.099336	-0.906798	-0.695149	-1.452768	0.925613	1.620532	0.383947	-0.271297	0.494633	0.440073	-1.158998	2.171123	1.197168	0.924201	-1.700949	-0.394864
-0.603304	1.129062	-2.301032	1.910467	1.787837	-1.343539	1.410906	0.827124	0.422674	-0.368728	-0.008460	-0.145687	1.794733	-2.379976	-0.993753	0.306791	-1.649335	-1.270405	-1.387079	2.068000	-3.424856	0.911722	-2.180801	0.985561	-0.918329	-0.908077	-3.886640	-0.593672	0.972479	1.138025	-4.041043	2.288339	0.919868	-0.290844	-1.016765	0.493580	0.150209	-0.877295	-1.417915	-2.415546	0.968785	0.236730	2.060344	-0.133947	-1.396221	0.850339	-2.845260	1.712423	0.280837	-0.595240
-0.699387	0.989200	-1.914691	-0.536270	0.275932	-2.232250	1.355243	-1.338824	-0.551451	1.196869	0.089345	-1.206096	1.027685	1.678562	-0.838120	-0.883745	1.606493	0.072097	0.376630	1.435757	4.063017	1.192288	-2.050314	-0.621875	-4.418510	1.520810	-1.151842	-1.498870	0.147504	1.228269	2.356316	-2.585670	-0.879134	-2.985039	-1.055586	0.582422	0.398142	0.491381	0.478534	0.505440	-0.640494	-0.916440	-2.061809	-1.020297	0.241112	-2.224300	1.300694	0.395079	-1.939274	-0.908586
-0.826329	0.618957	-1.381057	0.137307	1.024389	0.597920	0.894815	2.185606	-1.746305	0.214612	1.100050	1.691694	1.991050	0.554190	-0.072612	-0.860942	0.104160	3.065891	0.683455	-2.173757	-1.732009	-1.330842	-1.348965	-1.000528	-1.793665	1.134304	0.742780	-1.864179	1.327313	0.145586	-1.755605	0.599724	-1.276151	-0.753655	1.730037	-1.946356	-0.786350	0.224313	-0.836566	0.170364	0.226716	-0.615929	-2.091042	-0.942998	0.008668	0.684539	-0.147807	1.062570	-1.425710	-0.244652
1.622899	-0.634733	0.706093	1.235004	3.281880	-0.805958	-0.025213	-0.467149	0.799799	1.979160	-0.058266	-0.179816	0.663076	-1.769638	1.171018	0.779239	2.286740	-0.541156	0.673054	2.187295	3.070606	-0.559439	0.260808	0.898300	3.917418	0.115370	2.955288	-0.604484	1.570546	1.501311	-1.394900	-2.529850	-1.300634	2.488016	-0.433460	0.724756	0.345219	1.208655	0.605684	0.508824	-2.892839	0.498840	0.967847	0.360377	1.085493	-1.898400	-0.766390	0.256917	-0.654104	-0.285053
1.546945	-0.472152	0.535900	0.796856	-2.898737	1.167651	1.325026	-0.101358	-1.449864	1.000196	-0.949897	1.277005	1.793733	-4.002633	-0.172514	-0.322453	-1.956370	1.132689	1.660880	-1.861225	-4.698379	0.818482	0.692549	-1.284851	1.028803	-2.021502	-1.942267	-0.585202	2.116445	-1.846415	-1.743838	0.141602	-0.864551	1.785603	0.008468	-1.059832	-0.088329	1.571189	0.662176	0.003456	4.491693	0.830828	1.063726	1.175526	0.482792	3.991698	-0.964578	-0.946879	0.276347	1.025446
0.202027	-1.467899	-0.635136	1.114417	-1.491075	-0.317377	2.296952	-0.363942	-0.333036	-0.542316	0.458182	-1.427700	2.524241	-2.581404	2.953520	-0.045966	1.985442	-0.913197	1.245014	-0.126882	-1.426423	-0.112389	-0.186561	0.248589	5.446806	-3.377134	-0.484869	0.624020	-0.829798	-0.760522	-4.778904	0.776900	1.514192	0.285564	-0.013613	-1.504124	1.933984	-0.576766	-1.796771	-1.606054	-1.734834	-0.412574	1.831730	0.365796	1.256379	1.653954	-1.607860	0.345987	2.553600	0.544647
1.441751	-1.461273	0.883784	0.279454	-1.389457	-0.792949	0.042769	1.727743	0.721842	0.408293	0.640708	0.368398	-1.072921	-2.704106	-0.289804	-3.181203	-0.171790	-2.223239	1.423398	-3.283562	5.643010	-2.369282	1.311659	0.575058	-2.216192	1.649393	2.756841	-0.758828	0.436568	-6.500174	-2.589667	-0.704837	-0.852982	-1.072734	-2.287984	-2.349501	0.398882	-0.711143	-1.038765	2.305912	3.836965	-0.573747	-6.461975	-0.308857	0.088787	-6.253576	1.838682	-1.609831	-3.908835	-2.329789
0.992366	2.138074	1.953432	-1.284839	-0.406580	-1.283061	1.145271	1.362104	-1.280926	2.467525	0.414045	0.640379	-0.481439	0.062251	-0.822098	-2.217909	1.338449	-1.113421	-2.682907	2.906681	2.319947	0.049512	-0.212489	-4.322531	2.912772	-1.574061	0.904872	-1.423362	-0.978384	-0.884893	-1.402448	1.150960	1.043080	-0.251754	3.087206	-0.009346	-0.776579	-0.360551	-1.117080	-0.117707	-3.653719	-2.533980	-2.287633	-1.147736	0.826922	-3.633420	0.907569	1.568638	-1.664762	0.726994
-0.575402	-0.171944	-1.123456	1.298842	-2.400939	0.391435	1.269156	-1.545203	-0.059053	2.228066	0.784494	-0.951411	1.899111	-0.339146	0.629505	1.391513	-1.272739	-1.478025	1.593742	3.573537	0.882449	2.511620	1.832379	0.558391	2.599628	0.253389	0.361405	-1.389866	3.129770	1.166702	1.179971	0.346611	-0.435320	0.770078	-0.347894	-1.457550	3.357880	2.462726	0.820037	-2.695185	1.755845	-1.848090	-0.003083	-3.247222	0.678725	1.141142	0.128439	-1.530368	0.247036	3.522328
0.111842	-2.128992	0.307356	1.745428	-0.150383	-1.600312	-0.760159	0.348810	0.565673	-1.908508	-0.108636	2.895218	-0.049488	-1.203507	0.317198	1.681202	-3.415319	1.000969	-1.443397	1.997325	-2.654969	0.324323	-2.190291	-0.058591	-0.962376	0.690107	-0.356247	0.393587	-0.188695	1.198591	-3.367418	0.606683	0.540940	1.558279	0.500912	-0.391065	-2.211789	1.089099	-1.093513	-1.726560	2.159955	-0.704866	2.033266	0.135938	-2.318068	2.755824	-1.406177	0.740926	-0.725399	0.238886
0.333498	0.157983	0.413057	-0.817713	-0.025598	-0.664628	-2.517250	1.064968	2.174159	-3.634619	-0.021027	2.097613	-0.731133	-0.617958	-0.064678	-0.093498	0.372047	-0.829925	-0.453948	-1.527449	-0.437358	-0.993244	-0.386685	0.553144	-0.431048	0.851398	-2.337633	-0.174462	-0.553659	-0.050312	-3.789832	1.122571	-2.430934	-3.256879	-0.002393	2.124779	2.362256	-0.532316	1.058116	-1.912704	0.053708	-0.401924	1.003715	1.376482	-0.165842	0.526113	-0.438587	-1.699203	0.489317	-0.675631
0.443974	-0.202319	-0.013377	0.442187	3.184375	2.337524	-0.102313	-0.501101	0.769720	0.596136	-0.389236	-0.850465	0.277322	0.308455	-0.815032	-3.012780	0.471829	0.746227	-0.702071	-0.534358	2.695145	1.418910	0.210793	-0.159377	-0.515752	0.910260	0.726689	-2.501187	-0.055423	-3.160254	2.870908	-0.726604	-1.514304	-0.500531	1.191113	-1.647360	-0.700144	0.142354	1.785879	0.324830	-0.564946	-1.457427	-2.666449	-1.890109	2.002156	-4.792544	0.249881	-0.730585	-1.934063	1.227796
-1.363511	5.142233	1.850397	0.173630	-2.381381	1.230304	-0.106037	1.804235	0.226241	-0.759043	0.117232	1.634427	2.774352	1.347008	0.255860	2.525809	1.193312	2.354193	0.605219	-3.594522	1.533702	-4.013887	-0.067571	-0.328284	1.584861	-3.045353	-1.346184	1.303966	1.152203	2.963913	0.186091	0.607973	2.141238	-1.319570	2.759852	-0.849400	-2.666174	0.768917	1.440256	-2.626156	-2.246645	2.201537	5.612905	2.696655	-1.756923	-1.522617	-2.320448	1.852624	0.707614	-0.761790
0.966005	-0.152678	-2.185076	0.907282	1.868379	-0.322726	1.985887	-1.479711	2.844333	-0.792770	0.509548	-0.245043	1.242581	-0.593392	-0.556505	0.868758	-1.413469	-1.346563	1.327046	3.012304	-4.177359	-1.328916	0.137335	0.548634	1.528944	2.934491	1.859988	0.832084	0.212651	-0.791823	-0.242021	1.595534	0.439177	-0.535819	-1.151061	0.768187	1.761867	-0.710558	0.545026	-2.874407	-0.881561	1.566628	-0.872325	1.442930	1.394221	3.634231	-0.168842	-0.261162	-1.851547	0.448720
0.052822	-0.697949	2.271470	2.909090	0.128103	-0.654431	0.949443	2.341004	0.341086	-1.020358	2.115755	-0.371873	-0.159987	-0.307900	-0.638050	0.472032	2.088733	-2.705604	0.519809	-1.613654	-3.087517	0.650940	0.287498	0.410394	5.110328	-2.897340	1.010496	-2.940414	0.061024	-1.345037	-3.349011	1.317928	-0.925408	4.229335	0.255324	-0.908804	2.080303	-0.934272	-2.100317	-5.996314	-2.158274	-1.356622	1.525832	0.699686	0.453407	2.329100	-0.113115	-0.035950	2.767787	1.477730
0.176449	-1.831186	1.567057	-1.338185	-2.467381	1.198833	0.892135	1.535622	0.584638	0.814889	0.025028	0.381363	-0.962972	-1.511429	0.022281	-1.629085	0.365454	2.230931	-0.613637	-1.111140	-0.109310	-2.533804	-0.246539	1.372338	-0.648531	-0.978796	0.511562	-0.102981	0.321029	-2.068928	-3.324285	-2.180283	-1.698246	1.929364	-0.091128	0.883822	-0.703113	-3.275303	-0.198897	-2.926985	-0.406508	-0.158946	-0.401588	1.495581	-1.183120	2.330451	-2.240027	0.358770	-0.826806	-2.672975
2.247673	-0.582221	-1.405549	-1.274880	-0.075577	2.286366	1.562781	-0.513211	-2.346699	-0.824858	1.744610	0.267542	-1.047183	-1.437729	-1.160361	-0.891230	-1.255607	-1.725344	3.739234	-0.825818	0.260104	1.749331	-0.564878	2.553152	-2.260769	0.800832	-0.005760	-1.958534	0.777826	-2.883609	-0.732236	-1.785881	1.175110	-3.159939	0.792354	-0.829854	1.694911	-2.594757	-1.225493	-1.863015	0.541018	-1.093107	-2.517721	-0.556496	1.596973	1.133650	-0.054597	-1.845661	0.476992	-1.614496
-0.733001	-0.178384	1.543617	0.323151	1.004110	0.204493	-0.128568	-0.692500	0.629959	1.457606	1.360082	1.063359	2.047032	0.779373	0.230839	0.457743	-0.736396	0.855608	1.486162	-0.631638	0.708414	-2.232075	1.011521	-1.533153	-0.551871	-1.551657	-0.149524	1.048977	1.109091	1.295663	-0.597844	1.271807	0.130285	-0.262524	-2.871375	1.381854	-1.102280	0.383162	0.203374	-4.287015	0.646347	-1.166101	1.327771	0.422024	-0.523262	-0.606948	0.461721	-1.078172	1.066383	-0.704658
1.966271	1.091181	1.522127	-0.090523	-2.042982	0.375892	1.188696	0.459488	-2.003595	0.069550	-0.447166	-0.705130	-1.937498	1.271085	-0.113522	0.888802	-0.269183	-2.083176	-1.555063	1.990121	0.408815	-1.184150	-1.012783	0.451666	-0.953623	0.445780	-2.191631	0.537040	0.408722	1.770279	-1.453633	1.999227	-0.046779	-4.435885	0.100252	2.871190	-1.424230	-0.097205	-1.809354	3.002259	1.313234	0.832391	-0.280136	0.739861	-0.707073	-1.247267	-2.795138	-0.151863	2.236798	0.260054
1.416341	-2.149415	1.918402	-1.239906	-3.364528	-0.277359	-0.212064	0.504403	-1.910539	0.235393	-0.102240	-0.283058	-0.137412	0.613274	1.054889	-1.705773	-0.478640	1.861752	2.575789	-0.501126	-0.991523	-0.961590	-0.126180	-0.616147	-1.414348	0.451517	-2.314604	-0.540511	-2.425080	-0.958578	0.216824	-0.830323	1.429766	-4.774681	2.234303	0.868991	0.286845	-1.429423	-0.160233	0.306976	3.199404	-1.313202	-0.984565	0.168481	1.773989	-0.050569	-0.281274	1.344629	-1.049389	-0.729841
1.572654	1.090730	-4.361513	1.075583	1.437715	-1.625006	-1.226877	-2.476456	-0.772329	2.618079	1.501575	-0.614129	0.098782	0.019027	1.655483	-0.645706	-0.111137	1.765175	0.099732	1.060843	0.445320	1.072230	-2.005262	0.030690	-4.614155	1.556594	-2.259955	-0.995100	-1.384403	-1.428750	1.915884	-2.319906	0.686644	-0.749906	1.107645	2.622489	1.489844	1.182533	-2.561517	1.668232	-0.175399	-2.121039	-2.082784	-1.316946	0.901227	-0.416890	-1.741666	-2.413292	0.055421	1.961323
1.022599	0.452103	0.992754	-1.950645	-0.948778	0.812973	1.280469	2.146310	0.310962	-1.001270	-1.266698	-0.773100	2.638312	-1.841760	-1.053478	2.248078	-0.424358	2.682045	-0.732490	-0.210419	3.992440	1.189864	-1.063913	0.546069	-4.218099	3.517939	-2.407819	-0.131361	-2.060755	2.657188	-3.062100	-0.800961	-0.220873	0.366073	0.510033	1.230862	-1.079008	-0.006063	1.231619	2.816047	-0.085364	1.328426	-1.925401	-0.376799	-0.552502	-3.298301	0.026018	-0.532505	-1.568545	0.526982
0.676079	-1.441950	0.779386	-2.567547	-0.314967	1.856678	-0.118327	-0.425241	-1.031869	0.083754	0.647718	0.165323	-1.698653	0.554429	-0.066894	-1.176019	0.611079	1.063815	-0.046474	1.775930	0.229533	1.678643	2.199151	-0.384240	2.496285	-0.645386	3.428917	-0.947643	0.435308	0.990626	-0.672690	-0.990569	-1.602448	-0.888908	1.575722	-1.511217	-3.810680	0.070522	-1.750396	-1.591595	-0.053808	-2.264094	-0.573579	-0.022535	0.801127	0.226291	0.774203	1.041171	2.980481	-0.692292
-2.579291	1.157704	1.154806	-0.014561	-2.344310	-1.376263	0.296469	0.435689	-0.146167	1.033357	-0.455225	0.649352	1.581654	0.954296	-0.287956	2.583712	0.821327	-1.141706	1.715517	0.070986	-2.856021	3.097625	1.580290	1.815494	3.705129	-3.369405	0.531979	1.121237	0.517997	1.910592	2.081184	1.000860	1.343341	-2.658176	-2.290930	-0.029336	1.790982	1.272063	0.362036	-1.305068	-3.100530	1.052201	2.110293	-1.680394	0.554515	2.442270	2.285711	-0.244564	2.020444	1.493357
0.463659	-1.952346	0.035043	-0.726650	0.450239	1.340411	-0.328693	2.310373	-0.446994	-0.387715	2.841870	-1.416356	-0.137008	-0.789668	-0.581804	1.335811	-0.620463	1.874892	0.728806	0.685154	-0.736656	-0.576746	-0.919859	0.502053	2.955872	-2.249769	-2.223445	-1.086230	0.034452	-3.128375	-3.466607	-3.233088	-1.107133	1.782071	1.821034	2.643706	1.543785	-0.585374	0.946372	-3.660436	2.367052	-0.660339	1.843898	-0.187781	0.989057	2.927369	-0.883664	-3.570306	1.440335	0.279360
0.733789	0.990845	0.880287	0.898032	0.045041	-0.507677	-1.479647	-0.704468	-0.642187	-1.444071	0.696712	-0.071498	-1.526064	0.932394	-1.560203	0.953583	-0.828662	0.926598	-3.016961	0.688084	4.091062	2.297519	2.629637	-1.161050	1.402520	1.582970	0.397863	1.416097	-0.772431	-0.454717	1.618049	-0.080142	-0.946283	2.746516	0.616270	2.216777	0.431355	-1.598442	0.853209	-1.547730	-0.596465	-1.794804	-0.041762	-1.241022	-0.835961	-4.598416	0.915580	-3.079405	-0.012692	0.467529
1.233761	2.961056	2.419363	-1.238805	1.786757	3.987807	0.354687	2.240335	0.595759	-0.916580	1.360145	-0.352614	1.406420	-0.718605	-0.118440	-0.789479	0.226252	0.955611	0.294630	-0.046677	-1.097173	1.313908	0.130642	0.324656	-2.109134	2.239830	-0.220084	-0.979396	-1.420892	-1.042556	-1.170621	1.082591	-2.034019	1.429818	2.981196	-0.521834	-0.499268	1.056306	3.263012	-0.592678	-1.122179	0.715646	-1.643338	-1.546655	1.488558	-0.353118	-0.265638	-1.215780	-1.506900	0.178131
0.682293	0.629863	1.298853	-0.348661	0.871357	0.072945	5.117243	0.380341	-0.076511	-3.151692	0.776258	-0.471140	-0.623622	1.063285	1.000674	-1.479069	1.548009	0.713186	-0.422631	0.474168	2.509746	0.942845	1.559961	0.540763	-2.367813	1.765516	5.838767	-0.412226	-0.769497	1.403125	3.200546	0.990662	-1.269333	1.698890	1.417436	-1.565070	0.013431	-3.048113	-3.220238	-3.602268	-3.500914	-0.524375	-2.153339	-1.887114	-1.110125	-4.598197	-0.588123	1.681237	-1.940900	0.199931
0.256503	0.688087	3.070290	-0.749587	-1.257533	-2.729178	2.935149	1.346857	-2.301758	-0.232203	1.788941	0.353727	0.410815	-1.745731	-0.510279	-2.164123	0.056099	-1.549952	-0.069132	-0.780494	2.153370	0.126680	1.307950	-0.401725	-0.840733	2.938086	2.151999	0.479541	2.357025	0.947849	-0.260825	-0.650384	-0.063719	-1.753197	-1.004514	-2.234183	-1.561134	-1.224880	0.186304	-1.270430	2.754027	-0.372756	-2.449351	-0.521481	-3.923441	-2.123799	-0.534195	0.095763	-0.019082	-0.536088
1.244969	2.208849	-0.647441	-0.336863	-1.144943	1.076045	0.155339	-0.869084	-0.900801	1.445995	-0.315177	-0.513435	-0.539008	0.882986	0.118733	-2.167929	1.098834	1.430007	3.528155	1.664808	2.006924	2.931748	-0.394320	2.643637	0.689214	0.211480	0.359269	-2.587339	0.465414	-1.306118	0.674618	-1.691674	1.973951	-0.209737	-0.599123	3.102620	-0.388671	-0.143228	0.501454	1.587423	-1.672477	-0.600571	-3.084005	-3.643813	1.168219	-1.368670	2.057026	0.755293	-0.702533	-1.031348
-0.524004	-1.023536	1.997668	-1.583811	-2.281715	0.005237	1.485479	2.355457	-0.662136	2.458309	-0.641828	0.685838	1.076935	-1.135448	-0.320627	-0.338712	-0.311696	0.234554	0.566828	0.190733	3.052521	1.037530	-0.140605	2.498956	0.585877	-2.088379	-2.212494	0.858781	-2.731300	-1.763794	-3.548946	0.122017	-0.361463	-1.603388	0.683624	-0.432183	1.309460	0.718886	-0.043374	0.797307	0.263642	-0.094142	0.009576	0.141454	0.092534	-3.433958	-1.123722	0.143670	1.247833	1.809992
0.206039	-2.368754	-3.112807	2.669136	-1.987313	-1.788238	-0.498551	0.805789	-1.870260	-3.053428	1.506330	0.184353	-0.050479	-1.148820	-1.081177	0.815875	0.582593	-2.941350	-1.004099	-2.531222	-1.714693	-2.633569	-2.973263	-0.319684	2.206245	-2.001257	-1.518005	1.270197	1.085077	3.471894	-2.689658	-0.837261	1.599681	3.298445	-0.020637	-0.069052	-0.392111	-1.301617	-0.508690	-1.319494	1.631974	0.208742	2.920422	2.402501	-0.922176	2.110466	-1.109040	0.748718	1.790916	-0.717422
0.532466	-1.905990	-2.559934	-0.752521	-0.434926	2.071491	0.946428	-1.581483	-0.315301	0.642922	-0.539127	1.459929	0.072684	0.570453	1.867572	0.377449	0.026004	1.361198	2.478747	-3.532109	0.105710	0.604247	-2.522955	-1.459380	2.781021	-3.346465	0.891554	3.778111	-0.579268	0.825331	-1.368419	1.399221	0.487120	-0.724075	-0.748198	2.517345	-0.893333	-1.455676	-2.186076	-4.007862	0.037720	-0.468106	4.195501	0.218202	-1.397933	1.678819	-3.933930	2.327604	3.189002	0.201438
1.648412	0.720866	2.665578	-2.225535	0.523258	-1.101989	-0.747435	2.370846	-1.863922	1.355330	-0.017375	-0.048733	2.680898	-0.834132	-1.818328	0.159628	-1.332226	-0.744227	-0.862891	0.628693	3.744476	0.032427	1.223408	0.878356	-3.903664	5.071679	4.525202	0.068047	-2.974029	3.089922	-3.027732	1.351598	-0.765662	-1.949756	0.705077	-0.482620	-1.107753	2.100280	2.963015	2.182309	2.815413	-1.788259	-2.884985	0.279299	-0.717467	-4.042748	0.688122	0.024014	-0.677639	-0.969436
0.602331	4.055403	0.622030	0.785595	-2.014968	-0.999905	-0.336632	0.215483	3.184675	1.338758	-0.621597	1.185978	-1.198432	0.428306	0.577332	-0.167008	-1.158606	-0.122719	0.580202	1.529055	1.391643	0.095635	1.603198	-0.844983	-1.820809	3.480103	2.466487	-1.433074	0.347548	0.089167	3.135822	-1.124933	-1.904062	1.296542	-0.499795	0.264430	-0.717549	-2.163795	0.536027	0.618414	-2.035615	-0.281601	-3.060275	-0.070657	1.333354	-1.118117	1.036394	-0.073267	-2.580897	0.822519
0.921802	0.602116	1.980778	-0.895070	2.152823	0.259339	0.566090	-0.090235	1.067272	2.051110	-1.040677	0.033658	-0.697137	-2.572803	1.476476	-1.037570	-1.486904	-0.405586	-1.072218	-0.618188	-0.866650	0.751801	2.144902	1.453121	-0.188380	3.509218	2.918658	0.050244	1.013697	2.790283	1.158240	1.077076	0.097421	-0.621147	2.557668	-1.717460	0.490101	1.302444	1.190141	1.192051	2.066168	-1.454367	-3.536847	-0.230805	0.011686	-0.209785	-0.041447	2.254688	-3.002583	0.527692
1.118182	1.572214	-0.820244	0.415590	0.497892	-0.550074	-0.061090	-0.652586	1.647497	-1.847283	0.590068	0.292237	0.554286	2.827965	-0.757897	0.644217	-0.078710	-0.480896	-0.922586	2.252336	1.391532	-1.750567	-3.516469	-1.072793	2.094009	-2.219286	-1.626371	2.531405	0.471783	0.306776	0.876041	1.389946	-1.541928	1.498163	-2.954115	0.440295	0.768901	-1.429696	-1.506423	-5.057935	0.453262	-0.655932	2.450997	3.264457	0.183597	-1.720581	-1.308932	-0.889068	-0.808305	0.506415
1.633642	-0.501380	0.667614	-1.412428	0.300782	-1.808970	-1.538311	-0.562950	0.044011	-0.240346	-1.552257	0.016328	1.013924	-0.183339	-0.426063	0.110388	-1.547166	1.439722	0.841730	1.967021	1.795854	0.597265	1.567063	1.147512	0.549874	-0.221267	1.626575	-0.494305	2.005236	-3.063411	1.835921	-0.673602	-0.151097	0.058388	0.590119	0.308688	2.427435	-0.258621	-0.865585	3.917259	1.924852	0.255098	-1.078040	-0.481239	3.314503	-1.702447	-0.364583	-3.219778	0.000187	-0.196861
-1.704682	-1.848043	-2.379089	1.212440	0.869286	-2.200565	-0.680960	-0.572445	0.420871	0.044945	0.710236	-0.024745	0.820329	0.497707	0.032688	0.768714	1.786163	1.327079	1.869485	1.437733	1.827355	-1.072384	0.525202	0.944165	-2.720805	1.616596	-2.586531	-1.263919	-0.818460	0.659230	1.091399	0.900991	2.210106	-1.072361	0.588338	1.621159	0.629956	-0.007843	-2.645045	0.268526	-2.959115	2.477683	-1.239261	0.256818	3.189742	-1.847344	-1.154694	0.219714	-0.512759	-0.377925
1.657285	-0.628354	2.876633	0.874107	1.686307	-0.666022	0.820371	3.476495	-2.145152	-1.185490	-2.760762	-1.100238	0.256298	1.149615	-1.143774	-0.854382	0.249365	-1.090893	2.350196	1.718842	1.936540	1.823674	0.544212	-0.160744	2.087480	-0.804721	-0.211760	-2.029630	-1.055227	-0.643990	-1.270174	0.655968	-2.515668	0.483023	-0.981568	1.299253	1.760384	0.086547	2.190203	4.313194	1.468583	2.316005	-0.684235	-2.272336	2.164266	-2.506320	-0.073313	-1.301801	0.835266	-0.429230
0.327616	1.322901	-0.242658	-1.000513	0.534615	0.750655	1.469309	0.016495	1.746653	-2.346791	1.077282	0.419756	0.245519	0.563366	0.997387	-1.628099	0.681135	1.475337	-1.676289	0.957401	-0.031773	0.485640	0.749989	0.517230	-1.507619	-0.918759	3.014294	-1.495696	0.301317	-2.727260	0.588243	-0.745148	0.918798	0.451946	1.234423	0.489808	-0.010917	-0.388075	-2.042987	-3.553823	-3.907174	-2.069766	-1.644346	0.434203	-0.269716	-0.755795	-0.518888	0.102756	-2.224151	-2.489672
-2.161087	1.410528	-0.335902	2.256096	0.768351	1.587106	-0.783061	-0.597569	-2.912196	2.016586	-0.523712	-1.558456	-2.369425	1.595271	0.230406	-1.338133	2.034026	-2.546747	-0.321093	-0.744273	0.625546	-1.241229	-0.344954	-1.184337	2.516067	-2.326855	0.527224	-2.363935	1.552026	-2.732981	4.017225	-0.720917	0.300589	2.125172	3.014887	-0.399988	2.486333	-0.054391	-0.086740	4.333026	-0.045178	0.914150	-0.046006	0.101816	1.316556	-0.368639	0.116693	-1.680895	0.676104	-0.875655
0.940977	-0.944556	2.237732	-0.355517	-0.876810	0.741277	-2.087064	1.891930	-2.159388	0.000487	0.015838	-1.069906	-0.480787	-1.085609	0.576361	-1.211812	-1.586077	-0.291694	3.208610	2.750057	2.159125	0.861735	0.338202	0.427588	4.293285	-0.747452	0.858860	-1.693964	-0.538088	-0.122953	-3.169086	1.519108	0.351731	0.731930	-1.649753	-1.384495	0.519473	-2.391235	-2.709860	3.745597	-0.336713	1.230777	-1.177752	0.881212	-0.076778	-1.664555	1.199207	-0.925789	-0.302465	-1.692058
0.252548	0.917146	-2.544725	0.933558	-1.613430	1.345201	2.597724	-1.973861	0.811380	2.485738	0.642801	-0.677565	1.120289	-0.165906	1.569736	0.070758	0.197071	-0.527785	3.298123	-0.291242	1.481509	-1.944666	3.315214	-3.369100	3.255797	-2.788696	2.878703	3.696791	-1.449940	-3.103177	1.611012	1.334949	0.186385	2.494947	0.930580	-1.761681	1.187236	4.104217	-1.182201	-4.216747	-0.866590	-0.667350	-1.642682	2.226695	-2.021147	-2.325069	-0.400478	-3.517524	-1.482825	1.039274
-0.212916	-1.176582	-0.541953	0.014671	1.631908	-1.206830	2.866264	-1.565711	0.326676	-0.946316	1.777375	-1.286246	-0.259044	1.879512	-0.291140	0.418885	-0.793343	-0.929369	-1.580323	-0.035421	-0.197313	-1.785504	1.663668	-2.980894	2.701880	0.339594	-0.044788	0.729309	0.008257	1.659990	3.989703	-1.496599	-0.003570	-1.121504	-1.370326	1.219306	-2.553898	-0.234534	2.254972	-1.571178	1.484576	1.201386	-1.334496	1.551015	0.349592	-0.673018	1.110335	1.881619	-1.438451	0.984127
-0.994239	-0.319281	0.957698	0.848237	-1.360412	2.467027	-0.524938	0.170804	-2.117040	-0.125730	-0.422561	-0.630661	-0.855758	0.933667	-0.298222	2.744336	0.467815	1.412199	2.799718	-0.289177	1.311503	-0.987776	2.738699	-0.736295	4.425594	-2.720003	3.208241	3.001655	0.365216	2.739828	0.030805	-3.165563	1.040362	2.743386	0.755252	-0.290051	1.142629	0.528979	0.720397	1.515629	2.247886	1.725637	1.675380	3.027263	-0.937339	-0.200069	2.659925	-0.886308	0.371351	-0.763891
2.722461	-0.896340	0.070499	-1.034120	-0.285839	-2.729485	-1.456509	-0.900000	0.367778	-0.106837	0.328256	-1.181875	-1.097756	0.081264	-0.372627	-1.489406	-0.308478	-0.046889	-2.523617	-0.092595	2.302945	-1.787624	1.067582	2.447554	-0.317061	-1.323039	-1.989306	0.685491	-0.362182	-3.484926	0.025376	2.594531	1.266091	-1.014298	-0.638392	-3.381602	2.666118	-1.880039	-2.091722	1.045764	-0.367771	0.855406	-0.758538	1.064568	-1.541460	-4.116591	0.976775	-2.247625	0.213985	1.515979
-1.938214	-0.763872	0.466822	0.336884	-0.032770	-0.984455	0.760555	-0.461167	0.096457	-1.563372	0.927074	2.080779	3.049408	-0.557383	0.561627	-0.286966	0.311822	0.195512	1.205180	1.087664	-2.694484	-0.432107	-1.136323	-0.473658	4.721558	-5.244579	-1.556544	-0.510399	0.180847	-0.328485	-0.664585	-0.407150	-2.003705	1.337153	0.084442	-0.445171	-2.025737	1.304470	-1.320474	-3.396265	-2.597440	0.665684	3.173142	1.956073	0.657411	3.034751	-0.721645	1.790544	2.961503	0.209055
-0.702848	-0.013266	0.578435	-1.818654	0.147259	-0.617013	-1.930268	-1.936322	-0.990151	-1.719148	2.691894	-0.445855	-0.310594	1.817203	1.950661	-0.283671	-0.189205	-1.182295	-2.415282	1.372755	-2.850101	-0.312571	-1.286742	-1.717398	-2.089595	1.771310	0.798084	0.003167	0.333472	1.863576	-0.455187	-0.265529	-1.599562	-2.348059	-2.438080	-0.854110	-2.996091	-1.061021	1.522275	0.885082	3.882336	1.540864	0.708148	1.230237	-3.153568	2.577511	-1.926554	1.112525	0.321198	-1.378533
-0.061886	-1.401958	-1.984201	0.308743	-0.990756	-0.720223	1.180775	-0.415965	0.013603	-0.419716	0.529250	0.316546	-0.560327	0.236593	-1.427106	0.487206	0.948649	-2.804619	1.702873	-5.023196	-0.519530	-2.560863	-1.288849	0.500047	0.385898	-2.585056	-0.683604	0.729450	1.457590	-1.018854	0.595540	-2.015712	-1.118518	0.137781	1.746845	-0.340592	-1.712784	1.460951	1.940377	-1.599960	0.804886	0.440990	3.106760	1.816623	-1.235394	-0.241122	-2.363941	0.624385	1.650924	-0.387485
-1.522655	-1.053407	1.492143	0.682171	-0.014707	0.317672	2.990017	0.647438	0.297207	-1.231533	0.429697	-1.964408	-2.319265	0.082421	1.619131	-2.129409	0.339951	3.435618	-0.292986	0.638249	3.266802	1.529854	0.763929	1.832459	-1.474536	0.275793	0.651152	-0.429791	0.003295	-0.180997	0.787280	-0.262200	-1.916417	-2.671361	-0.041458	1.085434	-0.295952	-2.298463	-4.399348	-2.808738	-1.318375	0.572129	-1.387219	-0.707265	0.223109	-2.151427	0.563839	1.208499	-0.132981	0.618527
1.927666	-0.900111	-2.417864	1.677329	1.523842	-0.717597	-0.927470	-1.734013	0.622526	0.755589	1.655738	-0.667889	0.966852	-2.016776	0.489013	0.919929	0.575494	-0.616173	-1.858666	-0.822263	-1.419824	-0.586642	1.779034	-2.080228	2.441440	-4.590903	1.193338	0.518458	1.558948	0.316419	1.195476	0.177637	-0.603479	2.061812	0.314848	-1.439209	-1.338492	1.249758	-0.832236	-3.376948	-0.854459	-0.381689	3.823435	0.600482	0.254290	2.575275	-0.255610	0.320008	2.809247	0.431603
0.755258	2.334211	-1.211671	0.043306	0.088823	1.271644	2.009302	-0.241480	2.636142	-0.215644	1.561373	0.026282	2.022702	-0.771521	0.503932	-2.069896	1.303567	-1.800379	1.220073	-0.592027	2.795434	-1.601773	-1.218705	-1.999783	-0.734904	1.002282	-1.116653	-0.097908	-0.278848	0.344033	0.130300	3.035612	-1.678256	-1.148293	0.753223	-0.352693	1.312357	-3.183878	0.324891	-3.022763	-2.372780	1.308407	-2.428093	-2.529384	-0.333607	-2.169131	-0.520681	0.990843	-3.873191	-1.437056
-0.593072	-0.364463	1.092248	1.673359	0.556076	-1.222954	-0.554171	0.827239	1.809008	0.536471	2.273873	0.516382	1.572473	0.392104	-0.064621	-3.001622	2.942767	0.350808	1.672539	0.699524	1.108342	1.228387	0.396110	-0.484208	1.522695	-1.410318	2.542734	-2.988154	0.027138	-5.112034	-0.612867	-0.532142	-0.047532	0.735904	0.170561	-0.436551	1.375076	-2.510538	0.023428	-1.155857	-1.884304	-0.355928	-3.287209	-1.394698	1.859069	-3.857343	1.340671	-3.337792	-2.216970	0.606878
-1.450210	0.755897	-1.522558	-0.822391	1.050670	0.282754	-0.530736	-0.610132	-0.963469	0.497092	0.242943	-0.249370	-1.688211	1.561481	-0.565667	1.022445	2.022318	-2.169419	1.927269	3.015687	4.404731	0.849301	0.156677	-1.198478	-0.227902	1.043106	2.644999	0.062466	-1.043095	-1.379631	3.620600	0.368011	1.333091	-0.292680	-3.272645	-1.349527	0.257918	2.090296	0.618689	1.926489	-0.298124	-0.056054	-3.056103	-0.030239	1.980252	-3.333379	-0.009971	-0.174453	-1.538826	-0.447661
-0.082607	-1.222062	-2.154437	2.013617	-0.084675	-2.790331	0.720751	-0.125148	-0.319611	0.700140	-1.027480	0.512699	2.601710	-1.627970	1.171969	-0.599783	0.551894	-0.872599	0.682898	3.412221	2.200324	-0.764546	-0.296031	0.076421	-1.374889	0.958246	2.635536	-0.159126	-0.426946	-1.063130	-2.182466	-0.891590	2.548739	1.658540	0.140075	0.499332	0.396202	-0.429454	0.005667	0.760370	2.407281	0.906600	-1.584206	0.045475	0.855472	-1.976145	0.356654	-1.010232	1.389908	2.456682
0.393325	4.406953	3.271820	0.711180	-1.730647	-0.458503	0.290850	2.684943	-0.409290	-0.231419	1.104920	-0.578787	2.002285	1.462749	-0.804482	0.455370	1.148939	1.117589	0.976219	-3.562458	1.604433	-1.863931	0.099261	0.100028	-0.327123	1.824382	4.074370	-0.829611	-0.600276	2.204188	2.222711	-0.387836	0.463283	1.600233	-0.904489	-0.683797	1.249051	-0.105480	0.496023	-0.208045	-2.288375	1.295253	0.787363	2.005652	1.167644	-0.019546	-0.636666	2.893821	-0.294472	-0.855470
-0.995743	-0.734838	2.984917	0.115639	1.556509	-0.754499	1.597722	1.188339	-0.283827	3.979451	-0.144005	-0.872643	-2.428951	-0.830081	1.001555	-0.292940	1.328340	-0.322548	-0.272423	-2.772317	-1.522659	1.353009	1.629399	-1.383652	-1.936712	-0.129553	1.435193	-0.094452	-0.542831	-1.393441	-2.254301	1.023777	0.593756	-1.164702	-0.405645	-1.432338	-1.475992	2.641373	3.112924	-1.485303	3.254107	-1.258385	-0.408092	-2.457552	0.589116	0.219680	1.582703	1.106517	1.608547	0.400554
-0.934123	3.285491	0.796171	-0.705857	0.754498	1.860707	1.035455	0.301030	-0.227110	-0.176835	1.167391	-0.067715	0.410429	2.760394	-0.439526	-0.129664	1.289355	1.675131	0.982709	0.109440	-0.154194	0.321541	0.640686	-1.362554	-2.046023	0.230764	-1.898237	-1.770461	1.620401	-0.370779	1.252813	-0.042482	-0.074367	-0.552132	-0.355712	0.317219	0.703610	-1.516122	-1.050596	-3.292232	-5.152115	-1.532574	0.736559	-1.533601	1.049223	-0.445864	0.453045	0.233366	0.706942	-0.215401
-1.745825	-3.288242	-0.231988	-0.118707	-0.382100	-1.004364	-0.643846	-2.472263	-1.935879	0.144827	-0.784425	-2.183303	0.843320	-0.541010	2.656239	-2.213225	-0.717754	0.104792	2.118953	-1.607788	-1.403822	-2.182795	-0.354762	0.574402	1.546373	-1.517273	-0.733916	1.714327	0.863407	-2.045522	-0.138267	1.414577	-3.936073	0.233611	-0.168407	2.140257	-0.627603	-0.789223	-0.241372	4.185176	1.002829	0.026744	-0.605772	3.336571	-3.150059	1.909005	-0.259296	1.769790	0.577746	0.275810
-1.018757	3.370059	-1.927754	-1.582152	1.498187	0.564134	-1.844293	1.103181	1.480550	1.164911	-0.431394	-1.324267	0.773091	-1.596828	-0.265554	0.938033	0.541862	-1.571496	0.056623	-0.969219	-3.911414	-1.974510	-4.794658	-4.785794	4.749421	-3.952033	-5.120079	-1.023940	0.097318	-1.679515	-0.641632	1.856169	-2.235754	-2.041788	2.369737	0.406719	1.147460	1.482241	-0.082601	1.223222	0.697356	-0.318099	3.462376	-0.132063	-0.186098	5.060145	-1.966315	-1.719727	1.323693	0.491471
-1.368435	-0.798845	1.344464	2.709979	-0.454291	-0.179471	-0.868468	0.170460	1.565281	1.916885	1.062219	-0.910908	1.214225	-1.985010	-0.837273	-1.478244	-0.396194	-3.220077	1.083263	-0.052656	0.222257	0.615296	1.310900	-1.553377	1.477029	-3.126216	-1.724804	-1.729157	-1.242527	-3.639158	-2.274876	-1.036959	-1.602588	2.866972	0.462067	-0.559942	0.436032	0.572749	0.102998	-1.151770	-0.884912	-2.833803	-1.629693	-2.178127	0.421879	0.134708	-0.713825	-1.642284	-2.129372	-2.204560
0.339270	3.703665	-1.023290	0.579372	-2.231962	0.328399	0.155525	-0.918948	-0.152561	-0.063479	0.914516	2.713606	0.670609	0.254845	0.144458	1.889961	-2.242225	0.047061	2.828229	-0.131086	-1.803295	-0.616423	1.974982	-4.184289	-1.171726	3.537469	1.864176	2.292083	0.260542	4.615725	2.949100	-5.447642	0.961055	-3.416822	0.665943	0.787343	-0.030291	0.454962	1.201794	-0.055393	1.960876	1.568524	1.137852	2.285006	-1.909587	1.580263	0.428964	2.153402	-0.711170	2.031449
-0.320743	-0.673717	1.535619	1.776934	-1.651296	-1.092121	0.294101	-1.978518	0.323882	-1.121559	-0.000544	-2.531485	-0.599962	1.560375	1.610618	-2.485891	0.956996	-1.672365	-1.370859	0.514873	4.193296	-0.891895	0.428654	1.557050	-1.177202	0.215569	2.112272	-1.179591	0.071406	-3.688017	1.704703	-1.603727	-2.327588	1.808254	1.737710	-0.783170	2.001035	-2.357312	0.648769	2.117009	-0.649372	0.957593	-2.895624	2.934128	-0.505990	-3.684115	0.095317	-2.220515	-0.833877	0.838223
-0.353688	0.384213	0.395866	0.662408	1.057642	-2.523970	-0.213807	-0.578192	-0.240625	0.143973	0.977585	-0.074578	1.389012	1.415039	0.109785	0.285274	0.370712	-2.093635	1.970774	-1.915954	-0.727626	-0.608200	1.118932	-1.303064	0.982071	-0.164324	0.239437	-3.155769	-1.036873	2.903478	1.986212	1.591516	-1.328032	2.331601	1.615761	-0.015701	-0.799702	-0.768840	-1.426408	-2.035274	-1.016306	-0.199434	0.843713	-2.115412	1.097787	0.648266	0.890152	0.632261	1.451024	-0.450443
-0.840254	-2.243879	-2.960014	0.151883	0.802554	-0.573165	0.159536	-2.146728	-0.221330	0.962527	-0.286603	0.378367	0.017839	0.012091	1.830681	1.825530	-0.749823	-0.169378	0.770228	1.446941	-1.841670	-0.604132	-0.337126	1.103517	4.347225	-3.076773	-0.997895	0.713114	1.393099	0.742182	0.610092	-0.431493	2.426263	-0.434551	1.368113	1.123097	-2.388721	0.394711	0.347583	-2.695913	1.046498	0.318368	3.523271	-1.124910	0.851685	1.477511	-0.882474	1.363355	3.164417	-0.241402
