X2	X9	X23	X30	X22	X26	X10	X21	X39	X11	X24	X16	X49	X25	X46	X43	X50	X6	X7	X31	X20	X41	X3	X42	X40	X47	X4	X44	X1	X37	X27	X48	X19	X35	X15	X14	X29	X33	X38	X32	X12	X8	X13	X34	X28	X5	X45	X18	X36	X17
-2.519967	-1.234554	0.863204	1.895709	-0.061601	-1.289880	-1.177902	2.713640	1.762161	3.683755	1.274553	-0.173869	-0.427762	1.165057	-0.938071	-0.581758	-1.175629	2.646211	-1.817669	-1.587360	2.585644	0.483880	-0.192719	-0.895197	1.007162	-0.291625	-1.292230	0.084364	-2.040203	5.248010	-0.636867	-4.303537	-0.078503	-0.771551	-0.551678	1.393034	2.809613	0.290208	-6.090521	-0.525757	-1.065992	-2.748657	-1.618749	-1.381045	0.757712	-1.476986	2.337649	3.742309	0.526491	-0.722311
-0.150764	-0.989370	-1.259134	0.019022	-2.077124	-1.133931	-4.896641	-1.938030	2.908538	1.480182	1.455656	-2.751149	2.088436	0.520122	1.526448	-2.096122	-0.427414	-0.521422	-3.051830	2.729238	3.263846	2.159149	-0.016704	0.306728	-2.239583	-1.184748	0.374784	2.746134	-1.487214	1.283395	2.165587	0.354995	0.127430	1.690400	0.172561	-0.510930	-3.333201	-2.367459	0.824929	0.494116	-2.141008	1.672759	-2.281699	-2.509549	-0.456562	0.638593	2.080804	-0.572982	-0.270687	-0.619972
1.756633	1.262291	1.096365	3.351678	1.145854	0.052097	-1.631207	0.301835	1.761094	1.359201	1.884155	-1.162606	3.952311	-1.217623	-2.935902	2.494555	-0.548090	-1.052334	-0.230112	-0.587225	3.144791	-0.330193	-0.651558	1.121821	0.225008	-1.297018	-1.310658	0.382755	-1.029380	-1.388156	-2.070062	1.432767	2.918172	3.749381	-2.934907	-0.351481	5.266337	0.138677	-2.206831	1.637648	-0.142679	0.829104	1.665592	-1.219121	1.874474	-0.901912	0.994044	0.214267	-3.681185	-2.127807
-1.003479	-0.297160	2.570429	0.879050	1.951733	1.853394	-1.783035	-0.032429	0.671732	0.502635	-2.014110	-1.152198	1.263204	-0.559420	-2.623068	-0.268401	0.058084	1.474705	0.467333	-0.243984	1.269063	-1.235919	-0.463809	0.050583	-2.413206	-0.601183	-1.857742	1.059079	-3.065386	-1.256373	-2.560410	0.924881	-1.544255	1.741129	0.153476	-0.458128	-3.033461	1.893801	-1.794732	-0.764441	0.255842	-0.944533	0.324834	0.474944	1.285497	-0.091203	-0.575746	1.342325	2.626535	-2.726412
0.591278	0.463052	-1.755667	0.063893	-1.571322	2.338918	-1.654350	0.291415	-1.486378	-3.103218	-0.962123	-1.273981	-0.718224	1.531564	0.452808	-2.334915	1.075083	-0.087129	-0.130347	0.694854	-1.382056	0.407161	-0.496264	0.361970	-0.530339	1.737887	2.348724	-5.617731	-1.362570	1.893841	-0.337201	-3.314303	-2.005265	0.663276	-0.722655	1.113663	-2.551532	-0.037785	0.901762	-0.881950	-0.455944	1.013376	0.094352	-0.897645	1.486393	-1.041280	-1.814192	-1.622870	-2.554833	-4.123587
2.083403	-0.624042	2.570323	-0.706913	-1.317232	-1.148217	1.211061	-0.769500	-1.136514	0.907091	-1.581247	-1.268927	-2.625771	3.881022	1.179318	-1.110749	-0.998142	-1.681486	-0.940814	-0.871544	1.561589	2.322331	1.220079	2.796420	-0.309234	2.818870	-1.615223	2.347672	2.997945	1.572421	0.522432	-1.065655	1.418402	-2.378398	1.625600	1.431504	1.533165	1.998522	0.486563	-0.277529	-0.977218	-0.128523	-1.427872	1.401465	-0.673932	-0.199464	-0.716135	-2.252446	0.582675	2.215620
2.272409	-0.688242	-1.337289	1.008197	0.245702	-1.984979	-0.283174	-1.882382	0.508340	-1.664210	0.923649	-0.124168	-0.157222	0.551156	1.781758	-0.003331	0.835242	1.055539	1.041701	2.433063	0.897350	0.294967	-0.854473	1.217742	1.371602	2.152876	0.287672	0.384152	0.379460	-0.411400	-0.121890	-0.054844	0.130169	0.223582	-1.675689	-0.353538	-3.471400	-0.248717	1.240171	1.409033	-1.467554	0.171917	-0.127160	-2.133504	-1.795353	-1.322656	-0.595735	1.054798	-1.912914	-0.019126
1.148322	0.164009	0.950514	-2.289029	-5.780921	-1.576785	0.315339	1.749154	-2.229348	0.913624	1.289972	0.162829	-0.829962	0.964587	0.670195	0.954945	-0.391482	2.440610	-1.937745	0.049821	-3.020381	0.456003	-0.227592	-0.685814	-0.369281	-0.086415	-2.071691	0.246659	1.955064	3.207593	-0.051923	-5.823812	1.059807	0.342143	0.452193	3.345742	-2.024358	0.668319	0.082628	-0.219557	0.875003	-0.373689	1.084496	-1.562178	0.159861	-2.099895	-0.916785	-6.107285	-3.207484	4.670351
3.499889	2.553788	2.115503	-3.845537	-0.295913	-0.455403	-0.602954	0.539914	0.689642	1.342342	0.696139	1.047577	1.220837	0.621384	-2.700655	1.015908	0.326033	1.044686	-0.510074	0.461621	-0.102511	0.644189	-0.242544	0.428479	-1.203033	-3.892837	-3.307899	-0.487468	-0.386091	-1.040904	-0.111387	0.381488	2.362125	-1.670651	-0.551474	0.382015	1.050942	0.668249	-1.693576	-0.228433	-0.270469	-0.231736	2.197624	-1.689916	-2.281186	1.370801	-3.026234	-2.971937	-1.212912	1.059121
-2.277403	1.768429	-1.407251	-0.618204	1.755745	-3.342082	-1.594729	-3.548940	3.071079	-1.982609	-1.881761	-0.841147	1.554501	0.896313	0.605808	-1.506983	1.511116	-3.657224	-1.356196	2.093471	0.990068	0.550819	0.533506	0.020584	0.198188	0.611399	0.825170	1.490958	-0.064301	-0.806054	-0.888590	2.719419	-0.907621	1.397690	0.310286	-0.051608	1.740432	-1.126012	1.046824	-0.778513	0.277945	1.339407	2.796400	-1.149227	-0.265005	0.701490	-0.088625	0.928900	1.191890	-0.881767
-0.478542	0.000551	-0.096110	1.641966	0.436813	0.569690	1.439840	0.421868	-0.822916	1.765582	2.203062	-0.227711	1.000796	0.404081	-0.471001	-0.847999	-0.319175	0.021854	1.815004	1.925647	1.253062	1.547036	0.130818	-0.049832	-0.358227	1.224973	0.893229	0.899155	1.979788	2.425509	0.349274	-2.432650	0.123764	2.097895	-1.402276	2.136637	1.410568	0.393694	-1.045318	-0.177772	-0.313042	-1.849977	-1.061883	-2.067883	-1.848199	0.633545	4.403215	-0.294167	1.135803	2.490083
1.370789	0.900317	-0.551299	1.464927	1.992058	-3.171038	0.710519	0.819608	-0.746018	2.492033	0.475151	-1.155589	3.760580	-1.732296	-2.402837	-0.321171	0.606862	-0.177569	1.367560	-0.712054	-0.009891	-0.118345	-1.708578	1.649863	-2.423326	-5.517498	0.939524	-1.956114	-4.109595	-0.954822	-0.221733	-0.449174	2.581881	-0.490391	-0.544901	0.300117	-1.297356	-0.635662	-0.338742	-0.220714	0.341029	0.150891	-0.683850	1.244418	-0.039817	-0.315091	1.128613	0.798035	1.361619	-1.068095
0.309970	2.121319	-0.413618	-2.278856	1.205439	2.323569	-1.384318	-0.756567	-0.217221	-0.387190	3.037327	0.405046	1.603178	-1.423790	-1.816782	-0.384296	0.508151	0.069990	-0.968264	-1.643137	-1.384633	-1.825965	0.827349	1.180565	-1.435083	-1.418223	0.215522	-0.635325	1.309115	1.780937	1.667917	-2.032508	-1.960390	0.972712	0.521762	0.097390	0.635601	-1.288126	2.371517	1.364237	-1.030436	0.323289	1.350674	0.392064	-1.411504	-2.433918	-3.233940	-0.876652	0.898589	2.747292
-0.176725	0.720601	2.121154	0.115325	-2.435360	-0.399689	1.597109	0.898365	0.117492	-2.260381	0.195511	1.541660	-4.025630	-2.439737	0.038343	-1.455808	2.103854	1.762930	-0.393409	0.353843	1.574425	1.606102	0.558328	-1.477577	-0.002848	-0.843714	-0.857875	1.685199	-2.758349	0.230425	0.737822	3.205211	-0.969076	-5.223715	2.513883	0.389587	1.154653	-0.253689	-1.278207	1.109885	-0.060603	-0.620256	-1.646851	4.396614	-0.118087	1.838717	1.526410	0.338490	1.366547	-1.184146
1.633223	-2.074122	-3.585558	0.304906	-0.675152	-1.866577	-0.904752	1.554079	-0.729966	-0.073096	2.134943	-0.862723	0.809189	-0.651349	1.015680	3.700296	-0.815603	0.291659	-0.683278	-0.212268	1.186131	1.239272	0.451106	-2.274018	0.969367	-1.672004	2.490733	-0.808972	1.323365	0.903361	-0.227233	0.362063	0.903817	-1.036457	0.082571	0.482074	-1.661515	-3.175887	-4.357701	0.381334	-2.689505	1.253314	-1.387943	1.057298	1.059515	0.777374	-1.058450	-2.647215	-1.841580	2.722824
0.874822	-2.247850	1.818202	0.164850	-3.945255	-1.946108	3.521303	1.771550	-1.613948	-1.506191	1.483665	-1.007005	-1.290020	-1.170628	0.415100	-0.571811	-1.306133	1.073627	3.370600	0.790847	-1.716850	0.098222	-0.530598	0.181698	1.862414	4.174951	-0.377535	1.885525	1.376588	-1.195432	1.157781	1.574821	-0.399739	0.630976	-1.417684	0.635566	-0.311288	-1.236240	1.037385	0.761340	-1.794174	-1.106953	-3.276517	2.580492	1.683959	0.893681	-1.353440	-0.053361	-4.352772	2.121103
-1.838900	2.010473	1.962996	-4.599820	0.100016	-0.011553	0.237189	-0.440250	-0.537627	-1.777321	-0.512588	0.141909	4.273892	-0.239433	0.746957	-1.063417	0.513367	2.286186	0.852669	-0.569070	-0.069881	-2.226088	1.881969	0.056224	-0.043712	-1.909217	-1.612240	-0.233945	-0.431503	0.294160	0.193550	-1.193487	-2.684152	1.876054	-1.027602	0.448272	3.508223	1.529112	1.544391	0.238375	-2.787763	-0.304359	1.734159	2.633711	-0.582806	-2.371942	-4.120944	-0.026295	-1.325278	-0.317054
-0.476592	-1.819962	1.101508	0.261201	0.107892	0.808639	1.420847	-1.552237	2.128326	1.293336	3.337415	1.573207	-0.570971	1.041332	0.394067	-0.276110	1.260613	-1.470859	1.814721	-0.155389	-1.083055	1.494043	0.476902	-1.766559	-0.129078	2.539634	1.104063	2.329934	-0.561340	1.864779	0.034320	-2.935844	-0.073752	1.022105	0.828282	0.604525	-2.176697	-0.875809	1.197697	0.773524	-2.278888	-2.520716	-1.483395	3.395992	-1.179047	-1.040289	-0.510482	0.568765	3.074059	-0.646860
-0.833546	1.380474	0.773857	2.344978	-0.592382	-2.564938	-1.112143	-0.199693	1.819616	4.009234	1.486355	0.175366	-1.416591	1.269015	2.996941	0.985924	-1.251372	-0.164558	-0.011037	2.710557	-0.613742	-3.159476	0.188207	-1.176778	0.369887	-0.830359	-0.075817	-0.844909	1.528265	0.908925	1.878997	-1.001263	2.663776	-3.791168	2.659278	-1.217091	1.680155	1.980050	1.958011	-0.276465	-0.938424	2.771400	1.323561	1.052067	2.552015	0.163400	2.989310	0.390770	2.313472	-1.097874
3.870817	0.206398	-0.294113	-0.165540	-1.172250	-0.331435	-0.052901	-1.491490	1.819796	-1.376050	-4.145511	0.267579	3.233074	1.666179	0.490640	-1.814168	-0.782766	1.085045	-0.713210	-2.598920	1.588962	3.116589	-1.292341	-1.778544	-0.443581	-3.907585	0.509980	-2.779924	-1.338299	-1.249799	-0.042542	-1.245937	2.487688	0.965149	-2.075849	-0.197485	-1.224740	0.042205	0.450965	0.158296	-0.096728	0.403617	-0.408586	0.245523	0.346886	-0.378856	1.435931	-3.586702	-2.440870	0.341988
-1.272109	0.532823	-0.106851	-0.226495	5.618955	0.043786	-0.297669	-1.222490	0.032038	-0.364846	-2.418356	1.901331	6.693424	0.784935	3.313468	-0.462143	1.370186	-1.311124	0.048187	0.242070	0.799343	0.193589	-0.254862	2.085764	0.550008	-2.100210	0.931076	-4.669495	-3.122134	-0.436329	1.604332	3.319580	-2.659891	4.664268	-0.704977	-2.452369	-1.290058	0.476613	0.839539	-1.961839	-2.585886	0.481708	1.647080	-1.114166	-0.507389	2.406464	2.278884	5.281704	2.625679	-4.914782
0.464125	1.294679	0.913446	0.810463	0.415762	-1.327232	-4.126835	0.145007	1.259905	-1.616919	-1.180463	0.678516	-0.848553	0.114938	-0.403282	0.884670	-0.542269	2.212483	0.145667	-1.187381	2.571615	-2.429519	-0.817055	-1.557430	-1.210455	0.495130	-0.836508	-1.789429	-1.241426	-1.323382	-0.682091	-2.441044	-2.693670	0.312898	-1.589740	1.012122	0.580389	-0.409665	-5.012541	-1.260302	-0.736408	0.259891	1.000008	-0.391161	0.593625	0.470224	2.015792	-1.051584	-0.203876	-2.457408
-1.866083	0.685936	0.253498	2.030863	3.227678	1.014879	0.246926	-3.812603	1.870197	-0.820035	2.648459	-0.122522	5.080035	0.845654	-1.621246	-0.168897	0.063901	-2.403765	1.544946	-0.082426	-0.268920	-0.800684	1.130712	-0.161320	0.847198	-1.363425	0.202125	-0.045278	0.935480	-0.394314	-2.200446	0.899084	-0.681860	3.860681	-1.440572	-1.999121	0.161588	0.072348	3.099875	-0.650365	-0.921263	-1.605861	-0.284377	0.887072	-1.169062	-0.709298	2.086352	0.835777	-1.863786	3.324354
0.677104	1.503259	3.544917	4.481084	2.353805	1.093714	-0.589765	-0.757900	0.554266	-1.478078	1.693127	0.038204	4.030953	1.745724	1.724295	-0.970875	-0.905148	-2.828453	-0.537682	-0.331214	2.110377	2.099221	-0.183641	1.234092	0.339890	-0.435820	-2.397291	0.902200	-2.441932	2.397316	2.818244	0.252575	-0.746692	3.403775	-2.496143	1.021479	5.372072	1.493718	-1.816386	0.229500	-0.007616	-0.107934	-0.011311	0.958535	-1.768622	0.745159	4.527864	2.110752	-2.818837	-1.819018
-1.497556	-0.789206	-1.388752	2.694189	-1.445769	1.378804	0.946744	-3.830605	2.050275	0.798247	-0.272528	0.061690	4.290788	-0.087423	-3.055768	1.081239	-1.692630	-0.743724	2.771683	0.221681	-0.534471	-1.945669	0.246174	-2.156458	-2.554854	-4.284692	2.255436	0.158096	-1.167133	0.191067	-0.096202	-1.160631	-1.229097	2.234595	-2.367723	-0.717935	-5.490224	-2.157937	3.369741	1.317367	-1.509517	-1.712295	-1.816185	0.799364	1.863367	-1.238611	3.235419	3.443038	-5.203098	-3.395992
-1.716246	-2.483428	0.805185	-1.093021	-1.122245	0.913053	-0.402977	-0.842215	3.849438	1.734313	-0.080701	-0.260864	-0.379069	0.415272	-0.528967	4.307050	-0.634655	0.201939	-0.479376	1.853003	0.344281	1.530965	1.144085	-1.602603	-0.901945	0.237742	-1.077785	0.924796	0.479212	0.415166	-0.989571	2.104804	1.111578	0.192909	-1.395749	-0.093851	-1.813831	3.347790	-1.729151	-3.126265	-0.378228	-0.608613	-1.530639	1.407500	0.747529	2.567683	0.354732	1.344839	-3.152047	2.978059
-3.300121	2.306190	-1.130523	1.951276	0.369189	0.952250	-1.108936	0.322168	-0.462999	-1.589169	1.758998	-1.166005	0.178826	-0.069832	0.039432	2.120637	0.169266	1.466891	-0.575527	-0.801068	-0.170511	0.513635	1.791348	-0.698916	0.712270	-1.416677	-0.299745	-1.003501	-0.767013	0.441892	0.378170	2.671479	-0.921107	-1.148208	1.994792	-1.019357	-0.514615	0.773294	1.766994	-0.977242	1.099532	-0.333475	1.668188	-1.115045	-0.087989	-0.040719	1.930280	2.966267	1.999366	-0.867014
3.041660	-1.438482	-1.591348	2.971664	-4.430478	-2.650754	0.219702	-1.451108	-0.147663	-1.272552	-0.510426	1.888503	5.616360	2.058325	-1.362839	0.279893	0.673309	-2.689067	1.208267	1.086696	0.073437	0.553032	0.843761	1.058948	1.020900	-0.199206	1.689339	2.151630	-0.665309	2.272871	1.055777	2.271345	1.492079	5.300120	-3.440816	0.341725	-1.429506	-1.243568	2.196154	-2.624346	-0.778471	0.009100	-2.486331	0.936495	2.665760	-1.431567	2.806443	-4.297888	-4.555455	0.421511
-2.253439	-0.067772	-0.712750	-1.544444	2.698426	-0.793465	-0.443229	0.353333	0.517716	0.973298	1.249390	0.404480	-2.135873	-2.054701	-0.955756	0.486001	0.727184	1.248061	0.949564	1.485962	0.581125	-1.292031	-0.351606	-0.756942	1.377536	2.896400	-0.582692	-0.349932	-0.097529	0.414304	-2.046900	3.343561	1.079152	0.396504	1.942652	-0.879722	0.265759	-0.218833	-0.718445	0.194465	-1.487621	-0.149156	0.362256	-0.031278	1.675617	-0.564817	-1.570222	4.341092	1.446136	-1.358122
0.834302	-0.802211	-0.618456	-3.413091	-3.274927	-0.262481	4.029656	-0.276572	-1.918531	0.330253	-0.009470	0.886565	-1.591914	-1.168342	2.389044	0.723525	-1.949324	0.178947	3.758404	1.463236	-5.138060	2.691747	0.867768	-0.764447	2.082617	4.702283	-1.959909	2.993591	-0.556275	2.256270	1.158299	-5.096690	1.960273	1.909805	-2.481200	1.793967	4.345488	-2.835522	1.965662	0.690986	-0.393047	1.207588	-2.209905	-2.549814	2.298073	-0.142242	-2.927344	0.973212	-2.055293	-1.704883
-2.478012	2.565080	-0.632899	-1.380243	1.634537	0.838318	-2.306719	-1.016908	0.944799	-2.032240	3.584385	0.005381	-0.253436	-1.142193	1.611133	-1.329294	-1.170050	1.432884	-2.367442	1.038483	1.139510	-1.823143	0.692913	-0.045843	2.243159	1.589054	-1.307436	0.774887	-1.977614	1.204143	1.838382	0.585838	-4.149773	0.464159	-0.411073	0.490567	-0.302544	-0.719985	0.123963	-0.207202	-0.472586	0.999417	3.318890	-1.231479	-2.943065	1.320759	-0.806281	3.845644	0.725640	-0.962711
-2.756934	0.749181	3.866563	0.655871	0.932780	3.445681	1.368532	-0.011597	0.803541	1.494148	-0.266656	0.022976	-1.790160	-2.451522	-4.244551	-1.537715	-0.483517	2.527773	1.848233	-0.139087	-0.445665	0.732675	2.126351	-1.499880	2.226391	3.005065	-1.156804	1.190817	2.043991	2.886128	-1.119862	-0.883683	-0.357755	-1.132681	0.510468	1.238426	3.722792	1.918679	-1.631834	-0.056389	-1.673274	0.095537	-0.838637	-2.729887	-1.420271	1.624637	0.104286	-0.405828	1.881544	1.682451
1.045326	-0.429944	1.492422	-0.069908	-1.012094	-1.846277	-3.602237	-0.790475	-1.085643	1.031698	-1.188478	-0.239420	-0.490875	-0.694125	2.534508	1.007571	0.866588	-0.393714	-1.849258	-0.824036	1.181966	2.323380	-0.583097	0.042992	0.393982	-1.315959	-1.246989	0.024257	0.286420	-4.064230	0.114251	3.650639	1.033807	-0.114484	0.503781	-3.362687	0.074592	0.878419	2.902844	-0.550156	0.344160	-0.745155	-1.467017	-1.276805	2.230193	0.435382	-1.354398	0.547320	-2.223671	-0.661632
-0.314298	1.483582	0.871699	1.055485	-0.892354	-0.661334	1.712604	1.319588	-0.339167	2.359100	-1.169453	2.251781	1.094041	-0.490520	1.828245	1.446748	1.395162	0.766539	2.366102	0.849950	2.362423	-1.271371	0.591142	0.377948	-0.690490	-2.588425	-2.554508	-0.167345	2.224232	-1.654235	-0.634899	-0.056756	1.345411	-0.138106	0.001245	-1.652607	4.879213	1.009258	-1.011340	-0.217705	-0.223210	-0.465553	1.563279	0.718627	1.559106	-3.240638	1.985234	-1.046445	2.612192	0.139899
-1.581656	-0.902541	-0.721394	0.423992	-2.564510	1.534109	-0.281461	1.196488	-0.291546	-2.050422	-0.024301	2.469016	-0.378599	-0.660437	-0.926321	1.708304	-0.430555	-0.681231	-0.840259	0.336409	-1.445416	0.072149	1.499063	1.464784	-0.628791	-2.645245	2.510371	-1.008514	0.317130	-0.842086	-0.190694	-0.841599	-2.252340	0.051376	0.451093	-0.083112	1.144674	0.213153	0.097705	1.741464	0.219669	-0.312242	-0.888165	-1.879854	2.205727	-0.746403	-0.047696	0.742656	-0.286888	-0.611241
0.658457	0.347417	-2.241387	-1.014558	-2.778239	1.700673	1.173493	2.445100	0.641835	1.399908	0.352993	-0.109078	1.001817	0.787211	2.492323	0.502764	0.711864	1.612836	1.130997	0.157339	1.931443	1.646453	1.027794	-0.469028	1.165648	-1.067153	0.768760	2.084341	-1.905037	0.647835	1.443589	-1.465628	0.878317	-0.522379	-0.480860	-0.126268	-2.087526	-1.015422	-2.924032	-0.585468	-0.831005	0.972329	-0.838283	3.559232	1.395475	1.328533	-1.845428	-2.142716	-1.226440	0.380342
-1.571286	0.775585	0.440460	-0.714171	-3.826982	-1.497963	-0.473388	0.553868	1.478281	1.599075	2.876997	1.151832	2.539256	0.206296	-1.246338	2.662827	-0.775389	-0.468586	1.221646	0.353709	2.085897	-0.711531	0.279490	-0.637110	-4.120932	-4.197894	-0.179372	1.560477	1.260620	2.610006	-0.300220	-1.563375	1.227970	-1.923460	0.790454	-0.134251	1.081930	2.101036	-3.340267	-0.746986	1.242696	-1.146467	-2.236204	-0.904913	0.791412	-0.691875	-1.789013	-0.431326	0.640286	2.752991
0.219153	2.380874	-1.819099	0.282257	3.797283	-0.671595	0.430827	1.704821	-1.851751	1.280124	-0.279525	0.406387	2.470263	0.054426	0.355757	0.325620	-1.634671	0.656640	-0.404069	-1.404890	-1.148800	-0.521647	0.355163	-1.144459	-0.741805	-1.338383	1.510098	-3.672105	-0.426665	-0.448158	-0.153433	-0.143919	2.472905	1.165455	-1.099246	1.227984	-1.553645	-0.608881	0.103342	0.270521	-0.513536	2.615475	2.239161	-0.219114	-1.542726	-0.316050	0.039572	0.552943	0.434486	-0.767629
0.092327	-0.958958	0.722947	0.468679	1.368504	1.786737	0.375769	-2.520802	0.508492	0.556025	-1.304464	-0.388770	-4.716732	-0.070655	-1.122586	1.331252	2.401501	1.132415	-0.275293	0.738225	-1.942736	-1.501394	-0.518258	-1.670153	-0.236412	5.306833	-0.329078	-0.172234	2.530488	0.866134	-2.374490	-0.673947	1.378451	-0.219351	-0.874779	-0.297971	0.759267	-1.205006	2.770008	-1.526641	1.009592	0.042957	-1.362304	0.165243	1.741585	-2.356437	0.721820	1.575242	-0.420501	-0.728420
-0.857055	-0.315069	0.197820	4.227420	0.829224	-2.397223	-2.842591	0.779341	-1.026224	-0.107505	1.746020	-1.810671	2.918632	-1.144311	1.570883	0.235276	0.458504	-1.437893	-1.275329	-3.247443	2.692101	0.412164	-1.132636	1.365155	0.736992	-0.663205	-0.285472	-3.996230	-0.436378	-1.926348	0.969561	-1.477936	-0.983594	1.803217	0.001053	-2.368499	1.019055	0.422717	-2.803066	-0.446926	-0.739306	-0.817681	-0.407222	-3.263391	2.483731	-1.832869	1.474441	-1.622176	-0.494289	0.084521
1.348200	0.795535	-2.418395	-0.584616	2.423208	0.366272	-2.184447	-1.087667	-0.216655	0.403618	1.156173	-0.217900	-4.148488	2.494839	0.728357	-1.134476	1.544830	-2.060629	-1.497996	2.849353	-0.240417	1.655820	1.458878	0.889716	1.518850	1.921584	2.068690	-0.723765	1.568392	-0.004965	0.242076	-2.701636	2.109256	-1.513223	1.553455	-0.600490	0.937071	-1.168194	0.708290	-0.513255	-1.129907	-0.244708	2.716876	-0.592610	-2.568589	-2.707657	-0.021181	-0.304199	0.252173	1.722288
-2.478001	1.117740	-1.318783	2.331827	3.749704	-0.412029	-0.773420	-0.867979	-1.983047	2.703579	-0.494015	0.105782	-0.753851	-0.456485	-3.389509	-2.239930	0.530977	0.148352	-1.429426	0.708345	-1.353646	0.257165	0.756539	-0.438349	0.818317	-2.483970	0.436070	-2.385733	-4.439016	2.299532	-3.229241	-0.363853	1.274725	-3.216629	-0.460228	-0.052912	-2.451643	0.649897	2.985211	-1.650468	-0.623157	2.082783	1.460373	0.451207	-1.949237	-0.372961	2.073013	3.315867	-0.700866	-3.084665
-0.405746	2.942163	-0.056928	0.074986	1.732556	-0.265232	0.502661	-3.691532	2.929294	1.268834	0.737848	-0.864173	-0.167395	-0.313118	-1.671469	-1.656957	0.233217	1.412536	-1.192498	-1.162829	1.040761	-1.872289	0.086910	-1.610049	0.603016	-1.178376	0.677653	-1.780125	-1.006299	1.100493	-1.212834	-0.819919	1.786261	0.902196	-2.468819	1.017371	-0.653593	-0.570111	-0.316913	-0.082912	1.126206	1.088287	2.942456	2.188152	-1.996542	1.093986	0.959881	-0.755475	1.134772	0.595765
0.619488	1.037343	1.343486	1.081392	3.846952	-1.875961	-1.809850	0.002822	0.339786	-1.332051	-0.333441	1.174632	0.260272	0.250485	0.753316	1.457430	0.081781	1.484457	-1.410931	-0.283122	2.241078	-1.277630	-0.662711	0.903800	-0.343181	0.232461	-0.181470	1.837333	0.587197	-0.016270	0.899324	1.020776	-0.373091	-1.089220	-1.165558	-0.215465	2.040140	1.305464	-0.851263	-0.149796	1.569783	0.707788	2.178082	0.166557	-3.582921	1.463529	1.630234	1.067437	3.747433	-1.371207
1.247974	-2.512689	-1.925407	-2.218083	-1.196338	-2.188761	-1.925160	1.002040	0.101497	-0.133982	-0.162266	0.900081	-2.773859	-1.640685	-1.314754	-1.268750	0.428505	1.986809	-0.300503	0.183230	2.581655	-3.506090	1.135761	2.140475	1.815215	4.435250	-0.525664	-1.844656	-0.242052	-2.520817	-2.470474	1.415191	-1.367791	-0.519046	-0.106942	0.196392	-0.311351	-0.417382	-1.582273	-1.021475	2.004448	0.636334	-0.787607	0.761898	-1.427592	0.284065	-0.390619	-0.428193	-2.268310	-2.330673
0.621051	-0.537976	-0.873493	1.142943	-1.702485	0.537229	0.934228	-1.688791	-0.055785	-0.960995	-3.158093	0.953991	-5.564110	1.821486	0.947386	-0.432357	-0.308581	-0.706787	0.135716	1.822676	1.931327	-0.015751	0.048517	0.809869	3.004155	4.706614	-0.377796	0.493866	0.604181	4.293910	1.356435	-2.139279	-1.929857	-0.113405	1.374819	2.209981	1.809692	-0.094220	-1.589632	-0.156698	-0.263463	-1.768767	-1.412055	-0.266386	0.971410	-0.460647	2.203961	-2.385496	-1.335639	0.197812
3.512445	2.081101	0.287529	-1.796847	-1.650290	0.377351	-1.785993	0.366135	-1.439870	-1.393387	0.544209	1.177105	-1.316342	0.760157	1.561870	-2.457925	-0.411135	2.314061	-1.940381	-0.170631	-1.964399	-0.626949	1.104406	-1.975003	-1.573766	-1.988229	0.105077	-0.335141	-1.788309	-1.857487	0.473613	-1.343903	0.104105	-1.977295	1.325864	-2.399217	2.048007	0.367824	3.183161	-0.241982	0.290965	-0.451728	1.475347	-0.784988	-2.547879	-1.728994	-1.068448	-2.190939	3.357079	-2.872500
-0.930422	-2.265653	0.091497	-3.430994	-1.255427	-0.601632	-2.691310	-2.968826	3.311903	0.381982	0.372739	1.561641	1.573511	3.128343	-0.960305	1.654777	1.197211	0.187508	-2.266132	0.069971	2.360598	2.692575	-0.224835	-0.637774	-3.168881	-1.204476	0.683475	-2.245553	1.600225	-2.522001	-1.315121	-1.139800	0.164039	0.622995	0.699677	-1.240604	1.155171	-0.376073	-0.702365	-0.127370	-0.053857	-1.593050	-0.950912	0.013160	4.068112	-0.913808	-2.615847	-1.585466	2.371834	2.195101
-2.684696	0.183052	-0.316032	2.388677	4.532227	-1.504636	2.935954	-2.357671	2.175450	1.636304	-0.130483	-0.833276	2.037100	-1.135477	2.180848	1.486545	-1.174924	0.121018	2.466477	2.031827	1.353160	-0.966747	-0.314848	-1.163928	1.531383	-0.420947	1.104896	0.558650	0.091881	-1.161643	0.408429	-0.089107	1.011472	-0.825177	-1.215071	0.334401	-0.729586	0.295206	0.558943	0.808092	-0.323140	2.231388	0.835311	0.629852	1.916832	0.543917	1.878921	4.524960	1.555880	-1.244923
-0.376993	-2.045101	1.720591	-0.427328	-2.120509	1.302211	0.196369	0.122927	-1.061506	0.067844	-2.452718	0.310728	3.157497	-0.392701	-0.260162	-0.470356	-0.504910	-0.740299	-0.160995	-2.658341	0.239581	0.610741	-1.082470	0.756221	-1.845785	-1.196795	-0.304673	-0.388831	1.660649	-0.031445	-0.322537	0.930361	-1.744274	2.850524	-0.561226	0.379045	0.352581	0.295486	-0.601232	0.005964	-0.388445	-0.939357	-2.195457	3.381754	1.887017	1.442181	-0.812311	-1.610449	-1.261338	2.751949
-0.613843	-0.548703	-0.217094	-0.013093	0.503302	0.523165	2.112324	-1.776982	-0.337483	-0.373804	-2.504174	-1.912563	2.188723	-2.180761	-1.797358	-2.723170	-0.966094	-1.632567	1.358025	-2.868144	0.508695	1.830671	0.232966	-1.576620	1.385760	0.315571	-0.526986	-0.240737	2.682170	-0.443114	-2.378768	-0.212099	0.352058	-0.375743	2.053024	-0.625616	-3.324771	-1.989224	-0.309523	0.672943	0.821013	1.207211	-1.147473	-0.655198	3.092675	-0.545102	0.181912	0.066977	2.343270	3.862545
-0.644588	2.894903	1.242025	-3.709248	2.607158	-0.055581	-2.551334	0.939700	-2.087520	3.158527	-0.527355	0.853958	0.553486	1.797754	-0.814617	-0.681804	-2.173235	2.456959	-1.375525	-1.785296	-1.193433	-0.009062	0.064805	0.024987	-1.778801	-3.550802	-1.873641	-0.306060	0.181668	-0.314636	-1.267606	3.751588	1.033990	-1.999231	-0.634741	-0.589100	1.546196	-0.422630	2.210488	0.067064	0.384436	0.061264	2.721215	-1.494519	-0.642658	2.196960	-0.494307	0.842761	1.837593	1.669079
-0.241988	-3.169781	-0.719091	2.336117	-2.035677	-1.963613	1.707913	2.053665	0.950628	0.585239	-1.186507	1.802484	0.589317	-1.863542	-1.196835	-1.328146	-0.629763	-1.056887	0.793257	0.255849	1.266798	-0.662685	-1.562810	-0.122413	-1.565977	1.696638	2.145165	0.313846	4.520060	1.543229	-0.356198	0.170439	1.229271	1.644005	-0.552184	0.268442	-2.340398	-0.010577	-1.290659	-0.522335	-0.689984	0.524121	-0.986105	2.248256	-0.446736	0.497515	1.533283	0.141062	-0.844474	1.621881
1.401911	-1.527299	1.019752	-2.500614	0.717881	0.075685	0.966714	-2.419890	-1.148500	-1.469841	1.967444	1.326228	1.145623	-1.254012	-0.200491	-1.555979	0.899016	2.891334	1.332613	0.868645	-1.731601	1.287302	-0.316770	-2.052277	-1.218193	-1.593604	-1.136754	2.337198	-0.412580	-1.552306	1.178692	-1.761336	0.938053	-2.516729	-0.153372	0.303524	1.985039	0.198753	3.152563	1.552109	0.682674	1.508809	-2.386708	-1.337451	1.599171	0.229811	-2.256669	0.670922	2.027358	0.049516
0.158200	-0.475934	-2.535523	-3.367659	-1.593259	0.344764	0.202473	-0.855266	-1.735703	-0.154676	0.358286	-0.803805	-1.345767	1.196699	0.198359	-0.287541	0.058255	1.512881	-1.222489	-1.220009	1.562295	1.759780	-0.832116	2.110676	-0.862373	-1.010091	0.724719	-2.157979	-1.669762	0.263033	-1.763771	-1.994014	0.740378	-2.304603	1.935764	-0.379515	-0.787033	-2.000163	0.321869	-0.642439	-0.192565	2.513905	-2.053116	-1.949633	-2.258883	-0.307355	-1.645474	-2.389439	2.075515	-0.370125
2.933381	1.941231	2.128474	3.352247	-0.461478	0.631051	2.105460	-0.516522	0.560209	0.100771	0.346656	-0.565620	6.469166	0.942973	-2.822934	-1.066570	-0.243654	0.586473	1.442171	0.549331	-0.240028	-3.373118	-0.555117	1.740079	-3.623798	-3.962977	-2.223170	2.349362	0.363450	1.528590	-0.718747	1.853217	2.147887	1.770033	-1.503086	-2.165134	0.066142	1.439227	0.281870	1.943847	0.199724	-1.272009	2.946909	-0.414767	0.587234	0.544200	0.989164	-3.216714	-3.425432	0.303052
1.653507	2.156089	-1.038816	2.231597	1.046905	0.440896	1.821560	0.647591	0.286208	1.104395	-0.993773	2.877245	-0.487981	-0.756919	-1.867809	1.187150	-1.050962	1.544327	0.840844	-2.770747	-0.067468	0.239333	0.237700	0.391249	1.350882	1.532677	0.143036	-3.357810	1.597338	1.396213	-1.489669	2.875269	1.153842	-0.240539	-0.310921	-0.329030	0.982669	-0.471378	-1.223384	-1.571307	0.105798	0.625787	1.137981	2.492299	-1.018098	0.079004	1.465843	-2.774750	-1.678842	0.877723
-1.329103	0.490205	0.034143	0.318110	0.097052	0.463262	1.082523	4.876204	-1.111130	-0.873676	0.683616	0.364659	2.465316	-0.100255	1.676974	-1.689780	0.252296	-1.297608	1.220233	-3.628037	0.011237	-1.895097	0.608821	0.724628	-0.851580	-1.097659	0.220615	-1.530108	0.243028	-1.102208	0.213184	0.511189	-0.712979	0.716456	1.428379	-0.049444	1.029805	0.100553	-3.438278	-1.719170	0.199775	-0.503647	0.582485	0.392067	0.141781	-1.317596	0.458871	2.390470	-0.348415	-0.605365
-0.543137	-1.128066	-0.484299	-0.019899	-0.098386	-1.808339	4.905800	-2.876982	0.601574	-1.244565	-0.537033	-0.766751	4.575546	0.110111	1.210136	0.317403	1.816536	0.425611	3.037679	1.049462	-2.150996	0.588961	0.619961	-0.235310	-0.869176	-3.499768	-0.649271	-1.019118	-1.705523	-0.984063	-0.661895	-2.599883	-1.509613	2.723749	-1.603979	-0.400472	0.527607	-1.070968	4.362767	-0.945125	0.779808	1.782390	-0.077031	1.821008	-1.170214	-0.129578	-0.185629	-1.486314	-3.500971	-0.189846
1.260696	0.987081	0.704398	1.304293	-1.113700	2.552359	-2.510091	1.647079	1.996355	1.750857	-1.044406	0.085524	-3.208385	1.998579	2.860616	2.071114	-0.625308	-0.884722	-2.615284	-1.319389	0.588167	1.110045	-0.505863	-0.856926	-1.580838	2.037752	1.020197	-0.364724	1.508632	-0.969157	2.695987	-1.088091	1.600925	-1.304036	2.399126	3.682662	-2.953844	-1.372246	-6.013705	-0.129292	3.444570	1.901880	-0.635224	2.106393	1.802603	0.452354	1.162624	-0.858353	2.598750	-0.141963
0.264779	0.916116	1.917333	-0.652694	0.921311	0.393523	1.601007	0.057751	-2.709843	-0.486967	1.750534	0.179207	2.375136	0.492217	3.006869	0.786779	-0.233334	-1.718357	1.494664	-0.709056	-3.685429	0.982785	0.007183	1.032447	-1.446643	-0.803979	-1.210256	1.145154	0.310893	0.194761	1.447429	-2.423415	-0.231727	0.202248	-0.245984	1.124426	0.126649	0.705955	4.252352	1.290469	-0.043993	-1.368128	-0.033954	1.310983	-0.728893	-0.434796	-1.830978	0.184252	0.168257	1.498686
4.438322	-1.123939	0.195511	-3.097508	-0.562124	-1.675321	-0.205457	-0.833948	-0.535816	-1.329142	-2.540267	0.620519	1.409603	-1.150698	-0.332093	1.179472	0.319473	0.747860	-1.021013	-1.856734	1.303607	6.526553	1.550871	0.332682	0.173030	-1.833691	0.212114	-1.973057	-4.454026	-2.448108	0.580035	2.221644	3.433848	0.393632	0.229252	-0.678546	0.005795	1.875602	-0.632286	0.374831	-0.836336	0.230985	-2.400575	1.565518	2.582063	1.446126	-1.677101	2.271165	-2.166901	-4.701068
-1.799370	1.378563	0.501716	0.886766	0.199757	2.338349	1.989644	0.964821	-0.024330	1.387652	1.765761	0.525280	1.202626	-2.782839	-1.437241	-0.064942	-0.818495	2.302769	1.191411	1.645785	0.447532	-1.730877	-1.677926	-1.352124	0.986637	-1.502177	0.091394	2.410745	-3.041231	1.485687	-2.224398	-4.049150	1.797139	-1.208721	0.432794	3.107250	0.855659	0.197345	-2.346608	-2.181095	-1.100903	0.646208	-0.048067	-2.835900	1.107610	-0.250413	-0.854515	3.374635	1.019149	-2.865814
-0.984105	1.416992	0.305980	2.136523	0.126827	-0.415471	-2.071988	2.581430	1.373699	2.457285	0.410062	-0.084101	0.031572	0.801047	2.113327	1.225322	-0.324990	-2.228053	-1.750413	-1.725244	1.120195	-2.801365	-0.103861	1.717624	-1.913419	-3.253977	0.628504	-2.234864	-2.366192	-0.871322	0.786293	0.950856	0.654965	-0.497670	-0.565588	1.367647	1.179087	-0.790864	-2.154004	-0.496649	-1.470926	0.438075	2.609961	2.556860	-1.164160	1.860070	3.005449	-0.482016	-0.617765	-0.635113
-0.153933	0.053823	-0.794105	0.693654	1.739670	1.600367	-1.036401	2.416503	-0.428551	0.113658	0.690889	0.351397	-1.859606	2.029264	-0.245425	0.464338	0.941234	-1.720087	0.878225	-0.184916	-0.039456	0.759220	0.281217	-1.126465	1.139234	1.884668	-1.035991	-1.067497	1.903652	0.580863	-1.655129	-2.249965	-1.285839	-1.110258	1.825441	0.027827	1.275402	0.141063	-1.962147	-0.202511	3.056779	2.486575	0.051556	-0.627707	-2.583818	-0.244583	1.189669	2.623132	-0.049408	0.528042
1.578518	1.824151	0.803888	-0.202718	-0.003124	0.753227	1.689401	2.934406	0.699166	-1.403227	1.466390	1.019695	0.342561	-0.626455	1.539565	-1.428716	-0.944119	2.810290	2.186826	-1.791773	1.515158	-5.278729	-1.761518	0.380525	-0.528315	-2.556031	-1.339958	2.103426	-2.238055	-2.576697	1.289864	1.200700	2.243616	-1.749095	2.090317	0.156507	-1.431186	0.033814	-6.331265	-0.682253	0.307070	-0.169405	2.735920	0.990019	-2.907142	0.048991	0.709692	-0.614604	3.548655	-0.551746
-1.018869	1.470469	-0.801804	1.552112	2.130690	-0.207153	0.336780	2.161790	-0.367617	-1.548892	0.242968	1.121632	-0.480637	0.061164	0.899955	-0.769310	-0.717300	-2.528289	0.941719	1.404531	-0.588539	-2.744529	-1.312027	-0.435965	1.814393	2.620591	-0.323525	0.415923	-2.710653	2.993024	0.540262	0.127529	-0.651373	2.236232	0.510822	2.462920	0.369322	-1.040319	-3.625018	-0.986485	-2.164230	-0.239167	2.385428	0.613528	1.273105	1.088308	2.364261	3.243382	0.162849	-1.518771
-1.170631	-1.414956	-0.059184	2.220387	-3.838240	-0.684917	1.454488	-2.216902	-0.747262	-2.436734	0.575276	0.597865	1.227776	-0.442885	2.222570	0.119742	-1.235302	0.455385	0.557086	-0.170255	-0.367380	2.161773	0.542779	-0.352495	-1.404659	-0.775755	1.012516	1.074241	1.588553	-3.275852	0.413259	-2.106238	-1.158669	0.617454	-0.915710	-1.315701	-0.982851	-0.322743	4.602221	-2.223335	0.595508	0.282868	-2.615283	1.848192	-0.816171	0.100585	0.895082	-0.715711	-1.304596	1.487878
-1.800199	-1.812236	-1.337341	3.151031	0.477585	1.388827	2.338432	-0.431596	2.407832	-1.901607	-1.510112	0.355437	0.399278	-1.046109	-0.500669	-1.493653	-0.008390	-2.057345	0.562973	0.017196	1.665488	0.158590	-0.358811	-0.519896	-2.815854	-1.006898	0.160885	0.342976	-1.192724	0.053468	-0.364778	-1.549307	-2.525283	-0.375781	1.136465	-0.382891	-0.407983	0.386232	-0.549786	-1.275776	0.141016	1.261116	-2.323234	-2.554925	0.253811	-0.185491	2.144329	2.737898	1.657834	-1.954432
-1.348176	1.546840	-1.302164	-3.443575	-1.228548	1.470347	-1.092510	4.002025	-0.716950	-0.896147	-2.264326	0.548756	0.120588	1.572592	-1.842979	-3.109345	0.610299	-2.575769	0.787624	-0.476633	-0.051708	2.597336	-0.992384	-1.059595	1.026357	-0.866860	-0.068829	-0.947241	1.262555	-5.549339	-1.301402	1.469940	-1.979824	-0.807762	0.897127	-1.633917	0.598217	-0.589094	-1.596323	2.441423	2.047891	-0.407145	-1.486682	-0.675835	2.570846	0.157007	-0.029426	-0.027181	0.575490	1.678276
0.075776	0.957275	-1.274162	-0.050630	0.869418	0.257059	-1.257437	-0.567807	1.276413	-1.982701	-0.644851	1.192652	5.064395	0.389388	4.570374	-1.515946	-0.300382	-0.837463	-0.726523	-0.984943	-1.599976	1.428503	-1.517986	3.351643	-0.728046	-0.173389	0.867055	-0.678474	1.952335	0.691567	2.260252	-0.726102	-0.669168	4.813220	-1.997947	2.457876	0.880033	-2.555377	-0.460730	-0.306625	2.695531	0.680891	-1.399558	-2.283917	-2.284525	1.020639	-1.263920	-2.438546	0.247282	2.005729
-0.231978	-1.318737	-0.916507	-0.400139	2.171251	-0.134740	-0.582719	-0.788180	-0.350643	0.128655	1.492279	-0.884662	-1.121449	1.474631	-0.122193	-0.397799	1.910588	-1.280752	-0.983247	-2.441909	-0.051330	2.011650	0.155004	2.370690	-1.187447	2.492985	-2.193657	-3.531436	2.798509	-0.663065	2.167468	1.407838	-0.866797	1.983702	0.177375	0.227049	-0.005180	-0.111126	0.324337	-1.157586	-1.058204	-1.255594	-1.984987	-2.203141	1.639816	0.704392	0.656553	-1.985844	2.127013	1.653313
0.545489	-0.016702	-1.803257	0.673891	2.866344	-1.022691	-0.665542	0.384274	-1.264861	-0.543557	-2.331924	0.768548	-3.384655	-1.264300	0.496507	0.480625	0.146102	1.331151	-0.017053	1.025110	0.952868	-1.665114	1.189264	1.316911	-0.826145	3.044087	2.270602	3.362592	2.510004	-0.631109	0.086761	-1.884786	1.090914	-2.166011	1.547584	2.651062	-2.876181	-3.474582	-0.810257	1.210790	0.584129	2.366379	2.577759	1.944053	-2.407960	0.866204	-1.867633	0.441337	0.706305	1.493817
1.081985	-2.461524	0.166705	-4.298933	-2.712736	0.486516	-1.010956	-0.580437	1.347059	0.430401	0.871300	1.332833	0.391454	0.182468	-2.814870	-0.387697	-0.023842	-0.952473	-0.881450	0.421305	-0.843521	3.560089	-1.631015	-3.364842	3.215605	2.517821	0.923409	2.111667	-0.354880	0.060272	-2.389027	0.749883	1.161513	3.089720	-1.646431	-2.312531	1.361527	-0.508057	1.189812	-0.640801	1.794958	1.105908	-2.393081	0.732935	1.548797	0.754960	-2.795433	-0.994268	-0.814371	-1.903140
0.140142	-0.175015	-0.731117	2.225421	-0.014514	0.112442	0.475075	0.014856	-0.640374	-1.332783	1.899824	-0.419079	1.232553	-2.397357	1.799830	-0.007753	0.436247	-0.576214	0.161170	-0.709950	-0.321050	-1.336155	-0.099360	0.238618	-1.485971	-1.586887	1.187281	1.688053	0.905148	-2.346984	1.360400	-1.820111	-0.544267	0.471840	-1.196124	0.982173	-1.599318	-0.519914	0.747315	2.232462	0.198411	-1.551896	-0.254512	-1.823741	-1.435162	0.334632	2.343487	-2.225948	-1.106135	3.043705
-3.481426	1.854111	-0.177612	-0.284332	0.804795	1.290186	-1.475706	-0.625455	-0.629259	-1.331138	-0.276311	0.555629	-5.614318	-0.790113	0.872298	0.266388	0.574008	-0.148551	0.635039	3.198150	0.395707	1.207749	-1.153438	-1.773030	1.899772	3.455546	-0.153286	3.231078	0.785966	-2.021445	-1.763969	0.210629	-1.591617	-3.763815	1.843219	-0.069585	-0.927025	0.504103	1.673358	0.433108	-0.799707	1.175893	0.205275	0.503693	0.463804	1.055446	-0.138242	3.324452	-0.688445	-0.449843
-2.036125	0.681547	0.171526	1.147630	6.267152	-0.941424	-1.042492	1.844032	-0.818935	-3.177390	-0.968373	0.544666	2.453049	-0.128645	-2.219503	-1.448460	-0.236324	0.060130	-0.808902	-1.935838	1.836649	-2.369535	0.096654	-1.325212	-2.733183	-0.012591	2.839272	-3.586707	-1.959509	2.657200	-1.204601	-2.862864	-2.722503	2.290102	-1.218135	3.237144	1.666047	1.651350	-3.949217	-0.351901	-1.239754	-0.954450	2.643728	0.539414	-0.373953	1.163498	-0.057808	4.504543	-0.493056	-3.982009
-0.946485	-2.835526	0.074439	-0.456104	2.741458	0.456902	-0.398674	-2.424147	4.018590	-0.469998	0.317096	1.814608	-1.921493	1.220344	-0.715194	1.473681	-1.121827	0.603888	0.034211	-2.420035	3.412898	2.662966	-0.495785	-1.832547	0.273207	0.682195	1.257889	-0.974603	-1.828747	1.106014	0.867128	-1.322111	-1.698270	0.425291	0.266749	1.700270	2.703008	-0.437881	-1.097790	-0.196289	2.596543	0.260467	-0.576495	-1.374993	2.698116	0.584268	1.510331	0.752558	2.620889	0.817236
5.697374	0.327395	0.977793	0.554387	-2.237097	0.279201	1.038505	-2.579233	1.461392	1.021907	-0.416309	-0.540574	1.063757	-0.092273	1.783968	-2.659674	-0.662523	-1.308924	0.483780	0.638030	-2.376703	-1.161478	-2.000059	-0.914176	1.108373	-2.738763	-1.581113	-1.137326	-2.068706	2.531717	0.527189	-0.838116	3.408935	-1.446420	3.571883	0.921185	-1.255843	0.225920	0.519688	2.492549	1.252703	-0.498105	-0.026765	0.151113	1.038373	-1.859804	-2.870152	-3.575878	1.134599	0.516317
-3.379048	1.957147	-0.484569	1.183729	1.149751	0.675910	2.630401	-4.233933	-0.189200	1.521730	-2.774143	0.269652	3.980766	-0.501826	3.196567	2.271934	-1.716495	-0.131173	1.038442	-1.075307	-1.303085	-2.538624	0.109565	-0.810562	-0.577750	-2.888339	-0.409871	-2.912568	-0.618987	3.240963	0.395003	0.722435	-0.973506	-0.098636	-0.078259	-1.049070	-0.012182	-0.657396	4.125364	-0.515449	0.491202	1.197680	0.597016	0.550760	-2.941549	0.363424	0.376132	2.688694	-1.630777	-1.743494
4.383201	1.892403	2.357317	0.009985	3.863223	0.966023	2.325777	3.247437	-0.611131	1.809429	2.162923	1.338205	-2.593230	-2.186199	-1.524229	0.607212	0.032442	3.305800	1.194376	-0.090300	-1.721220	-0.517110	-0.275617	0.334131	-0.174679	-1.589313	-2.083770	2.555588	1.130668	-0.227105	0.335076	1.692701	2.975883	-3.907380	-0.270370	0.742004	0.859964	0.613790	-2.041538	3.105022	-1.434781	-0.783476	3.147051	1.322511	-3.928327	1.292534	0.382767	-4.524433	4.301024	1.748129
-0.467718	-0.133455	1.198242	-0.873505	1.298544	-0.644450	-4.323256	-0.510674	-0.075113	1.044131	-2.135852	-1.129267	-1.403562	1.225662	-2.793791	-0.118271	-0.924235	-1.611936	-1.808388	1.426501	3.617379	-1.830282	0.074587	0.490962	-1.152675	0.624423	-1.241695	0.856772	1.897882	0.202878	-1.876673	-1.386948	2.130832	-0.170179	-0.133636	-1.342334	0.186215	1.939898	-0.299169	-0.001800	0.866749	0.680839	0.907472	-0.118461	1.430845	-1.100246	-1.034462	1.003931	-2.157880	0.543006
1.775832	-1.223711	-1.182360	-0.221839	-5.635630	-2.457787	-3.625205	-0.978329	0.787095	-2.379355	-0.406452	1.163693	0.629161	-0.532514	3.362813	-1.420166	-2.632114	1.019470	-2.175355	-0.367356	1.917781	3.567343	-0.542016	1.479852	-1.634340	-1.473953	1.727308	-2.952381	0.765013	0.114863	1.524858	-1.654327	0.592203	0.589458	-0.773200	2.090833	-1.895414	0.527000	-3.386618	-0.302013	-0.205038	2.412978	-2.626181	-1.253787	0.830925	-0.824370	1.133436	-0.056748	-1.089450	0.912591
1.761667	0.594929	-1.931358	-2.561411	-0.078960	-1.311666	0.602531	-0.395650	0.491914	-0.257947	1.074294	-0.757621	-3.435826	-2.185851	-0.354788	1.125119	3.740461	1.949653	0.268406	-0.908030	-0.161032	2.639498	0.850122	-0.365400	3.228149	2.882435	2.609454	-0.581106	1.127465	0.776140	-0.004605	-1.363079	2.350781	-2.165304	2.340051	1.039359	-2.836510	0.830639	-0.000944	-0.892924	0.278953	-0.322152	-1.326207	-2.766194	4.609611	1.115067	-2.650967	-0.711618	3.354534	0.963990
1.718815	0.030665	-0.466955	2.244610	-3.132869	-0.264181	-1.807936	1.865553	-2.685088	1.801045	-0.648035	0.569291	5.519928	-1.092050	-1.621257	-0.826719	-2.072842	-0.628748	-3.039795	-0.062847	1.526771	3.689949	1.584226	0.692683	0.673357	-3.865715	-2.141325	-1.457691	-1.216063	0.818173	-0.494794	-1.392708	0.643598	3.758077	-3.822488	-2.184774	0.707997	0.137372	0.472290	0.970826	-1.031042	-0.967468	-1.246323	-0.054220	2.604190	-3.965928	0.690695	-4.489345	-6.073446	0.880655
1.782077	-0.942563	1.859320	-0.079087	-0.754105	0.458566	-0.750448	-3.574078	1.524834	-2.197169	0.821701	-0.552531	-1.082232	-0.812627	-2.459926	0.216241	2.622737	-2.526704	-0.378040	0.568525	-0.467162	-0.272437	0.639231	0.933723	0.537883	-0.242113	-1.119771	-1.802946	-0.521137	-1.203283	-0.826319	-1.499961	1.670789	-0.903959	1.959998	1.337143	-0.758773	1.678460	2.650470	1.679958	-0.507619	-1.643943	-0.602280	-1.287006	-0.429066	-0.188606	-1.030179	-0.428753	0.897868	-0.819389
0.848191	-0.694503	0.150320	2.661722	3.829104	0.862336	0.152189	0.354766	-0.763469	0.556446	1.693064	0.178224	3.596195	2.149473	-1.374825	-0.900323	-0.495813	-2.841578	0.219611	0.387127	2.280822	1.035778	0.307794	0.505293	-0.207470	-1.282342	1.183357	2.173147	-1.157859	-2.649782	-0.535231	-2.047702	-0.507774	3.831205	-1.308956	-2.301673	0.443467	-1.514804	-1.291471	-0.766308	0.945121	1.455808	-1.537339	-0.739637	5.828304	-3.762937	0.986565	2.536779	0.111702	-0.865386
-1.766495	-1.618288	-1.695014	-0.204987	-0.907469	-2.559986	-1.776845	-1.077057	2.207459	3.038191	3.185893	-0.094352	-0.941753	1.111914	2.020683	1.318319	-1.897430	2.403870	-0.804386	-2.230679	1.308642	1.647613	-0.303376	0.065978	-1.264621	0.667014	-0.617297	2.382949	-0.158220	0.980233	1.434460	-3.657561	0.969113	0.310290	-2.884922	1.243543	0.312357	-2.174947	-1.223109	-0.631142	-0.562509	-0.297259	-1.435320	1.175260	-0.473317	-1.083829	-0.616987	-0.365043	-0.878365	0.632909
0.250594	0.752623	-0.866349	-0.269222	-0.019862	-0.362264	-2.440615	1.425573	-2.164448	-1.218475	-0.850176	0.990472	6.152688	-0.154681	-1.173035	-1.567111	-1.903657	-0.761101	-3.421489	-1.466916	-1.158601	0.506852	0.263874	0.453328	-2.534686	-6.596837	1.665272	-3.240135	-2.508060	0.064641	-0.004778	0.018459	0.011212	0.620401	1.412551	0.204651	5.330402	-0.734029	-0.313331	0.097591	1.870573	-0.263068	-1.458896	-1.585188	-1.024228	-0.843226	-2.035397	0.027601	-0.792412	-0.706748
1.418377	-0.056772	-0.613245	1.820715	3.036261	-0.170114	2.013743	2.229652	-2.811995	-1.997535	0.314824	-0.579415	4.797617	3.695349	-3.035651	-3.139093	0.358364	-2.863583	0.548215	2.517301	-0.520006	-1.297753	1.263804	0.934716	1.938901	-1.565593	-0.702913	3.998461	-1.381473	1.666875	-1.204978	2.582037	0.252486	3.147036	-2.678944	-0.968524	1.292841	-1.116537	1.894409	0.333744	1.184500	-1.183091	0.648585	3.068682	0.104795	1.354236	0.282408	-0.950844	-0.179986	-0.526427
0.238936	2.905744	-1.166874	-1.720258	2.987960	-0.697499	0.270538	-1.137385	-0.699305	-0.600304	0.957138	1.974497	4.806124	-0.714941	0.373012	1.835626	0.865096	1.402014	-0.509655	-1.307980	-1.358409	-0.648265	-1.024110	-0.446396	-2.565626	-3.990025	1.739257	-2.162091	-1.769604	0.816979	0.078821	2.267160	-1.109173	1.917975	-2.355711	-0.363761	-0.321694	-1.657121	1.756075	-0.155538	0.407911	0.941321	0.719117	2.658209	0.173056	1.041143	0.746731	3.413320	0.561194	-3.824365
-0.557986	-0.143447	-0.376219	1.242232	-1.585468	-1.061238	-2.639598	1.179700	0.031855	-0.154926	-0.037777	0.550818	-2.967549	0.025494	1.410794	-0.490119	-0.427372	-0.740536	-1.481137	1.406752	1.867396	2.320658	0.641006	-1.061635	0.674226	2.888642	1.076135	1.151151	2.084416	2.354069	-0.009059	-0.324230	-0.283132	-0.521712	2.026790	2.172533	1.732470	-0.842633	-3.687387	-0.260792	-1.873035	0.075382	-0.535732	0.880184	0.344853	2.850148	1.145666	-3.416269	0.447913	2.101328
-0.994563	2.633391	0.767724	0.260370	0.135402	0.402070	1.496426	3.747167	-1.735733	0.630730	1.745865	1.494597	2.230693	-1.023666	3.360774	-0.216931	-0.529605	-0.459660	1.109724	-0.070799	-0.333552	-3.463229	-0.298280	-0.167670	-0.376244	-1.334835	-0.093697	2.530830	-0.147047	0.433579	2.800887	-0.364235	-1.460112	0.295635	-1.206577	-1.144735	-0.351179	-0.967901	-2.369111	0.029497	1.243506	-1.840163	2.540782	0.675739	-0.816732	-0.570154	1.567072	1.553413	-0.876557	-1.097622
-0.545802	2.568298	-0.100734	0.800527	2.594201	0.312421	-0.388099	1.334647	0.093275	-1.130880	0.865460	-0.393329	-1.503181	0.303745	0.961662	-1.394248	0.955972	2.189572	-1.953673	-2.356615	0.240593	-3.282267	-0.391773	-1.382823	-0.557670	0.087306	-0.361170	-0.672829	2.550372	0.351319	0.801453	-0.502537	-1.110881	-1.277899	0.255855	-0.677841	-1.448349	0.377056	-1.898260	-0.299203	-0.590942	0.960903	3.687535	0.841560	-2.224958	-0.886934	-0.558564	-0.584345	6.094502	1.322874
-1.351141	-2.534730	0.359937	0.020252	1.248107	-2.993938	2.562593	2.144545	-0.516831	0.474054	-1.154586	-0.544136	-2.498591	-0.385597	-3.986939	2.430369	-0.447738	2.485461	2.444013	-0.211395	-0.249723	-0.113842	0.678851	-2.281550	-0.171543	0.214505	-0.064381	-0.258018	1.587679	-1.595728	-1.492045	-3.663307	-0.743585	-2.783144	-0.523009	0.589566	-1.836868	1.760036	-0.325329	0.257382	-0.412588	0.541751	-1.659625	-0.825354	-0.142404	-1.186717	-1.548775	0.909976	-2.428701	0.768679
-0.591598	0.779613	-2.340654	-0.035734	0.370478	1.565624	-0.426715	-0.835849	-0.005295	0.161053	1.726254	-0.539547	-1.010580	-0.203136	-1.545412	-0.241699	0.793616	-0.415108	0.431307	-3.466364	1.075594	-3.585007	1.010265	1.383066	0.607614	3.854336	-0.043901	-4.030383	1.202604	-1.150125	-2.365542	0.304427	-0.049333	1.455820	-1.095055	0.584558	-3.157403	-3.007675	-0.626400	1.293228	1.315256	0.016466	1.042630	0.535673	0.005768	0.136915	0.772756	1.138822	-1.404158	-1.670659
1.436918	1.665018	0.440316	0.466279	-1.128848	-1.020334	-0.156128	3.063526	-2.260153	2.964590	3.156328	-0.419140	-1.969867	-0.059306	-0.396268	2.505733	0.206520	0.025078	-1.011747	-0.382344	-2.248084	-0.944844	1.821286	-1.899064	2.705199	-0.055583	0.164395	4.189135	1.285671	-1.791158	-1.608344	-1.282254	3.390538	-2.028493	0.720263	-1.344360	0.233381	-0.553965	0.072359	1.049946	1.187396	0.735993	0.750262	-0.412573	-0.521096	0.156193	-0.525179	0.815044	0.662133	-0.347394
-0.651939	-0.334037	-0.602867	-0.207263	-0.259644	0.553739	-2.557959	-0.310858	-0.930566	0.240048	-1.033204	0.473280	3.078251	3.134210	1.961917	-0.371812	1.583771	-0.949002	-0.222104	1.471580	3.253546	-1.951609	-0.153413	0.097233	-2.166811	-3.004907	0.219939	0.987130	0.520485	-3.026195	1.185813	1.237307	-0.288077	-0.101448	-0.334123	-1.329264	-0.011100	-1.627239	0.271524	-0.494503	-0.239514	0.782108	1.781001	-0.975424	-2.090210	-1.810101	-1.032895	0.069177	-1.156595	0.863769
-0.288881	-0.590529	1.964336	-1.651820	-1.096031	0.640188	-0.120671	0.056364	3.664546	-0.257269	-0.838282	0.472443	0.249581	-1.077489	-1.494902	0.700744	0.853312	0.292285	0.224185	1.232898	-0.014583	-1.899770	-0.335612	-0.130308	0.131970	2.628063	-2.379213	1.287157	1.512687	1.377730	0.243790	-3.155682	-0.578940	0.054915	-0.542784	2.552344	0.924804	0.655436	-4.230472	0.102949	-1.925634	1.008182	-0.025563	-0.795348	2.001459	0.113835	-0.445443	0.173788	0.630511	-0.663836
-1.676846	0.585782	2.582379	-0.796043	2.465999	-2.237890	1.232406	4.114914	-3.552899	-0.582063	0.642863	0.623442	2.249578	-0.667221	-1.528693	-1.318101	0.193703	0.671375	0.070662	-2.993654	-3.329968	-1.873717	-0.666698	-0.418136	0.100663	-0.149945	-1.681012	-4.570466	-3.148493	-3.695289	-0.762293	-0.283713	-1.311997	2.458789	-1.431667	-0.085823	7.330271	1.371047	1.653018	1.031590	0.725323	2.267952	1.434691	-0.540562	-2.154376	-0.944175	0.668710	2.208437	3.690419	-4.752357
