X9	X35	X7	X14	X11	X16	X22	X34	X24	X15	X17	X44	X50	X25	X6	X33	X13	X47	X38	X23	X20	X49	X21	X28	X29	X36	X30	X19	X37	X26	X46	X45	X43	X27	X5	X48	X12	X39	X42	X8	X40	X1	X10	X41	X4	X18	X32	X31	X3	X2
-2.901059	-0.039985	2.767839	3.227894	-0.242290	0.056440	-1.218902	-0.221439	-1.739079	2.251958	-1.927738	-0.325115	0.231886	-2.465688	0.505560	-1.378666	0.920336	-0.028125	-1.837844	-1.815862	-1.196265	-0.664760	1.978363	-0.764104	1.013580	2.465966	-0.774111	-1.096869	-0.997983	1.645574	0.457870	4.041156	2.379202	0.603297	-2.557011	-1.532288	-0.912401	-5.787872	0.460998	-1.241254	-0.723784	0.221951	-1.906247	-0.643879	-0.815311	0.509893	3.435364	1.208386	2.540791	0.729608
-1.582873	-0.302014	-3.901524	-0.630773	-1.113992	-1.735105	-1.309608	-0.406167	-1.163567	1.804567	-0.046238	-1.545777	-0.847370	-1.142157	-1.473225	-1.506678	2.038949	-0.575597	0.429768	-1.355829	0.064232	-0.925408	0.149787	0.574021	0.867383	-0.286036	-0.101507	0.770546	-3.121130	1.390441	-1.382717	0.455286	0.181259	-0.313721	1.923114	1.416825	-1.595165	-0.558116	0.699225	-3.980331	1.621211	-0.218992	-1.318618	1.525858	-2.082415	0.051306	0.288499	-2.257827	1.654367	0.165174
-2.635645	1.334187	1.542474	0.019360	0.458352	-0.544929	0.136969	-1.784620	-0.342618	-0.915665	-1.220492	0.623140	-0.961091	-2.180699	-0.639201	-0.852860	0.923770	-1.255313	-0.562932	-0.762361	-3.532419	0.933381	1.389387	-1.225788	1.199862	-1.355398	0.221535	-1.475992	2.465193	1.000821	1.227258	-2.486959	1.661317	-3.884299	-1.768416	0.366720	1.614502	0.520741	-0.381176	-0.539557	-0.234063	1.101620	-0.657097	0.751244	3.732781	-1.043661	2.109277	2.217857	1.182109	1.590823
-0.684683	-0.572876	-1.778840	-0.027849	1.693657	1.011560	0.591220	-0.288477	0.479117	0.855646	-0.907802	2.172296	-0.597148	1.490493	1.697165	-0.063141	0.248582	1.981609	-5.211941	0.482694	-4.133696	1.110788	2.034806	0.612188	-0.444893	-1.161323	2.458490	-0.764367	-1.157153	0.931404	0.859736	0.458213	-1.101487	-4.253771	1.869936	-4.886745	2.674081	-1.068603	0.500635	-1.321483	1.287082	-1.761938	2.434425	-2.844182	-0.415266	1.585980	0.869863	3.697281	0.058485	-3.099158
1.213527	0.867862	1.324073	0.242608	0.979021	1.199555	0.999156	-2.270070	-0.126928	0.707436	0.381366	0.312677	-0.173357	-0.475891	-4.183584	-0.310146	0.503020	2.133609	-2.336893	-2.702267	3.600561	-2.008198	-0.114610	1.348403	-0.603416	3.769335	-3.380292	-0.652987	-1.170113	4.877826	0.452204	-1.983150	-2.124851	0.961999	-1.229037	-5.969934	0.466771	-2.162550	-1.087705	0.836441	-1.619486	-2.087543	1.147955	-0.616086	0.322543	0.077550	1.610939	-0.033135	-2.526062	2.012956
-1.295868	1.380596	-0.219368	0.286476	0.788876	-0.620098	-0.894446	0.651259	0.004512	1.459938	0.518877	-2.516418	-0.941235	-1.200587	1.860031	-1.393057	0.286980	-1.729384	-2.057831	0.557042	-1.918827	0.371676	-0.131943	-0.645968	1.753856	-2.003531	0.002246	0.301798	-0.425757	-1.126516	-0.180771	-0.479349	0.678093	-0.591798	-0.755454	-0.234145	-2.415400	2.238832	-1.574477	-0.399295	0.520067	-0.221661	-4.031406	-1.294945	-1.781843	-0.697002	-1.092359	2.290555	0.153608	-1.381787
1.989645	-0.370336	2.426727	-1.171419	-0.519645	-1.262725	-2.551116	-2.587109	0.475226	-1.626214	0.325817	1.919143	-1.022485	1.893413	2.132112	1.776329	-0.764545	2.112305	-1.244454	-2.238434	1.990919	-1.921298	-0.050974	-2.646397	-1.956735	-2.081928	-2.354762	1.295549	2.638149	-0.554779	0.727837	-1.146571	1.246214	-0.687147	-2.850514	-0.856183	0.048483	-2.674691	-0.104969	-0.942669	-0.052468	-1.787906	0.220242	1.584713	-0.770372	-0.072817	1.807454	-3.292220	0.603328	0.505858
-1.203298	-0.210616	2.911938	0.330447	-1.517098	-1.015408	-0.424869	0.152696	1.196719	-2.023430	0.165820	1.471212	-1.139600	-3.669806	0.439557	-0.254623	-0.656752	1.973151	-3.217038	-1.455402	0.413825	-2.218697	-1.462039	-0.888463	1.898756	4.294692	-4.636695	-0.357492	-0.650141	5.217786	-1.675438	0.558415	-2.543073	1.527275	-3.784373	-1.822387	1.125511	-3.797318	1.525958	-1.017562	1.137686	-0.659714	-1.827737	0.849610	-1.088673	-4.109354	0.218983	-0.621298	-4.802841	0.582431
-0.697481	-1.542402	1.057326	-0.598069	0.328806	1.152453	-0.659061	-1.020567	-2.071153	1.740815	1.148849	-0.553458	2.440574	0.460019	-0.234867	-0.496143	0.443532	1.735653	-0.219416	-2.863595	1.673610	3.447681	-0.030846	-0.932379	0.367406	-2.108577	-0.272114	-1.921325	-1.825365	3.362091	0.610351	2.146341	-0.773862	0.592020	-1.776646	-3.630693	-0.079292	-3.133589	2.079682	0.914636	0.522487	-1.131971	-0.933853	1.611033	0.079651	0.973939	3.560830	-1.173801	-0.438975	-0.997598
-0.690056	-0.778207	-0.957420	0.457332	0.188056	-0.030830	0.334560	1.919060	1.143299	-2.557063	-1.544465	1.127224	2.199025	2.827143	-0.752572	2.220269	1.707228	-1.300064	1.978805	0.241858	1.002741	0.838172	1.080139	1.341646	3.321796	3.233258	-1.383392	1.042295	2.935553	0.746342	-0.227926	0.080367	0.411180	1.212925	0.873610	0.815669	-1.842674	0.706896	-1.054636	-0.715728	-0.607551	0.667149	1.784662	0.918220	-1.448127	-0.006242	-0.120401	-2.196259	-0.324526	0.102106
-1.257473	-0.250123	-1.619987	0.595670	-0.140031	-1.106446	1.366263	4.344324	-2.510478	-0.464771	-0.589816	1.509270	-0.010282	0.542146	-1.058355	0.727449	0.631000	-2.510385	-2.451874	1.373954	2.771837	1.247213	0.322269	-0.302083	0.112302	0.163823	0.489471	2.394932	1.719608	-0.729770	-2.689491	-1.562688	0.665783	3.896876	-0.008746	4.325697	-2.889997	-1.605352	-2.402890	-2.841846	0.154611	-0.492578	0.337513	-0.468830	1.992866	-1.720797	-1.514823	-3.162450	-3.265512	-0.757566
-1.063256	-0.441558	4.389269	-0.190869	0.672186	-0.299121	-0.327456	-4.461705	-1.209422	0.650701	1.018958	1.300270	-2.103709	-0.477438	-1.364111	-0.446544	-0.690677	3.289271	0.473089	-0.990122	-2.743508	-2.476128	-0.331565	-2.853512	-0.904109	2.505214	-2.720595	0.198665	2.411408	2.529661	1.343672	0.262040	-0.131147	-3.327120	-2.993392	-3.628724	0.124322	-2.158042	-1.472443	0.666667	3.064833	0.619985	-0.399103	3.226971	1.600021	-1.928859	0.494711	6.002653	-3.420598	-1.457815
-0.435253	0.816132	1.462440	-0.670343	-0.992122	-0.394420	-0.378773	0.639682	-0.060017	-1.112426	-2.634108	1.602530	0.059327	4.846896	-0.179047	0.534966	-0.572482	-1.516309	-0.505706	-0.157994	-0.435090	1.427929	-1.550680	-0.853214	0.478026	0.210632	-2.678787	1.341287	2.393550	0.390151	-3.827244	0.138279	-0.963710	1.691270	-1.214184	2.409933	0.540125	0.838900	-2.240798	-0.294656	0.964914	-1.143933	0.554717	1.356636	2.254589	0.497074	1.603019	-0.054906	0.509311	-2.394296
-0.318140	2.373295	0.176162	3.899225	2.621548	1.122414	-0.798887	1.172545	1.717735	-0.377471	-2.360215	-3.199648	-1.262708	1.268578	1.166726	3.306207	0.808473	-1.265853	-0.242664	-0.532837	1.638942	1.848929	1.718905	-2.364649	2.118487	1.860457	-3.014445	0.402362	3.714585	5.676384	1.948352	1.435327	-0.841194	0.975895	-0.996371	-3.710511	-1.532249	-2.092069	-1.390348	-0.793535	1.161266	2.498564	-0.026813	-6.706722	0.396935	0.176359	-1.256907	-0.381284	-0.336421	-1.734679
-1.373078	0.997728	1.303725	1.908692	-0.532465	-0.174436	0.268095	-3.229271	-0.440434	-0.543667	0.358491	0.437486	-0.561179	-0.073187	2.180346	-0.949585	-2.047671	0.269384	1.078690	-0.209182	0.012464	3.086872	2.229514	2.281780	0.815598	-2.287256	0.148032	-2.879209	-3.923639	-0.416748	4.712749	-0.972470	-2.644795	-3.996222	0.427374	0.380737	0.333226	1.518605	0.730237	-0.338051	-2.149575	1.208515	0.461856	-8.389523	1.370276	2.027263	0.900827	-0.091186	-1.511770	-0.836674
-2.522068	2.229579	0.586553	-3.467783	-1.049188	0.770115	-1.379790	0.622760	1.818279	0.178502	0.449726	-0.753272	0.220318	-5.965429	1.390282	0.844108	-0.482677	-1.522788	0.967204	1.681455	-0.040259	0.343500	1.831651	0.958126	-1.378432	0.256114	0.901794	-0.260732	-0.051584	-2.336732	-1.943354	0.817600	1.123023	2.374532	-1.371747	1.462162	-3.569566	-2.831293	-2.806364	0.102036	0.529830	-2.702750	3.880673	1.106384	-1.349105	-1.076857	-1.867406	0.274043	0.630572	1.066333
0.681864	-1.907086	-1.368263	-1.139042	-0.142096	-1.044899	-0.468307	-0.343542	-0.548262	1.070047	-0.875028	0.314850	-0.567155	2.973340	1.602746	-1.084096	0.654829	1.162395	1.211437	0.324815	0.757767	-0.163996	-2.012616	0.926507	-0.274822	-3.000522	0.614890	-1.598945	1.009651	3.265690	-0.032440	-2.878247	-2.224714	-0.295618	0.497600	-4.182748	-1.622846	0.780551	1.027760	0.733084	2.575342	0.475841	1.276056	3.232980	1.105158	-0.944058	0.276785	-0.389790	-2.016677	-1.042544
-0.071693	0.657227	1.002102	1.465783	-1.876599	-0.661302	-0.521393	-0.795185	0.163537	0.874361	-0.484507	2.652131	-1.918565	1.343275	0.168545	-0.316875	-0.945024	4.081468	0.918119	0.381182	-0.968083	-5.561232	0.039602	0.974422	-0.293762	-0.340288	0.682975	-0.908773	-2.108404	-0.222407	0.585550	-0.029742	-0.337259	-1.244177	0.925628	0.363504	0.789075	-1.181579	0.583726	0.461197	-0.442995	1.956740	1.374776	-3.377290	0.155748	0.505431	2.885695	1.460162	2.380132	-2.536711
-0.384301	-0.795670	-0.520737	-0.104246	1.275025	1.490222	0.563181	-1.676240	0.162851	-1.450882	1.070629	-0.827682	0.928998	-1.406750	-0.132960	-0.495890	1.841826	0.324584	0.127328	-1.202383	-0.454102	1.963860	-0.758815	0.923218	0.451748	-2.496100	0.887300	-0.352418	-0.768507	2.350485	-0.173821	-0.053289	-0.250241	-4.079624	2.133467	-2.001970	2.087705	2.788147	-3.194797	0.252300	-3.968560	1.268718	2.943910	2.304228	-2.288444	0.573657	1.807773	-1.355126	-2.122192	1.812391
-1.813834	-0.888109	2.522353	1.263917	0.713913	-1.537833	-2.093852	-0.020663	3.747712	-1.388636	0.610275	-0.798198	0.899997	-1.529732	1.392593	-0.881980	0.151092	-1.214319	-0.055578	-0.406371	-0.195495	-0.455155	-1.051187	1.992584	-0.685414	0.596101	0.222415	-1.416545	-2.113980	-2.714561	-0.554027	1.286083	0.826037	-0.488631	-2.380905	2.862503	-1.245472	-2.051025	-1.102638	0.086442	0.854206	-0.108913	-0.958333	-1.341137	1.402120	-1.217139	0.958084	-0.072201	-1.338567	0.335700
-0.387846	0.551804	0.657564	-0.668485	0.281580	1.317545	-0.201555	-0.983055	1.142961	2.103157	0.331199	-1.127306	-0.202001	2.218001	-1.104196	0.548256	-1.056180	2.916418	0.465331	0.191561	-1.191266	-1.597945	3.295615	-1.501260	-1.698305	1.685104	-0.891086	0.905785	-1.946853	-1.376001	2.866922	-2.244598	0.175382	-3.412221	-0.700670	-2.729676	2.269590	-0.476628	2.075830	-3.114166	1.134300	-0.997413	0.912029	-2.935187	2.069686	-4.678732	-2.027441	-1.124386	-2.368832	-1.194453
0.372477	-0.966479	-0.845910	1.445158	-0.284323	2.156069	1.284429	1.834594	-1.826340	-1.189849	-3.079635	1.626853	2.699675	-2.026017	-1.362559	-0.573253	0.873427	-4.106638	-0.090755	0.799867	0.769372	5.653027	-2.300862	-0.612997	0.486059	1.658748	-1.288807	0.300064	3.507709	1.608319	-3.698432	-0.329633	0.550839	1.073681	0.666450	-0.943465	-0.559261	0.993524	-3.068469	1.660541	0.725993	1.397717	3.195829	3.494337	-3.373353	0.090356	0.301159	-0.548529	-1.203501	1.696288
0.246872	1.299087	1.326101	2.060458	-0.916790	-0.915997	0.273428	-3.927087	1.584016	3.174362	-1.040166	-2.529287	0.065302	4.447103	-1.592255	-0.986737	1.249971	0.299086	-0.985447	0.388081	-1.437329	-1.034325	-0.842296	2.293049	2.143565	1.547951	-2.031234	1.200572	-2.631185	-0.187875	2.191789	-2.123062	-0.176744	-4.108677	0.087532	0.922273	0.087691	2.220866	-0.648727	-1.069536	-0.560970	4.110174	-0.168276	0.023136	-0.620899	1.829546	-0.977793	1.602528	1.906690	-0.583824
1.395841	-0.646304	1.074915	2.798515	0.478285	-1.132224	-1.449386	-1.315548	2.749756	-0.608099	-1.571490	2.766508	0.269655	-0.607761	-0.662918	0.410469	-0.105512	-0.270909	-1.855276	1.023399	-0.133399	0.205643	-0.522257	6.561640	2.068440	-2.273526	3.202453	-2.190238	-6.017403	0.397121	1.346652	-0.796604	1.953582	-0.442605	1.208608	-0.900249	-3.698933	-1.837373	0.163829	-3.681514	0.389285	1.430607	-2.076905	-8.545313	-0.087822	0.953946	1.571108	-2.445290	-1.234709	0.622484
-1.699746	-0.493609	-0.959031	1.449324	0.086744	0.605979	0.411588	-1.210510	0.659124	-1.978631	1.289550	0.128239	0.079849	1.841852	-3.656233	-0.875685	1.873351	-3.212871	0.740817	0.273612	-3.661929	3.110606	-0.625805	2.258924	1.212126	0.859129	0.603217	-2.719156	1.822328	-1.266549	-1.439713	-1.739360	-0.032456	-2.543379	2.441060	1.555482	-1.011721	0.001258	-0.008549	-0.910856	2.852130	-0.129220	-2.448045	1.757958	1.061416	0.937693	1.716841	1.667899	0.695293	-1.547196
-1.061351	0.819657	-1.914149	-1.988399	-0.544483	0.275215	-0.398143	1.389725	0.967086	1.613100	0.269652	0.707607	1.843004	-0.417085	-0.135635	-0.592441	0.873212	-0.170245	1.078215	-0.356665	2.277390	3.521873	1.271202	0.340751	-0.485385	-2.103387	0.170172	0.603657	0.341754	1.343564	-1.202470	-0.725778	-0.093880	1.775476	1.609198	0.353707	0.351718	1.986672	-1.084015	0.853568	-0.187365	-0.624419	1.099204	-0.051136	-1.065211	-1.589436	-1.382938	0.601321	-0.810521	-0.200166
-1.294644	0.887989	-0.304408	0.756869	-0.831401	-0.915696	1.225752	-0.782610	-1.144255	2.004155	2.243172	1.256701	0.722505	2.434929	1.684881	-0.837947	-0.235026	-1.713284	-0.293131	0.001283	-1.330604	3.053807	0.188179	-0.251247	-0.627069	-3.204643	2.724927	-0.703010	-0.178619	-1.478367	-2.064939	-0.657811	-0.767987	-1.870456	-1.055305	2.955735	0.524720	-0.643554	-1.618888	1.100746	-0.329952	2.341453	-0.442587	-0.207151	1.998685	0.512959	0.302387	2.751088	1.727454	-1.519081
1.576690	1.404895	1.110641	0.578009	0.273261	-1.558723	0.108368	-1.735845	-0.292503	0.276991	0.381784	-0.161410	-0.499679	0.756286	-2.892537	-0.573509	0.651302	1.756042	-2.852371	0.638529	-0.938281	-6.686975	0.847917	1.472900	0.761028	4.932857	-0.305642	0.518779	-0.990034	0.159118	1.808026	3.273482	-0.039789	-0.833572	-1.224614	-3.435746	-0.707058	-0.076141	2.900665	3.204885	-1.468830	-0.028085	-0.238315	-1.396939	-0.778294	-0.086931	1.584874	-0.006800	2.029808	-0.628792
-2.960600	0.158095	0.058893	0.437287	-0.401378	-0.133450	1.128192	0.625086	-1.129705	-0.486843	-1.061070	0.269055	-0.156334	-2.264968	-0.234742	0.697381	2.427679	-3.457388	0.666452	1.205262	1.940061	2.448705	-0.288634	-0.348335	0.994841	1.994238	1.475038	-0.193875	-0.409641	1.549574	-0.536886	-0.549269	0.121879	1.102184	0.055627	0.975214	-0.382169	2.605447	-2.735187	1.520164	-0.930870	0.546281	0.782276	-0.626605	0.339142	-1.486793	-0.351238	-2.332107	-1.767866	-0.443185
0.621322	0.705987	-0.703044	3.542044	-0.530172	-0.260554	0.478195	-1.016466	-0.015841	-1.343980	0.442053	-0.528300	-1.315381	-1.817655	-2.832652	1.736081	-1.466949	0.371161	1.507011	-1.573682	0.705611	-2.611069	-0.303865	2.686273	2.740313	4.139671	-1.516404	-2.585005	0.290860	1.182117	3.326266	0.915888	-3.009043	1.074446	0.207693	1.204848	1.119293	-0.964478	-1.343790	1.233767	2.791801	0.227160	-2.223976	-1.295616	2.983077	0.461746	2.458169	-2.590770	-0.468144	-0.371681
-1.217950	0.244736	0.647062	0.807838	-0.001703	-1.825287	-2.335442	-1.379386	-1.503297	1.184979	0.496024	-0.626842	-0.064172	-1.066449	-1.252301	0.189019	0.471907	-4.886960	1.140989	-0.708463	2.276993	-0.520099	1.463180	-0.460931	0.989039	2.620306	-0.689279	-0.325892	-0.603028	-0.252859	1.866831	-0.887320	0.577479	1.821337	-1.433285	2.637040	-2.232144	-2.718444	-0.411109	-2.965088	-0.666421	1.550688	1.690214	-2.118543	-0.184952	0.334200	2.146859	1.662924	1.577849	1.645878
0.958997	1.275036	1.329831	-3.344082	0.283595	-0.887741	0.277538	-1.438116	-0.834102	-2.304047	0.880930	-0.574580	-1.366986	0.482928	-0.171200	2.094949	-1.494060	1.523408	1.052624	0.606801	-2.134005	-1.449567	-0.496456	-0.021594	-2.565066	-1.165679	2.534504	1.478017	0.311165	3.467961	5.000785	-0.407636	-0.632572	-1.445079	0.171510	-0.934849	-1.048101	2.172635	4.185831	-0.485222	0.514296	-3.971221	-0.746844	3.881952	-1.644076	0.306876	-1.379549	-0.501244	0.462132	-0.041518
0.937429	-1.743874	1.982853	0.048179	-0.171213	1.403590	-0.151541	-1.069914	3.587548	0.325580	0.947568	3.546028	1.170511	0.210979	4.005992	0.334799	0.325328	-0.197859	0.416982	-1.605492	-1.549232	3.578630	-0.311563	3.040831	0.958303	-5.614812	2.953802	-1.996268	-2.808801	0.692932	2.491791	0.147143	-0.771541	-1.280946	-0.119719	2.070465	2.014258	0.468266	0.511335	-0.243080	-0.749010	0.158396	-1.244873	-2.649883	-0.179768	-2.743210	2.435129	2.913256	-1.622342	0.495240
0.110438	-0.449973	-0.374945	-0.679773	0.319104	0.796251	-0.243364	-2.319785	-2.212452	1.472618	2.449210	-0.757301	0.422424	0.356945	4.463222	0.004084	-0.898823	2.885873	-3.689560	-1.362490	1.314145	0.064883	-4.246642	0.412848	-1.643373	0.005633	-2.169050	-1.986505	0.079871	-2.973968	1.255563	0.137953	1.665960	0.346992	1.006336	-1.578807	0.193061	-1.307307	-0.131371	-0.874530	1.484090	0.484018	1.205896	2.131502	-0.170455	1.211173	2.554093	1.569292	1.951678	-0.097912
0.113464	1.400406	0.603800	0.988390	0.049850	0.540752	-0.143664	1.958220	0.663444	-0.723355	1.128182	-0.107646	-0.648550	3.569050	0.541174	1.112006	0.834452	0.626145	-0.279985	-0.635076	0.534051	-2.025746	0.574150	-1.992252	-0.893066	0.449963	0.974714	-0.689297	1.917836	-1.297208	-0.762162	-1.942821	-0.544748	1.682046	0.628750	-0.569824	-0.875291	-1.739268	0.557715	-1.747424	-2.311301	0.318619	0.250576	-1.573335	-1.246342	1.834764	1.075505	-0.429990	1.678743	-0.667596
-0.575823	-0.121151	3.666794	-0.413028	0.375142	0.209686	-1.279502	-2.118492	0.357021	0.242560	2.437922	-0.084619	-0.191051	-0.650400	-0.960270	1.841069	1.644706	-1.562140	0.227780	-1.665201	-0.833103	-0.842086	1.258479	-0.157976	-1.284471	2.435683	0.638664	-0.384520	3.072506	-2.717483	0.195874	2.117948	0.710175	-0.763015	-3.827366	1.700429	-2.219994	0.112032	-0.188210	-1.073187	2.371276	0.582016	0.638759	3.572653	0.227663	-1.661850	0.658257	-0.426885	-0.742699	-0.476429
-0.737131	-1.236403	0.244367	-0.334764	-0.159861	0.052686	0.468249	-0.923050	0.003374	3.054786	1.294592	1.750770	-0.589914	-3.002762	-1.258319	-1.314823	0.556184	-0.845560	0.654175	-0.968023	-0.903293	0.506994	-0.997327	-2.907957	-1.182462	1.630284	-1.586784	0.295250	1.680708	1.155014	-0.105149	-0.957876	0.574157	-1.534041	2.478865	0.241787	-1.222288	-0.389846	-0.301864	0.766867	0.589214	-1.170821	2.524464	2.379802	-3.834973	-0.140383	0.631030	0.713156	1.025134	2.194011
1.031684	-1.083682	0.486738	-0.376633	-0.696871	1.638387	-0.375160	1.601300	-1.009627	2.258928	0.203319	-0.439746	1.596984	-2.471143	4.114792	-0.462109	-0.024182	1.753190	3.204566	0.934020	0.678428	1.824626	0.230970	-0.924088	0.023296	-8.082652	1.596221	0.489358	2.159396	1.359502	-2.807610	3.401720	0.544488	0.770796	-1.829895	-0.133785	0.178338	4.091732	1.691757	2.509244	-0.659491	-1.772391	2.322307	0.182778	-2.334442	1.410608	-1.736986	2.241638	-1.809153	1.856424
0.132401	-0.034934	-1.100878	0.989159	-0.647389	-2.089697	0.133597	-0.127348	-0.308914	0.059246	1.932356	2.525883	-0.483867	-0.413916	-0.760839	-0.080799	-1.059682	-2.564130	-1.234401	1.385448	2.241543	-1.939599	-0.610520	-0.420427	0.609969	2.658208	0.273602	1.119879	2.408205	-1.688309	1.707365	1.095571	-0.118661	2.022006	0.923526	3.552630	-4.008708	0.303000	0.241820	-1.404281	0.825200	-1.111455	0.885293	1.013064	1.604438	-1.146469	-1.799010	-1.886195	1.103329	1.562026
-1.822707	1.333146	-1.386369	-0.083688	-0.069811	-1.667490	-0.312055	-0.303983	2.463736	2.340754	1.242811	-0.335750	-0.479927	2.281034	-0.391067	-0.521733	1.235944	-0.946915	-0.206369	-0.194944	1.878159	-1.837528	-0.542701	-0.818083	-1.471640	-0.267705	0.186674	1.560720	0.409413	-0.426099	2.332983	0.913084	2.171161	-0.986512	-0.882576	0.664019	2.691987	2.404573	-1.224324	2.373310	-1.445053	1.935086	2.966777	0.495463	-0.809120	1.984056	0.817937	1.409751	2.619150	-1.670813
0.175238	-0.034462	0.309495	-0.777947	0.297174	-1.118260	0.279185	-0.373398	-1.907887	1.492808	0.653123	-1.403638	-0.205316	2.266214	2.467273	0.835263	-0.153334	0.235349	0.802062	-0.074414	0.243996	-0.144309	1.067964	-0.562904	-0.718599	-0.864643	-2.939612	-0.831269	1.664714	1.205029	2.355013	-2.658988	-2.431851	1.381533	-2.065050	-1.512926	-0.734710	4.009522	0.135181	2.799800	-1.157358	-0.214966	-0.919215	0.017620	-0.975212	0.158579	1.530039	0.201464	0.768904	-0.874178
-0.677941	-1.043051	-2.923233	-1.228072	0.282609	-0.541486	0.839261	-2.846279	0.396789	-1.857158	1.109477	1.183402	0.592888	-4.277871	3.450266	0.906527	0.410362	0.438668	0.102820	0.227466	0.583967	0.156067	1.305681	-1.130018	0.223581	-1.970240	0.874487	0.081672	-0.819099	0.562015	0.693494	-2.018712	0.556834	-2.273265	1.193599	-3.469809	3.994470	0.790134	1.207504	-0.192008	-1.688669	0.914405	0.257785	-0.850632	-2.584062	-1.211723	0.456157	1.906892	-2.696510	2.848656
0.386602	-0.020450	0.363688	0.665856	-1.330329	0.161585	0.343056	0.650014	-0.405262	-1.235655	0.644900	-2.446861	-0.117500	-2.968173	2.080157	1.392690	-0.932525	-0.936188	-0.076863	0.050663	-0.161013	0.943414	-0.157603	-3.081626	0.060667	-1.398102	1.047302	0.842106	4.637191	-1.056133	1.029411	1.651348	-0.318174	1.430065	1.054712	1.749739	-3.829628	2.092239	-1.008053	1.457774	-1.892621	1.773565	-0.025661	1.286578	-2.073027	-0.919105	0.238325	-1.457266	-1.137322	2.191999
-1.370659	0.822914	-1.922424	0.426683	-1.263318	0.267492	-1.209053	-2.044274	1.017168	-1.054980	-0.196321	-0.646776	-0.966090	-1.214549	0.651842	0.597611	0.553655	-1.645354	1.152957	-0.619420	-3.529141	0.906478	-0.463680	2.524353	1.097230	-1.564507	-1.212169	-1.960295	-2.855805	-1.138533	-2.158068	3.754372	-0.090947	-2.401172	-0.588040	3.163880	-2.470103	3.092666	-3.556596	1.216262	0.253070	2.210985	2.030307	-3.380724	1.470071	3.886140	0.209845	1.581862	4.008668	1.543011
-0.024943	-1.353976	1.906659	1.055353	0.923593	0.412543	0.289957	-2.577521	-1.826267	1.005333	0.225112	2.874653	0.157816	2.322805	-1.871418	-1.050692	1.332165	-3.416278	-3.420180	1.294810	-0.771396	3.285859	0.640465	-2.931168	0.594924	-1.593244	1.525936	1.443399	1.562237	-2.263451	-0.195472	-1.502644	0.447130	-1.577661	-0.548808	3.328590	0.917062	1.792952	-2.040144	0.261529	1.341209	-1.855947	0.088077	0.361654	-0.236016	1.230446	-1.152861	1.076918	0.867286	-2.631964
-0.593122	-0.282872	1.861893	0.735310	2.763712	0.158249	0.799821	-1.457623	-1.698692	-0.703655	-2.251377	0.471409	-0.749668	-0.943536	-0.439315	-0.133323	0.787616	0.000119	0.701679	0.888128	-0.591674	3.041061	3.296514	-1.825229	0.076275	0.844853	2.375290	-0.032118	3.172371	2.109836	2.928519	-1.955918	0.559896	-1.454000	-0.474893	-5.582924	3.266341	-0.079751	-0.260765	0.083136	-2.123429	-1.559105	-0.028424	0.900416	0.465357	0.401840	0.734479	-1.471195	-0.293942	-0.103882
-0.516442	-0.364411	2.640857	2.054959	-1.097677	-0.943821	1.181526	-0.237210	3.068784	0.706949	0.191052	-0.227781	1.090790	0.662037	-0.536020	-2.614870	-0.224584	0.222504	-0.836968	-0.688061	0.505124	1.423756	0.134787	3.602457	-1.315263	-2.119455	-1.791442	0.724663	-6.902883	0.756593	-1.952882	-0.284655	0.258793	-0.168735	-0.979843	-0.375190	-0.272871	-5.159136	-0.492660	-1.768095	1.344227	1.653569	2.281925	-5.983634	2.624481	-2.261498	0.953769	-0.875271	0.726240	1.683279
-1.525189	-1.014902	-0.457587	1.280694	1.319984	-0.960534	1.108499	-3.837022	-0.709843	0.497278	-2.528832	0.575080	0.215198	0.424091	3.473391	-1.893057	-1.334490	0.379986	-0.821474	-2.517244	0.231525	1.404878	-1.295829	3.273096	1.572961	-4.352709	-2.905281	-1.437449	-5.316642	-1.584765	0.347193	2.772064	-0.741435	-0.702036	-0.660012	-0.937550	2.233897	1.350045	-0.911746	1.732062	0.061615	1.634711	-0.362084	-2.461794	-0.523587	0.425080	3.679481	1.529283	3.440883	0.495616
-2.716356	-0.128903	1.897929	-1.432703	0.779038	-0.772380	-0.185952	-1.054983	-1.020649	-1.840699	2.611779	-1.624630	-1.010797	-1.283350	-0.406574	1.270311	1.494405	-0.329814	0.466398	-1.279154	-2.127728	-0.631617	-1.153916	0.938259	-0.543650	-0.507054	-0.438557	-1.025325	0.751341	2.701110	4.362277	-1.282308	0.304792	-1.287726	-1.062388	-3.833786	-0.329854	-2.081006	-0.898573	-0.217242	1.533863	-0.395295	1.788048	0.368411	-0.824209	-1.573987	1.711903	-2.211891	-1.294623	0.866247
-1.765010	0.179773	2.503388	-0.476416	0.140855	0.576884	0.063618	1.147408	-0.269616	-2.808453	0.103094	1.193583	0.454791	2.239633	0.156695	-0.330646	-0.133170	0.529116	1.983053	-0.541220	-0.595824	0.086351	-0.381667	0.748559	0.052665	-0.727694	2.800408	-1.900477	1.536838	3.092857	-3.250895	-0.283937	0.412527	-0.993473	-1.078259	-1.802196	2.570486	-0.695534	-0.152655	0.259127	0.658758	-0.694481	-1.632381	2.134070	0.390968	0.930216	1.392040	-2.526554	-0.074379	-0.659743
0.058846	0.318411	2.885428	-0.400779	0.614907	0.054258	0.103639	1.375544	1.370848	0.923795	-0.573318	0.217653	-1.560321	0.881673	-2.168944	1.890254	-0.624251	-1.878038	-0.212433	0.478742	0.208188	-0.118619	3.216788	-0.782424	-0.018232	3.522697	-1.612479	1.290110	2.054551	-2.287416	-0.255111	0.677158	1.779082	0.710686	-3.103056	0.642719	1.689859	1.174927	-0.044531	2.680733	1.886894	1.343609	-0.743595	-2.316622	1.293554	3.134439	-0.121332	-0.352147	3.920286	1.293770
-0.272160	-0.116676	1.146587	-1.142924	1.513656	0.890080	2.718314	-3.142295	-0.202998	0.055116	1.206895	-2.436729	0.291887	-0.005243	-3.381305	-0.687098	0.311649	-1.269830	-1.598323	-0.458014	-1.784053	5.141447	1.667046	0.863654	-0.238491	-0.278771	1.692666	-0.020494	-0.805447	1.250923	3.165979	-1.265479	-2.207934	-5.186967	0.137416	-1.535438	2.924570	3.046814	-1.414499	0.428950	-1.197829	-0.624627	-0.475838	1.471035	0.085954	2.696900	1.598176	0.176904	0.089497	-0.454049
0.019836	0.933261	0.966512	1.256802	0.891085	-0.608631	0.139130	1.269494	0.855121	-0.076124	-0.847486	-1.578514	-2.206752	-0.208672	-0.960982	1.976093	0.166929	1.781700	-0.428509	-1.285099	1.257224	-0.406102	-0.263246	0.533508	-0.374717	-2.505538	-1.500446	0.798159	0.406771	3.590083	-3.514644	-3.367299	-1.701575	3.752874	-1.664032	-2.191153	-0.171609	-3.727798	-0.010153	-2.660258	2.320085	0.731391	2.224767	-1.010896	0.007497	-1.451533	1.067967	-3.193317	-3.471928	1.147718
-0.457013	-1.275999	-2.240073	-0.826519	-0.258811	-1.141932	0.057575	6.570441	0.315583	-0.714877	-1.486155	1.704554	-0.722877	-3.016989	-1.150114	1.009054	1.193319	2.057272	2.494396	0.380129	3.660128	-4.628113	0.257146	4.156963	0.854208	2.927362	-0.153161	0.922700	-3.431788	1.477576	-3.359912	-1.737283	-0.445710	6.925976	4.120768	-3.019857	-1.948466	5.423544	2.415299	-0.045554	0.657028	0.665037	2.519203	-0.951094	-1.570134	-1.165976	-2.485971	-3.973200	-2.124060	2.641793
-0.607184	-0.141771	-1.146228	-0.346047	-0.238328	2.080598	-1.505677	2.063124	-0.529539	1.072616	1.479895	0.907252	1.611929	0.788445	-0.112237	-0.586350	-0.249157	-1.482353	1.036429	-0.684777	0.695064	2.254280	0.580944	-1.362233	-1.254946	2.867537	-1.537138	0.755579	-2.672411	0.010730	-1.468208	-0.294582	-0.423990	3.237540	0.572663	2.633389	0.777433	1.080161	0.087714	0.601292	0.967723	0.783653	-1.307307	-3.542440	0.190163	1.532308	0.754141	1.448145	2.330780	0.597026
1.954993	-0.634091	0.716686	-0.997811	-1.255857	-0.242473	-1.518885	-1.137692	-0.071951	0.273528	3.029332	0.074322	1.683919	2.739558	0.257015	-0.999998	-1.870460	0.542303	-0.227512	1.596116	-2.080736	1.302664	-0.298906	-0.646774	0.838293	-1.916510	1.666884	1.799611	0.580185	-8.753514	-1.299514	-0.635272	1.720452	-2.838836	-1.574879	3.889862	1.341406	-0.570660	1.500531	0.157832	0.385719	0.118236	-1.741037	1.925911	-3.410513	0.514293	-1.229675	1.144752	0.800361	-0.782058
-0.015523	2.787592	0.019861	-1.394772	-0.114096	-1.032088	1.002806	-0.843672	1.127533	-1.654441	-0.779278	-2.051924	-0.113971	1.620685	0.865664	1.466732	-0.706736	-2.363322	-1.066867	0.242316	-1.595920	0.308285	3.563563	0.542850	-1.292076	0.547128	-1.699267	-0.349067	1.124414	0.644116	3.237431	0.939461	-0.512849	-1.702535	-1.351771	2.769181	1.853527	-3.134913	1.363345	-1.979229	-0.829455	-0.541132	1.566635	1.642705	0.600890	0.507675	0.774883	-5.808725	-0.478841	1.034757
0.583917	1.813370	0.497161	0.958624	-1.216414	-0.869119	0.605955	1.718607	0.068666	-1.339948	0.821538	-1.636201	-0.270445	-2.696004	-1.431966	1.592444	1.466117	-1.397592	0.483826	1.810513	-1.313704	1.530220	1.142568	-0.297661	-0.472085	-0.308406	0.771191	-0.751241	1.737455	1.441666	0.809754	1.006731	-1.187523	0.928296	-1.145545	3.901782	1.848478	-2.562219	2.605257	-0.843683	0.665050	-0.233005	2.105626	-2.655224	0.809174	-2.135796	-1.077419	-0.422396	-3.498659	2.447888
0.499285	-1.267033	1.372469	0.762693	0.829845	-0.630512	1.013208	4.541186	0.203516	-2.049965	-1.054551	2.280712	-0.077121	-1.091128	2.561510	0.496459	0.747618	-3.114693	0.821812	0.215811	2.129489	2.650861	-2.021290	1.182753	-1.102903	-1.686773	-1.481517	-0.789808	0.270445	0.577394	-4.250684	1.108645	2.290008	4.976094	-1.618255	2.683751	1.180177	-0.656568	-1.704321	0.020998	1.688189	-1.119672	-2.370819	1.690108	0.027389	2.844440	0.919328	-0.009446	0.036960	0.256765
-0.053846	0.075886	-3.702195	0.660364	-0.073661	0.951737	0.209918	1.947098	-0.910155	-4.189081	-0.275909	2.898870	1.063084	-1.656196	1.441917	-2.068439	-1.969562	-2.300208	-1.834216	-1.120181	5.394586	5.687242	-1.773475	1.247263	0.405265	-3.615627	0.938467	-2.109331	-2.435607	-0.438381	-2.224759	-0.932496	-0.694178	5.999326	2.413858	0.946414	-1.349198	-0.503956	-0.461530	2.485288	-1.081788	2.791534	1.423530	-1.765233	-2.441224	-0.568826	3.289109	-7.869591	-0.262766	-0.563177
0.438088	1.791277	-0.325945	-0.763585	0.415902	-0.736678	0.482653	2.566592	0.580941	0.562266	-1.446496	-0.867634	0.440045	-1.953097	1.052082	0.381552	-1.278226	-0.490018	-0.645309	0.308688	1.433754	-0.223134	1.019504	-1.341857	-1.884010	-2.600067	2.316634	0.838058	-1.602590	-0.861546	-3.012433	-0.441074	-0.490742	2.405603	1.222212	-0.374848	-3.339886	-0.272948	-1.144594	0.427674	1.215027	1.073769	0.616682	0.773482	-1.703635	0.875551	-0.375919	-2.676460	-0.757065	0.741043
-0.706719	0.319666	0.544886	0.560387	1.464875	-0.807411	-2.337706	-2.001832	0.350757	-1.395266	-0.177120	0.490017	-2.499562	-0.273073	-0.103132	-2.051392	-0.487082	2.522221	-3.224979	0.018509	-4.296088	-3.661236	-0.469937	-0.241091	-0.209398	1.148070	-3.047990	0.150576	-4.267121	0.141049	-0.692388	-0.148453	-0.009302	-4.346741	0.118178	-3.320704	0.049951	-3.791225	4.622156	-1.048452	0.448164	-1.989001	1.701360	-0.133277	1.593661	0.121926	-1.202057	-0.700755	-0.897942	-0.652789
2.233279	1.724539	5.410988	0.532037	-0.056199	-0.644190	1.578522	3.467859	-0.583137	-2.111319	1.161236	-0.888500	0.197349	5.585988	0.284169	-0.895188	-1.321353	0.454334	-1.302008	1.572752	-0.669089	0.403093	1.403963	-3.108313	0.677965	-0.466565	-0.647400	-0.741621	-0.134629	-1.593686	-2.138136	1.616789	-2.003929	2.489748	-1.324043	0.969228	-0.649107	0.113684	0.046973	1.732864	0.863827	0.230603	-0.070869	-0.685819	0.048387	0.105585	-0.735791	0.145796	0.307969	-0.154125
-1.148030	0.216498	2.222667	1.159376	-1.580536	-0.343253	1.619538	0.909013	-0.205810	-1.298705	-0.985967	-2.978483	0.527994	1.114528	0.951669	0.158063	0.721823	-4.075139	0.687621	0.762816	-1.020684	2.620766	0.134189	-0.412202	0.087949	-1.002858	3.106906	0.734925	-1.109638	-4.181483	-4.651236	-1.592998	2.534421	-2.486030	-1.119257	6.638009	1.666183	-1.707678	0.356090	-1.097793	0.174519	0.825383	-0.580829	-1.652624	-1.005733	2.425149	-0.504855	-1.944910	-1.443155	-1.061581
-1.744899	-0.143878	-2.488034	-0.672457	-1.871522	-0.481021	-0.025977	-2.152047	0.550613	-1.538134	0.783094	0.961774	0.792765	-0.904838	0.315915	2.064616	1.137083	-1.953023	1.148923	0.046661	1.952163	2.964597	1.380841	2.415148	1.355432	-0.901143	-0.098367	-0.695416	-0.537426	2.324407	2.951557	2.944570	-2.214102	-0.530178	0.351177	-0.412350	0.121917	1.976146	0.621634	0.284546	0.046486	-4.984870	-1.061836	0.105640	-2.573440	-3.697345	-0.380745	-2.398237	-1.741305	0.616535
-0.531783	1.065897	0.655449	-1.380626	2.035685	1.120358	1.500404	-0.518135	0.006545	1.163751	-2.626188	-1.960228	1.319008	-0.195908	-0.989162	-0.793339	-0.824709	-0.455229	0.779968	0.049605	-2.524263	-0.248317	-1.153304	-0.944455	-1.342991	0.247017	-0.117131	1.872941	0.097659	-0.334618	2.163375	-1.097565	0.158256	-3.386217	1.900583	-1.981091	-0.714275	3.407537	-0.816620	0.537903	0.158246	-1.473099	-0.186577	3.868790	0.413168	1.922328	0.083788	3.379408	-0.370678	-0.690162
2.966700	1.045402	-0.535883	-2.132414	-1.014243	0.018300	-1.197876	-1.370650	1.405478	-1.659075	1.290594	0.136421	-0.441457	5.182727	0.161320	1.284313	-0.405390	1.031783	-1.272539	-0.590422	-0.118174	-0.144761	-0.915949	1.650159	-0.223509	1.240618	-1.948372	0.627312	-0.457021	1.721843	-1.071791	-2.992032	1.872062	-1.962134	0.467691	-4.665650	0.599603	-1.579041	-1.460740	-0.617386	-0.120696	-3.079487	-0.963097	1.513201	0.380464	-0.334219	0.773424	-2.153400	-2.528953	-0.409769
-0.795456	0.389402	-0.587075	-1.846214	-0.755153	-2.094007	0.102878	1.981264	0.769726	0.763310	0.945346	-1.786476	-1.752060	2.160222	-1.026601	-0.037922	-1.864772	3.094672	-1.638889	-1.251390	1.505237	-6.128856	-1.015205	-1.928160	1.040104	-0.863128	-1.220770	2.304364	2.743889	-0.565307	-0.685467	0.153060	-0.250449	3.628561	-0.339151	-0.919219	-0.407461	-0.733890	2.059381	0.996196	-0.077316	-1.901136	-1.813856	3.127527	-0.620068	-2.056007	1.185454	2.175581	0.006014	-1.295150
0.876768	0.540174	0.690655	2.409871	0.435089	-0.381412	-0.020378	0.964237	0.117132	-0.214129	-1.299704	1.282576	1.436920	-0.280661	1.556658	-1.130764	-1.427956	-2.921783	1.380826	-0.954512	0.695544	3.278266	0.965725	-0.913721	1.255625	-3.002133	3.276946	1.139833	0.113117	-0.008089	0.107534	-1.651938	1.636314	1.540704	1.416879	2.942691	-1.759930	-0.241241	-2.291633	-2.107285	-0.233289	3.452612	-0.233244	-4.322407	0.026268	0.233516	0.438459	-2.159884	2.931448	0.655168
0.487682	0.531722	1.221629	-0.636892	0.498549	-1.158410	-1.376144	-1.113817	0.439515	0.699470	-0.224635	0.165010	-0.973067	-1.040609	-0.818096	-0.056445	-0.427463	3.422756	3.530020	-0.767350	0.710023	-3.733765	-1.664510	-1.223939	-1.473198	-0.091360	-1.944441	0.229009	1.716732	3.049873	2.725379	0.505618	-0.647288	-1.205030	-1.427838	-2.960652	1.825466	-1.936028	1.263341	0.090354	-0.351598	-1.714366	0.508265	3.926435	3.213343	-1.785326	1.375704	-0.672232	-3.933530	-0.247315
-0.774951	1.666242	0.725571	0.826054	-0.024199	1.273994	-0.469467	2.866030	-0.889411	-0.423514	0.940327	1.995357	0.942406	-1.689858	-0.196114	-0.530376	2.895381	-1.919143	1.018601	0.298050	1.950460	1.480909	0.799139	0.199670	1.935528	-2.177196	0.777767	0.572333	-1.042420	2.023943	0.483411	0.161719	1.304540	4.259200	-1.117044	-1.467300	-0.955539	-2.145788	-1.241446	-0.396332	0.667300	-0.446374	-2.188204	0.577355	-0.563894	0.705464	-0.736150	-1.230363	0.089817	0.379908
-2.058460	-0.242159	-0.899711	-0.297262	0.451025	-2.093783	-0.014843	2.155925	-1.499986	-1.574923	1.310225	3.511167	0.748863	-0.373295	-0.862538	0.580387	0.666540	0.403899	0.826170	-1.553519	0.600518	1.105037	0.772232	-0.206464	-0.680517	-0.836057	-0.462853	-0.234057	-1.322525	4.915778	-2.372602	1.444388	-1.080852	1.915616	0.094973	-4.415367	-0.072964	0.046702	0.199222	0.942769	1.029533	-0.197311	1.813676	-1.819589	-2.413394	-0.652601	2.424453	-3.114792	-1.353226	-1.855976
0.674093	0.574039	0.966248	1.378242	0.065201	0.802648	-0.069679	1.354314	0.581788	2.908416	0.251406	1.470860	0.017768	-3.133898	3.877418	1.933460	0.453538	-0.333371	0.997950	-0.169397	0.898977	2.630319	0.232672	0.453923	-0.056648	-0.899239	-0.359919	0.519956	2.204027	2.347746	-0.219195	-1.271837	0.353514	1.053559	0.692673	-0.850720	-2.050217	2.392062	-0.460850	1.631686	0.092358	2.139575	-0.974273	0.318499	1.112033	-1.260977	1.576035	1.137806	-1.436476	2.721516
1.670089	-1.271211	-3.003891	0.887876	0.636288	0.427810	0.099666	1.222661	0.145492	1.056661	0.647845	0.449198	1.730558	0.761926	-0.456579	-0.828387	1.061645	0.109052	0.307749	1.397985	-0.472739	2.193381	1.033509	-1.032877	0.641236	-1.261856	0.822339	-0.153841	-0.942885	1.983156	-1.473675	-1.013798	-1.926203	-2.042192	2.644240	-0.055604	-0.771619	3.202174	-2.880922	-2.027800	-1.809658	0.573811	-1.746751	-3.148034	-2.459074	-0.750785	-2.035490	0.875933	-0.734237	-1.770154
0.167139	0.216436	-1.399787	-1.096408	-0.007948	0.690818	-1.714384	-2.093194	-2.152484	-0.181254	-0.862112	-1.825022	-0.577758	0.050004	-1.054372	-0.826341	-1.950254	-2.114421	-1.485816	-0.271112	-2.177028	1.177577	1.337428	-2.692045	-1.917301	0.790699	0.012160	-0.525655	0.094290	-1.593538	0.521324	-2.029592	0.049961	-0.402365	-1.127685	0.897201	-0.751739	1.194958	-1.736789	-0.595678	-1.920068	-0.397345	-0.904103	1.657519	1.717114	1.888769	1.412873	1.722850	-0.385311	-1.104090
-0.871894	-1.656457	-1.471403	1.816524	-1.761027	-0.542573	0.706781	1.222767	2.711609	-0.244655	-0.342201	3.703420	-1.129195	-2.355494	-2.438860	-1.592661	-0.777854	2.544396	3.988805	0.680141	-0.251028	-5.653670	0.671163	5.170436	1.689091	-0.388101	-3.191441	-1.239148	-6.253609	-1.233096	-1.434435	0.782325	0.673156	-0.687580	0.962143	0.347234	-0.547210	1.678071	0.681842	-0.264602	-0.157902	0.663456	-1.493074	-4.086575	-1.611945	0.165095	0.440642	-0.183183	-0.209565	1.778252
-1.361164	1.217697	-1.245679	-1.104328	1.803988	-0.096085	0.160699	3.086867	0.328521	1.175003	0.202498	-1.220320	0.019514	-4.146273	-1.191052	0.473059	0.771757	-1.452251	2.133322	0.768784	-0.739530	-0.299242	1.270378	1.156480	-1.279296	-0.911849	0.425855	0.373756	0.483470	-1.414040	-0.728647	1.311919	1.779988	0.203634	-0.110535	0.494826	-1.442993	0.776456	3.318168	0.265388	0.788354	-1.981008	-0.430793	0.036875	0.500100	1.163007	0.240227	2.426526	2.509604	1.534437
-1.344790	-0.027855	1.261158	0.729646	0.887373	0.335008	-0.870303	1.415142	1.510658	-0.588054	-2.305657	0.396789	1.630612	-0.305391	-1.061773	-0.681017	0.791276	-2.872109	2.897132	1.922508	0.011881	3.747832	1.103348	0.249821	-0.280074	-0.939853	1.594349	1.161207	0.282918	1.580655	-2.366285	2.789178	0.532555	-0.704937	0.213502	3.136398	0.773156	0.987061	-2.361921	-0.863894	-0.731765	1.630833	1.899541	-1.874875	-2.284245	1.007181	-3.024963	-3.300208	-0.660349	-0.749131
-0.712172	-1.242918	0.274362	-1.735109	-0.431635	-0.588629	1.291429	-0.776182	0.733879	0.171569	-0.343224	-0.365840	-2.043127	-1.861113	0.016532	0.257671	-1.228962	0.892754	-0.240538	0.006611	-0.135718	-3.949223	-0.493438	0.239438	-2.243488	-0.441018	0.714502	-0.845562	3.160152	-0.701408	0.490797	0.881114	0.434050	0.683996	-0.013459	-0.883024	-2.170474	-0.855398	0.218436	-1.193513	-0.404138	-1.798568	-1.629910	4.388512	-0.352048	-2.556220	-1.678547	0.695494	0.607431	0.737739
-0.647233	0.794032	-0.608981	-2.616911	-1.153335	0.279758	0.868797	-3.237959	0.217837	-0.306041	-1.130491	0.404514	0.722885	-1.560298	-0.460032	-2.000552	-0.048879	-3.955468	2.099625	-1.495472	-2.239732	-0.639326	-0.141115	0.072418	-1.521143	3.077449	-2.135477	-0.392644	-1.979789	-3.391525	-0.883406	0.721627	0.721849	-3.625555	0.648417	5.692694	1.400161	1.067931	-2.728648	0.980392	-0.178109	-1.921633	1.826815	-1.161198	0.112074	2.462742	1.845198	-0.839134	3.180139	2.103027
0.223929	-1.159696	-1.994862	-2.366235	-0.212202	-0.217854	-1.181833	-3.899919	0.664502	-2.765616	0.706040	1.699325	-0.902371	0.024495	-1.469943	-1.007857	0.151042	2.783285	0.064633	-0.103795	-3.249752	-3.323902	0.161047	0.446040	-0.526205	-0.643222	1.079395	0.345790	1.527153	-2.000177	5.044087	-0.205933	-1.347776	-5.426427	1.433741	1.232667	-0.258945	2.226735	1.634686	-0.475459	1.374193	-2.120669	-0.946171	3.606444	-1.670375	-0.502517	0.952603	0.549115	1.787223	1.015495
-1.032701	-0.433545	1.561484	-1.932154	1.024272	-0.807523	0.288109	-0.454928	-0.727166	-1.829198	-0.964072	-0.309203	1.521980	3.717292	0.809928	1.434340	1.897864	3.629119	-0.292437	-2.198427	1.502237	-2.883434	-0.882861	-1.256154	-2.038545	0.721403	-2.663013	0.696107	2.746781	0.199576	0.317368	1.896620	0.319768	1.200148	1.683419	-5.911157	0.788378	0.185342	0.733674	1.314147	-0.208661	-2.253419	1.893887	3.628184	1.267275	0.603450	-0.127029	-2.515707	-0.070306	-0.571355
0.451647	0.635928	2.283335	0.111542	-0.628328	-1.684157	-1.740438	1.337309	-0.221030	0.089358	1.683299	-0.696277	0.266298	2.248721	0.657313	-0.118443	-1.846780	-2.658155	0.326142	-0.089688	2.634964	3.235355	0.396535	0.386613	-1.322930	0.721210	-1.421827	0.660269	-2.909275	2.348349	-1.319307	-2.593750	-1.466878	4.062342	0.195577	1.570429	-0.218738	-0.236029	-2.661511	-1.195112	2.871254	-1.367592	-0.341882	-1.947652	-2.100553	-2.267474	-0.362934	-1.119738	-0.150275	0.277703
0.611450	-0.724695	-3.635127	0.010378	-0.161479	2.040486	0.995407	0.088288	1.084594	-2.134874	1.478600	0.468876	1.287580	0.722171	0.221439	-0.326779	0.247867	-0.128054	-2.534450	0.406286	-0.254700	0.595237	0.298707	-1.555652	0.851128	0.851021	0.635878	0.789456	-0.726500	-0.620207	0.508175	4.349163	1.099717	-0.863754	1.150351	-1.951120	1.590102	-0.697815	1.609257	-1.680481	1.857640	-2.536837	-1.933025	3.335219	-1.866123	3.167673	-0.111038	-1.428033	3.068367	-0.407701
0.593129	0.031713	2.061458	-0.611536	0.832658	1.225503	-1.218901	-2.334328	-3.684946	0.284509	0.308729	-0.343872	0.095310	-1.799507	1.002041	2.586417	0.049456	1.546418	-1.227536	-0.913874	-0.754637	-0.341224	0.170725	-2.905254	0.639753	0.268477	1.023671	1.105491	4.379077	0.974242	2.678891	-3.455526	0.801954	-1.586580	-0.831560	-1.496444	-0.399606	2.704958	0.331465	0.919363	-0.189319	-1.146606	-2.363805	3.590200	1.314211	3.614945	0.432116	1.303128	0.643792	-0.361955
-1.102224	-0.570146	-0.847402	3.599560	0.532058	0.173058	0.169871	1.370269	-0.656438	0.611871	-2.482492	0.033159	-0.375360	0.385423	-3.411941	-1.106311	0.873747	0.099813	-1.728366	-0.393574	0.474899	-3.122930	1.335560	-1.025501	3.604256	4.605356	-0.419507	-1.286673	2.453224	-1.470477	-2.661057	1.357143	0.438123	-0.163357	-0.127698	0.120843	1.357271	1.165285	-0.544422	-0.492021	-0.633143	-0.391889	0.947835	-2.839868	2.572029	1.649872	1.965085	-2.622579	2.562961	0.826529
-1.323047	0.103992	1.465721	-1.402747	-0.243360	-1.006980	-0.266024	0.279766	0.017796	1.930716	-0.068619	1.209712	-2.525662	-2.200658	-2.861698	-0.458168	0.805196	3.703328	1.061035	0.776120	0.998637	-6.065439	-1.725463	0.749400	-2.148113	0.633992	3.462077	-0.215489	0.847146	-3.788162	1.075442	1.482499	2.168347	-0.000307	0.266942	-2.831199	2.143562	1.031692	2.842726	0.081854	-0.892164	-0.918779	-1.340508	0.581274	2.192535	1.295617	0.340705	1.174062	0.440025	2.674436
1.683178	0.702462	0.698481	-0.276483	-2.174909	-1.605228	-0.030498	1.543119	-3.157054	0.216254	1.136491	-1.984573	-0.871619	0.319020	1.848866	-2.695298	-0.340895	0.312615	-0.630802	0.254987	1.832059	-1.018752	1.710807	-3.221198	0.502943	0.117691	-0.851941	-0.804790	-0.595420	-1.745482	-5.047561	-1.368389	-0.030243	0.238981	0.244033	2.912617	1.720139	-0.670055	-1.542749	-0.307420	-2.009360	-1.670790	-3.649522	-3.102091	-2.797538	0.505652	-1.329562	-1.410258	1.256615	1.728124
0.815461	1.401792	-2.992174	-1.626174	-1.031762	-0.112218	-0.293618	-0.132636	-0.599382	-1.325989	-0.988161	-0.705034	1.681799	5.395500	3.226693	0.842639	0.034210	-1.266411	-0.416347	1.987582	-2.167035	4.491731	-1.167905	2.379060	-1.681228	-2.723326	3.028514	-1.294104	-1.001389	3.011729	2.203614	3.081968	1.894938	-2.232057	3.150146	2.541444	-0.394476	1.541377	0.959468	-2.036900	1.800892	-0.611779	-0.767800	1.802395	-0.977729	-1.361019	1.071671	0.561284	-1.299388	-0.598782
0.055861	1.149501	-1.591594	-0.246290	-0.254246	0.849271	-0.457254	2.963654	1.654479	0.634821	-1.094584	-0.401017	0.343956	0.573971	-1.915638	-1.038427	2.482452	-1.157862	-1.105497	2.867367	1.654138	-0.218480	0.042192	-2.264959	-1.843798	3.907962	1.317062	1.199391	0.532295	-3.437724	-2.962334	0.677012	1.706143	2.181790	-0.276994	0.342788	-1.965158	3.784549	1.882021	0.734997	-0.025415	0.858247	1.737166	-0.678490	0.819094	1.915858	-4.837452	0.053618	-0.119069	-0.552229
-0.532884	2.194575	2.690483	-1.247441	0.216059	0.087651	0.019893	-2.938864	-1.814198	-0.488664	-0.811015	-0.235251	-0.035348	0.290230	-0.769920	2.269536	-0.585872	3.731552	2.209609	0.880678	-2.605110	-3.338113	0.796136	-2.145865	1.526296	2.388365	-0.193637	1.299460	4.477518	3.664619	3.085588	0.161654	-0.017941	-5.078432	-1.184879	-5.886867	2.232907	-0.009336	3.778222	2.404093	0.528815	-2.175426	-0.323489	1.321058	-1.126390	0.749746	-2.408677	0.337467	-3.352437	-2.267812
0.258238	1.485295	-1.143362	0.114194	0.215158	1.250434	0.587967	1.168674	0.546776	0.079252	-1.310622	-2.374702	0.939045	0.461446	0.755826	-1.579596	-0.066259	1.574736	0.466472	-0.954899	1.346878	-3.920593	0.605471	0.033144	0.369704	-0.164197	-0.309975	-0.330228	-0.489202	-2.000925	-3.946623	-3.334249	0.725265	4.120914	-0.720267	1.285207	-1.706707	-5.082389	-1.168257	-3.133443	2.516936	-1.662318	-1.999633	-0.735037	2.513395	-1.874240	1.403190	0.821150	-0.668958	-2.040694
0.376016	-1.805913	0.078798	-1.071201	-2.468955	1.496226	0.557714	2.576193	-0.365920	-0.949404	-2.645756	1.512614	0.272957	0.828044	1.810350	-0.381990	1.671215	-2.827101	3.916801	2.071620	0.148789	3.753064	-0.903818	-1.687429	-2.428628	-1.041444	2.320074	1.427434	0.984931	-0.064619	-1.632864	2.480755	0.292641	1.743498	0.055126	3.049353	-0.974061	2.534823	-2.961786	-1.110267	1.950242	0.423690	3.002880	0.527663	-0.419911	0.006888	-2.763142	-0.947055	-1.293374	-2.602468
-0.528726	0.108852	-2.796857	1.626401	1.845164	-1.102346	-0.733231	1.151022	-1.033750	-1.152252	-2.624313	1.498779	1.715286	1.090800	-0.299420	-2.152398	-2.029867	0.750001	0.839636	-0.488346	-0.019266	2.189726	-0.791164	-0.563920	-0.194425	-1.491067	-2.323024	1.076265	0.899311	-1.903029	-2.093476	4.067352	2.130998	1.188150	1.180247	1.434427	-0.064195	0.199482	0.215474	-0.148999	-0.992780	2.402815	0.562040	-2.379604	-1.815641	3.430547	1.934042	-0.207515	3.668795	1.504875
0.325170	-0.132310	1.285091	-1.181907	-1.594697	-1.043358	-0.584103	1.224324	0.572672	-0.518776	0.070193	-2.016666	-2.540793	5.409907	-2.108804	3.081643	0.096455	2.167966	1.499735	-0.331998	-0.761611	-3.535856	4.392810	-0.930198	-0.797210	1.760995	-0.113454	0.672350	1.596203	-0.477171	3.282000	-0.677818	0.896695	-0.453848	-0.359321	0.892033	1.552193	-2.532593	1.100325	0.468328	0.489124	-1.680785	-0.142003	-2.052700	1.963290	-0.803048	-1.179434	-3.939354	-0.387614	-2.858134
0.196053	1.541800	1.597824	0.933465	-1.279373	-0.779061	-0.860995	-0.267660	-0.904670	-3.151358	0.584978	-1.597254	2.127276	4.323704	-0.482687	0.678854	0.889475	-2.559614	2.667175	0.258669	-1.981219	1.136697	-1.299027	0.511647	-0.234574	1.586924	-0.821763	-0.626340	-0.915643	2.985642	1.648641	0.518871	-2.410426	0.541731	0.850168	3.548642	-3.407297	0.243708	-1.024728	-1.068927	-0.669079	-0.608888	-2.155440	-0.844348	-2.797719	-3.899192	-0.046183	0.094168	-5.018661	-3.765233
1.763386	0.602486	0.609793	0.481402	-2.109414	-1.446074	-0.806269	1.229377	-1.231413	-1.583402	0.485700	-0.518350	-2.986571	4.634212	1.805790	0.975617	-1.647567	3.977136	1.383483	-0.176598	0.683456	-5.995796	1.501163	-4.099017	0.099511	1.144262	-1.836296	0.690099	5.231650	-3.288301	-0.924461	0.557911	0.046644	0.540524	-0.846002	-1.920722	2.153312	-2.570650	0.338679	-1.083352	-0.123204	0.411585	-0.715698	0.128096	-1.162482	2.751824	-1.573565	0.523430	4.128927	-1.619158
-0.814795	1.163325	2.952036	0.982206	0.895892	-0.119212	1.196489	0.507924	0.830635	1.758833	-2.638369	-2.175753	0.189430	-0.770929	-0.623229	-0.549496	0.482932	-3.855329	-2.956131	1.533101	1.067838	2.585582	-0.442217	0.189887	2.452346	1.795075	0.052006	-0.110043	1.782524	-0.816651	1.050064	-0.423829	-0.188893	-0.809877	-2.083531	5.170075	1.004914	-0.729071	-0.954831	-0.175932	-3.213342	0.966219	-0.497914	1.386934	-2.189664	2.190765	-2.083091	-0.945602	0.359576	0.464981
0.154564	1.172078	0.431290	-2.286884	-0.842175	-0.618185	-1.462127	-1.655959	-0.329679	-0.090115	0.363500	-3.363035	-0.662194	2.244176	-0.485060	-1.574462	-0.340966	0.606927	-0.546364	-0.089798	1.414236	-4.669372	-0.632634	0.772916	0.041070	-0.500284	-0.922846	-1.350567	-2.320243	-3.286355	-2.408542	2.023328	0.904147	-0.687703	-1.217052	2.781363	2.315632	-2.412318	0.971033	-0.405750	-2.667322	-2.382407	1.188463	2.037187	0.624312	1.891240	-0.109010	-2.069736	2.650284	-1.343587
0.827414	-0.456868	-0.001997	0.219160	1.629798	-1.791645	-0.542655	3.441803	0.882166	-0.472833	2.405898	-0.749609	-1.311710	1.488602	-1.830027	1.094575	-1.415831	-2.561814	0.315734	1.576021	0.355362	0.275846	-1.248135	3.062620	1.077614	2.306904	0.804681	-0.071521	-3.280414	-1.969260	-3.074467	1.297851	0.375585	1.920524	1.144840	3.625302	0.237270	1.388949	-2.226198	0.201237	-0.909744	0.396282	0.818730	-1.963222	0.856362	2.291980	-2.502903	-0.123524	2.818211	-1.628825
