X33	X32	X7	X25	X38	X37	X19	X43	X24	X4	X11	X13	X46	X20	X39	X36	X1	X45	X17	X27	X34	X8	X44	X40	X23	X28	X22	X31	X18	X6	X26	X21	X50	X42	X49	X14	X48	X3	X47	X9	X10	X35	X15	X41	X30	X2	X5	X16	X12	X29
0.096487	-0.673800	-1.766532	-1.792435	-0.604601	-2.644207	2.545846	-0.291891	1.963246	-2.649929	-2.882029	-1.272786	-1.277074	0.764906	1.209015	-4.525739	-0.109934	-0.357894	2.087467	-0.368305	-3.854053	3.044896	1.214993	1.003649	-0.559748	-1.574074	-0.278952	-1.652133	-3.114919	-1.308453	-0.158983	0.807756	3.040783	-0.483369	0.579827	-0.508937	-0.553474	0.236390	-0.099530	1.438109	0.474418	-1.518810	2.957651	0.081275	0.597913	-2.818733	-0.411256	-0.003354	-1.368000	-0.159726
-0.704211	-2.164071	0.697222	-0.636549	1.545936	-1.758092	0.183875	-0.383000	-1.009701	3.038614	0.168999	1.294959	-0.635976	-2.195632	-1.541614	0.418239	-0.884961	-0.791361	-0.310650	0.383136	1.168360	-0.415804	1.852563	-0.691047	0.980509	-1.289422	1.595776	-0.308104	0.845270	0.069482	-2.052523	0.908011	-0.788473	0.298477	2.508485	1.878990	-0.406457	-2.049511	-1.351411	-1.126862	1.028156	-0.461907	-1.588571	0.992697	-0.410644	-0.192486	3.039994	0.116372	0.480728	1.258155
-0.296922	0.728866	0.400296	-2.936878	-2.232940	0.725500	0.501995	1.624775	0.915989	-0.620624	1.649790	-0.422360	-0.721006	-1.423925	-3.275439	-1.900438	-0.949361	0.986715	0.458596	2.763556	-0.070679	1.948462	-0.994360	-2.337741	2.808626	-2.433782	1.148671	0.583255	0.795290	1.220850	-2.904836	3.591353	2.401475	0.602756	2.103562	-2.157939	-1.959365	-1.178533	1.690294	1.218262	0.427316	2.423341	0.592929	0.760226	-0.795116	0.221521	1.728918	1.829884	-1.045739	-0.229853
2.215690	-2.491358	-0.592756	0.079679	-2.817124	1.038740	1.026548	0.784739	-1.440111	-2.317307	-0.199302	-2.781722	3.407025	1.136286	-0.831982	-0.289182	1.584501	0.414972	-0.806978	8.122771	-0.111777	0.686438	-3.448396	4.132804	-1.562327	-0.305634	1.404526	0.809724	0.420801	-0.159058	-5.429175	0.460688	-3.378052	0.205233	-2.150830	-1.000776	-0.481216	0.837420	-2.943783	0.154374	3.429423	-1.816975	-2.721070	-1.378804	-1.315253	-1.187761	-1.141415	-0.088173	-4.793015	-0.454523
2.414714	3.589483	0.975097	0.510821	4.684282	-0.428455	-1.739507	2.306920	-0.813760	-0.683282	0.833523	-0.572149	-2.560223	3.070311	1.295708	-2.258828	-0.119486	1.504812	3.994940	1.247468	1.120678	-0.648737	-1.890275	-0.294910	-0.792042	-0.540630	-0.434537	2.154440	0.236550	-0.637451	-0.302279	0.763912	0.369537	0.980840	-3.114417	1.246314	-0.976496	-0.229241	2.054194	1.985630	0.376756	-1.043382	1.503364	-0.811681	1.133420	2.763799	-2.321653	-1.302523	-1.102735	2.369454
-3.093329	-1.293168	1.558707	-0.818049	-3.765632	0.142168	0.261537	-1.961582	-2.663389	1.078141	-0.263769	1.285178	-2.407040	-0.294905	-0.745761	-0.086076	2.121111	-0.795919	2.983959	-0.293852	-2.249714	1.854826	1.793824	0.111774	-0.690615	2.434272	4.356416	1.242834	1.272279	-1.689116	-2.266501	0.636099	0.196694	1.583769	-0.607981	1.667437	-0.757411	1.335516	-0.907830	-0.277397	-1.327664	-0.768120	-1.481549	-0.682528	1.959625	-1.209081	0.432423	-3.225434	-1.267840	-1.861678
1.353159	0.075902	1.577318	0.474601	-1.826739	0.808258	-0.775739	0.810923	-0.943046	0.095177	-0.513684	-0.349727	-0.067552	1.440372	2.080787	-3.386662	2.551850	-3.311634	-0.749832	-1.388351	-0.058316	-1.425795	5.301157	0.181291	0.363288	0.774725	1.618061	-0.774158	-4.587603	0.266704	-1.595463	-0.869111	2.693741	-0.479801	1.456380	3.690942	1.053759	0.826402	1.262797	-3.047119	-0.697365	-0.186795	-0.086887	-1.632009	-0.222966	-1.483069	1.183524	0.971356	0.373560	-0.992270
2.457718	2.830423	-0.677556	-1.845613	-0.417385	1.075137	1.048551	1.593002	-0.682710	-0.373116	0.987438	0.539883	-2.028096	0.513886	-3.617057	-2.931455	1.236005	1.340617	0.326261	-0.208421	-2.516438	-0.385665	-3.987296	0.445554	1.827483	-0.677424	-0.839527	0.268940	1.547769	-0.872538	2.588954	0.849062	-1.539515	-1.014824	0.406277	-1.753847	-0.039477	1.884368	-3.047636	0.239466	-1.770815	-0.736891	1.243377	-0.076115	0.761233	0.590497	1.363001	-0.452804	-0.906287	-0.714784
1.304720	0.283301	-2.441210	-0.044749	0.631973	1.481993	0.317921	-1.565904	-0.511281	1.746417	3.173824	1.276173	-0.742528	-0.025826	-0.456996	0.819660	0.464009	0.537741	-1.578185	-0.040096	3.360560	0.370976	-2.436473	-0.289193	-0.220677	0.146295	-0.002927	3.990905	0.420330	-0.045503	-0.249949	-1.545354	-1.133048	1.998201	-4.158517	1.026768	2.054260	0.871317	1.707841	-0.412414	0.223052	0.235956	0.147090	-4.229127	0.049546	1.677094	-2.306986	0.826384	1.003855	1.188927
-1.487031	3.028528	-0.153316	2.035954	-0.103138	0.693673	3.077428	-0.213928	0.755600	-0.916562	-1.045900	1.371427	-1.342854	3.210873	-0.627190	5.644121	1.369182	0.410645	0.117775	2.658136	-1.439182	-0.277873	1.105490	-0.350017	0.364091	1.128500	-4.485871	-0.806832	-1.441567	-0.079634	-2.085891	0.246819	1.443321	0.771448	0.494091	0.869336	0.334527	-0.262147	-0.121982	-2.220048	1.593671	4.046441	-3.196985	-1.157413	0.295795	-0.487718	0.903710	-1.475986	-0.956010	0.005465
-1.173396	-0.631027	0.882194	-1.213469	1.409440	0.011379	0.387223	-0.640868	2.135503	-2.369969	-1.318718	0.283795	5.209920	1.107875	-3.568726	-2.767848	-0.663094	0.428417	-4.376207	2.887222	-1.561481	2.147196	-1.012458	-2.191067	0.916736	-3.289466	-1.235820	-1.656057	-0.110304	0.096695	-0.955120	1.488942	-0.814838	0.433744	-0.603199	1.666831	-1.614224	-2.604038	1.082477	-1.913619	0.551812	0.261492	3.357677	-0.168254	-2.254493	-1.627442	-1.572301	3.348739	-0.415531	-1.764671
-1.181006	-1.992327	1.046654	-0.982442	1.834783	-1.235089	-0.870481	0.241010	-2.331749	-0.133160	-0.561568	1.669012	2.446654	-2.197840	-0.889281	1.338032	-1.689963	-1.164828	-1.620650	-0.527437	-2.474421	0.895640	3.239388	-0.127203	0.159134	0.393514	0.564489	-0.076338	-3.922161	-0.440882	0.884272	-0.553104	6.144686	-1.254616	2.925167	-3.910853	0.247034	1.609739	-0.906216	0.226303	1.054410	-2.911299	0.752223	0.267600	-0.888808	-0.299322	1.190836	0.032137	0.355700	0.477892
-1.760633	-3.590516	2.502748	2.337490	-2.468542	-0.592956	-2.075610	0.030067	1.662746	1.806759	-1.380669	0.991499	2.737156	2.308764	0.286114	-2.010775	-0.971916	1.572640	-2.445715	-4.971544	1.089749	-1.828473	2.964166	1.057192	0.434778	-2.838947	0.197401	-0.117816	-1.097806	-0.641780	-0.033213	-2.706009	2.069061	-0.786998	-0.211854	0.559733	1.185497	-1.109336	-1.131402	-0.168064	3.705622	0.415356	1.884605	0.828552	0.737364	1.261314	-0.139088	0.622717	2.033459	-0.574107
-1.142317	4.813149	0.628195	-1.651715	0.635897	1.298973	3.224157	-1.051583	0.293823	-0.641010	0.632089	-1.967361	-0.276167	-2.272331	-0.268265	-0.058361	0.617980	0.155941	-2.519099	2.188494	0.064564	-0.286641	-4.141194	0.307846	-0.271788	0.667103	-3.439946	-2.126477	-2.426368	0.238838	-0.748665	2.607775	2.501532	0.337083	1.298748	1.769322	0.101512	-1.561773	-1.099581	-1.239967	-0.367007	1.299346	1.847603	0.107900	-1.462740	2.165619	0.685791	1.716628	-1.577716	0.680482
-0.356856	2.282910	-0.769610	1.434079	2.182529	1.474126	-1.686920	-0.149693	-0.930434	-0.556782	-0.605532	0.488395	-4.578704	-1.305887	0.900916	1.398468	-1.067385	-0.961503	1.107488	-1.673549	2.377934	-1.311127	1.334768	0.848154	-0.511809	-0.416872	-0.961329	0.059221	-0.548032	0.790137	0.244298	-0.953871	-0.828879	-1.475915	-0.497259	-0.641555	-0.727500	1.723627	1.026913	0.927233	-0.829206	-0.578504	-2.053172	1.107574	-0.211265	0.445512	0.423807	-0.741389	-0.300860	-2.313858
-0.297127	-0.141238	1.033506	-2.836046	-2.857796	-1.005106	-1.613913	-3.388483	-0.765436	0.458661	-2.312820	-2.115880	5.564106	0.490195	-1.226515	1.510557	-0.555755	0.011048	-1.767636	0.582562	0.304482	0.726055	2.062173	-1.186198	-3.117657	2.223174	0.849173	-0.273460	0.179375	1.170385	3.336129	0.662089	-3.074352	0.345173	-3.054702	0.640413	-0.684085	0.046558	1.343640	-2.179470	-1.864585	1.543572	-2.622414	-2.209865	-0.442489	-1.169330	-0.803916	0.308030	2.265275	-2.369082
0.580708	3.004399	-1.154929	1.934297	3.929178	-2.105256	-0.063101	-0.325352	1.983631	1.298278	0.695047	-2.703606	1.111278	-1.780736	2.157722	0.732476	-1.426519	0.641980	-1.440851	-2.645920	0.130242	0.000440	-1.970250	0.239887	-0.214349	1.731011	-2.086038	-0.192481	1.928188	-1.763661	-0.087574	-1.773911	-3.191005	-2.172930	-2.480588	-0.250747	1.732820	1.284554	0.037052	2.213041	-1.354417	-0.286772	-2.277699	-1.481862	-0.843996	-0.424872	-2.087277	2.319331	1.826082	0.779184
-1.473354	0.295622	-3.483304	-2.026847	-3.158403	-3.349600	-2.501987	0.261478	-0.018977	-0.419484	-5.410810	2.848558	-4.622058	0.371894	0.028749	0.899253	-3.871891	0.994723	1.016297	-1.889543	-7.606096	1.040064	-3.505841	1.593742	2.578354	-7.673325	0.685486	-4.447619	0.899838	-0.542375	1.145337	-0.709590	-1.177379	0.258518	3.626421	0.335601	0.659862	-1.222444	1.520777	-0.108165	-1.343765	0.467255	-0.860173	-1.085230	0.381502	-3.527130	1.155068	-1.180853	3.113646	-1.395894
0.217621	1.266842	0.523211	-0.756148	-1.777027	1.235097	0.329348	-1.407552	-2.999085	-0.560325	0.973350	-0.251052	2.120016	2.993120	0.225104	0.775822	-2.224546	0.051448	-2.401035	0.374512	-1.195776	0.515998	-0.280502	-0.775432	2.481510	-1.703716	-0.671921	-1.443588	1.520591	-1.209813	-2.489789	0.829372	0.260666	1.322379	3.241891	-0.928903	1.723893	-0.333199	-1.832451	0.277204	-0.926313	-2.498734	-1.674217	0.791713	-0.929053	1.394200	0.905164	2.134076	-0.058460	-2.046661
1.799083	-0.805704	-0.029639	-0.156538	1.905469	1.049763	-0.704578	0.245641	-1.366960	2.397362	1.032594	-0.192856	0.310390	0.142107	-1.051421	-2.663135	-0.634728	-0.862827	0.469201	0.056393	0.887553	-1.521040	1.630526	0.303805	0.936710	0.096679	-0.584875	1.147126	-0.901784	2.519666	0.305072	-2.633098	-0.140686	1.084473	0.220966	0.049702	-1.886837	0.422219	-3.657658	0.134210	0.160557	-0.226056	1.540535	-2.671561	0.163385	1.300994	-1.326525	1.347689	1.057313	2.256345
-0.866860	2.135331	-0.502453	0.925394	-0.692137	0.894902	-1.412202	-2.288108	-0.980318	0.061611	-0.045978	0.325735	0.398600	-1.046275	-0.593059	0.262102	-0.835581	0.096195	1.051902	1.200614	-0.321669	1.479098	0.395762	2.123437	0.756523	0.139549	-0.774476	-1.050546	-1.647249	0.666961	-1.114426	0.429205	1.819844	-0.979000	-1.091225	2.128333	-1.384707	-0.564453	-2.969080	-2.039575	-0.955394	-1.430655	-0.874427	1.806313	0.397479	-0.326096	-1.001506	0.337375	-0.839922	0.920076
-0.104446	0.679312	0.257848	-0.648404	-0.112545	0.700817	1.177351	2.452134	0.248666	0.349501	3.731210	0.241657	-3.636422	1.583245	0.727601	1.986286	-1.483057	-0.338881	1.395027	-3.046893	0.627191	-1.736073	0.691132	-2.732456	-1.290733	3.076096	-1.397207	2.151607	2.914357	-1.244527	2.449641	-2.248388	-0.668817	0.033392	-1.257610	-1.212195	2.202098	-1.987378	0.398802	1.018859	0.536713	1.927249	-1.060696	1.314934	-1.451904	1.498425	-1.241616	-0.470281	1.680097	1.679278
-1.541117	-2.799136	0.502770	1.591120	-3.401708	-1.638305	-1.283648	-0.021152	0.077995	1.586436	-2.882055	-0.448444	-1.925725	-1.294040	-0.176219	-0.064656	-0.067965	-0.024162	0.941690	0.058032	-2.194602	1.644693	0.772641	-0.889577	-1.154194	1.490260	1.364363	-0.659702	2.878550	-0.198224	2.887772	1.087082	-0.840986	-0.434490	-2.971966	-2.280003	-0.338707	-1.275447	-0.061779	1.942777	-0.078158	-2.826562	1.942113	-1.716205	-1.903044	-2.347778	-0.418251	-0.651762	0.054977	-0.437475
0.495440	0.666657	0.736920	-1.096705	-2.559711	-2.544796	-1.345394	-0.668805	-0.122094	-0.207972	-3.263330	0.873489	0.324417	0.338520	-1.716467	0.739900	3.305297	0.551690	1.160258	0.350273	-4.114443	-1.303151	1.651994	-0.953234	1.133335	-3.837471	1.005554	-2.252884	1.785602	1.233616	-0.313862	-1.944488	1.271785	-0.368076	-0.429407	2.959801	-0.481576	0.309628	-0.611938	0.531213	-0.197787	-0.541594	-0.345029	0.469573	-0.465844	-3.437787	1.267247	-1.561006	-0.863974	-0.101567
-1.432484	0.638103	-1.146498	-3.267583	-1.401834	-0.957801	-1.403605	0.599773	1.816829	1.049878	-1.893864	1.010480	-0.623436	0.001819	-0.513233	2.426233	-3.033641	-0.538553	0.335878	-0.224075	-4.223182	2.406770	-1.768723	0.265058	1.306177	-2.257934	-0.434181	-0.871295	2.797767	1.501259	2.245829	2.472013	-2.697931	-1.620943	1.351623	-1.329502	-3.213924	-2.162542	0.512839	2.497743	2.670814	-0.388879	1.710746	1.186239	-0.562264	-1.586847	1.878489	-1.465051	1.469071	-1.482493
0.269518	1.105657	-0.568469	1.817644	3.417115	-0.348454	-2.632752	-2.327025	1.378547	-0.878196	-0.514187	-0.772565	4.844645	1.950686	0.004633	0.596789	0.816077	-0.534893	-3.005583	-0.427076	1.950370	-1.795891	0.809146	1.246110	-0.838616	-0.521565	-1.009607	-0.859042	4.597908	-1.216659	0.817108	-2.359025	-1.177592	0.305734	-1.665552	1.383173	3.135065	-0.885599	-1.377082	1.647852	-0.108473	0.158103	-0.794061	0.772417	-0.694438	1.292797	-1.381286	3.048987	0.018811	-1.702442
-2.323240	-1.324358	1.907696	-1.583594	-5.060206	0.638264	-1.484208	-1.328604	2.002448	-0.676394	0.582565	-1.631118	-2.298082	1.874307	0.405922	-1.047046	0.904350	-0.271554	0.702857	2.194123	-0.217167	-0.121255	1.333655	-2.101106	1.845026	-2.253405	1.410745	0.495856	1.091207	-1.056909	2.946477	-1.447136	-1.503654	-0.760050	1.635321	-0.388412	1.694998	0.406962	-0.975590	1.533488	0.738637	-0.536756	0.755183	2.818902	1.014931	0.603412	-0.185913	-0.985308	-0.828870	-2.560874
0.290764	-0.729743	0.877110	-1.310938	-1.988858	0.721360	0.610110	2.505984	-0.361981	-0.426007	0.307547	-0.242399	-1.125157	-0.189281	-1.200498	1.783871	1.151368	3.079506	0.918036	1.815538	2.086100	0.573666	-0.912829	4.978922	-2.199033	3.012582	-0.442870	-0.484890	0.253232	2.147128	-1.867958	2.055512	-2.566405	1.636434	0.652477	-2.456215	-3.299030	0.425629	-4.407556	-2.531650	-0.582506	3.269640	-1.569792	2.049836	-2.323455	0.484996	1.065929	-1.519726	-2.214457	2.251146
-0.946106	-7.027869	0.181714	-0.466657	1.396509	0.633533	0.336003	2.140251	-1.313853	2.315822	4.595433	0.162106	0.653207	1.944167	0.512440	-1.476782	0.021816	0.942063	0.182295	2.350704	3.425424	-2.820171	-2.349833	-2.408763	-1.349405	5.208694	1.497561	2.564319	2.339250	0.438785	0.238679	-2.851669	-0.547346	0.639426	0.233387	-0.594100	1.830062	-0.093142	-1.975831	-2.216860	2.425261	-1.323430	2.601241	3.407120	-0.699027	2.250406	-0.317939	-0.248918	-0.728292	1.827192
0.003138	-1.601611	-0.210177	0.796315	-2.802648	2.799521	-4.230530	-1.989502	-1.026019	-0.698041	-1.041203	0.680943	2.683136	0.964332	-4.060169	-1.124164	-1.527290	0.444493	-1.978006	0.826395	-1.506790	0.749961	-2.006228	-0.681162	-0.229532	-0.742442	1.305376	-1.917050	-0.428113	0.282484	-0.045294	2.671821	-1.807445	0.976144	-0.156566	-3.634161	0.656729	0.403301	-0.945889	2.417460	-1.527040	1.575965	-1.172520	-1.372882	-1.541069	0.090183	0.684512	0.706134	1.625677	-2.688462
-0.390387	-0.592712	-0.004960	1.782457	-0.517721	-0.897650	-1.721939	0.652103	-1.022814	-0.167432	-1.693524	-1.155985	1.878345	-2.643924	-0.273633	-3.081462	-0.891125	-0.325938	-1.857267	-0.279542	-0.970733	-2.415362	1.540762	-1.309097	-0.504825	-2.246105	-0.325278	0.152955	-0.546861	2.176133	0.262894	-2.274647	0.721445	0.154954	-0.039361	2.583312	1.138364	1.147533	-0.485976	1.099221	-0.857306	0.712628	0.091943	-1.385478	-0.463142	-0.703500	0.693861	0.024182	0.514284	1.601526
-4.759179	1.583140	-1.000939	2.353671	2.216297	0.777906	-2.265080	0.564394	-1.857234	-1.390216	1.185557	-0.372057	1.296416	-0.078401	-0.315566	0.205125	-4.236456	0.912084	0.283622	-1.205096	1.356049	1.516647	-1.898277	0.303138	-0.118266	0.711942	-0.808631	-1.279419	-0.355963	-2.080798	1.147039	-1.582926	-0.708556	1.250722	0.184245	-0.065245	1.305430	1.144193	1.564341	-3.595657	-2.538922	-3.096154	-2.370976	5.132787	-0.021115	0.185797	1.508894	-2.193977	3.093180	-0.911830
-0.761225	0.269663	0.403149	0.912949	1.852164	0.213589	-0.176994	-3.438353	-0.902218	-0.181391	0.155973	1.758037	3.264224	-0.705596	-0.037113	-1.543093	-0.589886	-0.529410	-3.158980	0.075105	0.672390	1.095061	-0.382467	-0.232389	-1.810507	0.040789	0.206169	-0.696184	0.949586	-1.863949	3.437261	-0.296721	-5.484792	0.654794	-1.192388	0.073650	1.462101	0.537588	-0.673854	-0.354573	0.494248	2.559798	-1.542339	1.225728	-2.253889	-0.212984	-1.171867	1.081186	0.686398	1.260372
3.195666	0.349707	1.534350	-2.288257	-0.568161	-1.360655	-1.457653	-0.539005	-1.089353	-0.848582	0.571302	1.154318	0.531769	-0.471481	0.477052	0.222193	1.597367	-2.491001	-1.296072	0.830964	-1.190541	-0.841775	2.344999	-3.033533	1.733210	-0.541522	-0.535196	-0.109496	-1.150271	1.704783	0.300702	0.112700	-1.499919	-0.458731	3.593707	-0.987293	1.563464	0.717662	0.894885	-0.505248	-2.853335	1.516641	0.031689	-1.533626	-2.345050	0.455748	1.333437	-0.237062	0.909032	1.051911
2.495283	0.290478	-2.245203	1.985166	0.063520	0.202736	2.542135	-0.378545	-0.017045	-3.217435	1.841929	-1.993714	-3.150267	-1.216306	2.312919	-2.331333	2.055814	0.612561	2.174245	0.112994	0.391588	-0.957451	-2.112275	-3.784349	1.224496	3.590094	0.200388	0.159706	-0.352718	-2.478887	-0.214802	-3.079646	-5.043173	0.647915	-0.879332	0.076581	2.278614	-0.998270	-0.164056	-0.590710	-0.844513	0.406675	0.319431	0.586118	-0.917971	-0.026695	-0.677650	0.973432	-1.608243	0.678898
1.307312	1.367237	0.031417	0.444348	-1.751280	-0.266941	-1.718272	1.080002	-0.503934	-1.950566	-0.496956	0.497144	-3.664599	-1.008792	0.489665	-3.362024	1.839957	1.222955	3.016620	0.413378	2.063616	-1.158053	-0.028103	0.288508	-2.304270	-1.014614	1.093706	-2.259868	-0.799268	-0.596849	-2.431624	0.587441	0.868993	-0.445707	-1.199337	1.469599	2.520102	-0.879305	-2.409955	1.114491	-0.146156	2.202019	0.956432	3.050295	-0.443024	-0.044708	-2.531142	-0.098493	-1.450683	0.360279
-1.789263	-1.910830	-0.166567	-0.435354	-0.715427	-0.456075	0.841346	-0.373703	-2.010640	-0.780215	-0.602210	1.019595	1.442599	0.286261	-1.315477	1.488559	2.736009	-2.081057	-0.861418	2.453956	0.370494	0.077396	0.973657	-0.587215	-1.462810	-2.040470	2.089377	-2.835032	-3.084488	1.553831	2.459010	-1.268339	4.652528	-0.781532	-0.786660	0.960183	-1.993281	0.214487	-0.999393	-1.080284	0.040530	0.950302	-2.150153	0.220025	0.132307	-0.934092	0.217497	-0.327086	-1.824427	2.971838
1.207358	0.122285	0.176482	1.174542	0.592566	-1.081495	0.248563	0.181492	-0.220565	-0.437423	-3.829377	-3.279572	-1.014668	1.009630	0.657964	1.152702	1.471667	0.684746	1.909049	1.861444	-3.483212	-0.739052	0.392342	0.330836	2.645038	-3.851556	-1.410054	-3.217549	-1.487460	2.277223	-1.934687	-0.796606	1.278184	0.207118	3.913028	-1.765286	-0.484703	-0.904062	1.657123	-2.543212	-0.280899	1.960698	0.273286	-0.201802	2.070296	-0.809274	2.229369	-0.545374	-2.990768	2.027500
2.358947	0.646464	0.632812	-0.723630	0.839092	1.383772	-1.569858	-1.241866	0.152195	-0.288248	-2.400106	2.380234	1.454266	1.534511	-2.817364	3.045921	-1.040378	-3.789726	-2.421406	-2.785315	-3.072522	1.365861	3.956457	3.307159	0.444009	-1.858072	-2.406610	-1.735363	-0.901540	-0.115584	0.651587	2.765989	-0.909382	-1.161689	0.674421	-2.248801	0.093187	-0.555869	-2.634521	-0.179941	-1.805827	-0.577644	-0.415357	-0.960690	-0.860843	-1.548436	-0.529128	1.187713	0.939073	-4.526157
-0.546837	-1.547219	0.433397	1.349060	-0.762272	0.452600	-1.623344	2.127463	-0.275140	0.877771	-2.625410	-2.218786	3.631228	2.640826	0.505819	-1.641478	0.414405	-0.812235	-4.138081	-0.271199	-1.455334	-0.489298	0.713823	2.458592	-1.525070	-1.419779	1.415843	-2.088857	-1.853486	-0.386209	0.496763	-1.625640	2.706788	-3.042677	0.552777	-2.181052	-0.718687	0.299476	0.276730	-0.319572	-1.130576	-0.796275	0.051301	-0.217269	-1.111117	-2.771047	1.693355	-0.528560	-1.246556	0.060671
-0.541198	1.378714	0.333935	-2.514792	1.501698	-0.598212	2.161801	0.181434	-0.429007	1.654063	-0.112782	-0.069939	0.995734	0.650633	-2.175866	1.551856	0.718171	-0.150579	-0.654218	0.973523	-1.857048	0.888031	1.326571	2.237457	-0.899303	-1.514407	-0.803885	0.316835	-2.989519	-0.960415	-0.542330	2.232897	1.292980	0.438938	0.505859	-2.265634	0.811551	0.619194	-1.580865	-0.004922	-0.157196	-3.335986	0.055624	0.032550	-2.167481	-0.731674	1.452341	0.033746	0.546331	-1.003287
0.316632	-0.409457	-2.927660	0.031625	2.726896	-1.825077	-0.921480	2.016458	0.048688	-0.180720	-0.847757	-1.756058	-1.599870	0.106683	-0.213902	-1.793085	-0.888471	1.002968	-2.988034	-3.605950	-0.900373	0.578819	-2.942857	-2.652337	1.346108	-3.280731	-1.644275	-2.597396	1.516751	0.545996	-0.175187	0.266035	-0.138896	-1.287084	-2.414828	2.010210	-0.641729	1.822036	-0.556985	0.643162	3.229483	-0.676066	-0.394181	0.657160	-1.015695	1.852186	-0.826302	1.255461	1.366873	0.918011
1.259098	-1.519862	2.118933	-3.302511	-4.815926	0.536223	-2.305860	-1.657702	0.303121	-1.579227	0.425235	-2.213058	-0.505557	0.791814	-0.957060	-1.038416	2.365989	1.072040	-0.009002	1.257131	-1.363395	2.735136	0.497381	2.175889	0.047905	-0.194587	3.087209	0.691525	0.778332	0.040244	-1.307449	0.594641	-1.619020	2.484313	-1.250828	2.139243	-1.637998	-0.012337	-1.225798	-3.128795	2.239103	1.516463	0.712565	-1.133498	-0.064439	0.231134	-1.406322	0.076921	-2.275709	0.544471
-0.137245	2.340252	-1.008306	1.124650	1.153215	-0.084745	-0.181634	0.149469	0.915018	1.515532	0.236886	0.745340	-0.712419	1.978606	0.603978	1.099744	1.600530	1.493478	1.803158	-0.134775	-1.532931	-1.205799	0.349177	2.232850	1.222156	0.168490	-1.625292	1.840524	0.840409	-0.829923	-2.135956	-1.785445	2.561230	0.530095	1.166036	0.844322	3.017242	0.695113	0.233771	-2.038186	0.409500	-2.519434	0.256134	0.437845	1.826054	-0.392603	2.134068	-1.565648	-1.090953	-2.000259
-0.308624	-0.891395	0.423164	0.589841	-4.155460	2.377911	1.121560	-2.245702	1.324452	0.173918	-0.331524	-0.266069	-1.586939	0.545704	1.312793	1.056541	3.666442	0.972158	3.829985	2.252537	-1.026620	-0.175304	-2.422740	5.932831	2.268869	-1.382987	1.373987	1.403586	-1.838175	1.379915	-2.928436	-1.275586	1.480818	0.768533	-0.935485	0.561326	0.857557	2.314499	-1.894662	-1.867350	0.489134	1.448085	-2.365423	1.697347	1.665472	0.606417	0.485766	-1.660039	-3.600048	0.950715
-1.310825	2.449652	0.132783	0.962679	1.238775	0.301855	0.216595	1.172833	0.225397	5.856373	0.578960	-0.383781	0.007429	1.871163	0.486520	1.556305	-1.033249	-0.041769	1.244411	-1.274729	0.142502	-2.281828	0.138412	-1.849045	0.191912	3.083103	-1.700284	0.291366	0.960410	-0.745260	3.376089	-4.160795	-0.157682	-0.076317	-3.995014	2.606249	2.010427	-0.301007	3.818475	-2.763035	-2.363419	-0.092567	-1.327780	-2.298646	0.144485	-0.519841	-1.750043	-0.612080	2.428708	-1.371702
-0.945816	-1.195537	-2.552875	2.113455	3.178677	-1.710746	-0.027623	2.664162	-1.571794	0.914400	-1.128030	0.319196	0.462079	-0.694178	0.589125	-3.464235	-2.932444	-2.043046	-2.039252	-1.102509	0.544136	-2.067058	-0.651031	-2.607475	-1.542314	2.898812	0.070123	1.378761	-0.998684	-0.932043	-1.579937	-0.759977	2.281107	-1.789569	0.556591	-2.237854	2.700091	0.539353	2.034003	0.201274	2.377328	-1.921226	-0.789476	0.079399	0.178206	-1.403413	1.218452	1.122980	1.719017	-0.762963
1.719018	-3.029449	0.691782	-0.830848	-3.874219	-0.839713	0.762787	0.827023	0.965316	-0.339597	-1.051587	0.879146	-0.800096	-1.305594	0.165077	4.656885	0.286116	0.691027	1.556831	0.559293	-0.442186	-0.540252	2.727272	1.402422	-1.713841	-0.342402	0.905546	0.899956	-0.046998	0.468423	-0.834779	-0.579886	-0.328123	-0.603697	-2.587482	0.582757	-0.535445	0.210243	-0.544441	-0.549944	0.052779	-0.229061	-1.699766	1.636928	1.140595	-0.001839	-0.483069	0.870384	0.253555	2.589231
0.511289	-2.811738	-0.659318	0.877394	-3.007973	-1.115991	-1.822104	2.009798	-0.202261	-1.920773	-0.333536	0.132972	-1.168541	-0.164411	-1.412313	-3.290126	1.187119	-0.070146	1.532920	2.530260	-1.598077	1.612777	-0.428784	-0.542415	1.397514	-3.412265	2.346396	-0.821732	-0.964013	0.957471	-4.107858	1.682559	1.022732	2.383022	-0.218802	0.278647	-2.744027	0.319209	1.674142	-1.384161	1.040089	2.586824	2.217295	0.415899	-0.829123	-0.735806	0.054670	-0.640856	-2.600557	5.269929
-2.199292	2.587425	-2.236875	-0.023085	3.158569	0.985519	0.594350	2.299788	-1.074893	1.978057	-1.240475	-0.059740	2.285019	-1.746706	-2.161498	1.919039	0.924298	-2.413806	-2.252859	-2.863963	-0.241775	-2.942660	-1.022549	3.592991	0.203465	-2.893655	-1.208688	-1.509747	0.516193	1.512958	-0.784153	-2.493237	-1.957854	0.635898	-1.585414	-0.525369	2.758869	-0.743403	-1.650534	0.497870	0.768410	-1.363323	-1.417198	-0.322122	-0.798422	0.106167	-2.919474	-0.027541	-0.346199	-4.464212
-0.352767	1.790323	2.139296	0.236890	-3.231730	-1.293945	1.262366	-1.003164	-0.105642	-2.273499	-1.356616	-0.932149	0.064474	1.177383	-0.828359	3.738054	-0.011492	1.463540	1.306532	-3.433027	-1.792259	-1.852039	0.562449	1.208987	-0.617024	-3.965315	1.689125	-0.636928	0.616737	-0.707103	0.220360	-0.917142	-2.437944	-0.401504	0.236390	-0.950034	2.684487	-2.388029	-0.131345	-1.605129	-3.137231	-0.394743	-3.282024	-0.241529	1.649210	-0.036539	0.737529	-0.005609	1.536220	-0.853922
1.441516	-0.487438	0.983746	-4.116260	-0.740201	-1.604996	-0.435849	2.452128	0.892800	0.739997	1.410169	-0.640991	3.583241	0.410606	-2.623041	0.187185	1.180332	-1.598114	-3.410751	-2.159694	-1.366162	1.686966	3.303010	3.311447	0.719529	-0.072821	-0.290743	2.181164	0.390761	1.635205	-3.818997	1.726128	-3.533963	2.802432	-4.307548	-2.037690	-3.078515	1.066563	-2.439125	-0.892995	0.625791	-1.875814	-0.476208	2.669869	-1.093741	0.545992	-4.809423	0.723624	-2.215437	1.054098
0.123520	0.522475	1.464531	-0.012021	-3.623226	0.081362	2.926088	0.243053	-1.855177	0.788891	2.631776	-1.193622	-0.025128	1.359444	-1.205926	1.053468	1.341644	0.606664	0.261123	0.473441	4.442798	-0.101540	-0.214147	-1.863935	-3.218429	4.093393	-0.560013	1.464674	1.207667	0.562772	-3.000505	-0.693536	0.324626	0.574556	-0.736835	0.074379	1.168037	-0.219331	2.698468	-0.914475	0.086314	-0.812155	0.379460	2.619696	1.171149	1.786581	0.421103	0.198713	0.989524	1.036408
0.513460	-0.392621	0.499404	-0.676676	-2.300582	0.997653	1.767698	-1.833115	0.807895	1.536794	2.103712	0.648665	-0.666924	1.309299	0.444596	0.789455	1.091956	0.762720	0.252668	2.361617	-0.938393	2.270409	-4.379063	0.169031	0.267097	2.228296	-1.810864	2.949329	-0.616637	-0.255712	-1.201089	2.875008	-2.517616	-0.982136	-2.201623	1.437867	-3.869851	-0.080034	0.335660	-0.041362	1.584340	-2.335470	0.029989	-1.996113	-1.579567	-1.573035	-3.661527	-0.227450	-1.006660	-2.593928
0.888030	-2.438581	-1.846353	-2.130510	-1.956241	1.824924	0.359515	-1.550364	2.233018	-0.182033	-0.192062	-0.054643	-0.063450	-0.560314	1.802293	4.122249	0.058278	0.692678	0.204645	-0.987417	0.620141	1.138865	-0.721094	-2.777820	-2.190115	1.016990	2.021267	0.227093	1.560498	-0.914629	2.092113	0.831181	-2.464922	-0.351630	-2.250341	0.127577	-0.372316	1.183042	3.428191	0.185262	3.654418	1.341649	-2.773120	0.861696	-0.019372	0.087128	-0.316805	1.391278	-0.419424	3.232083
1.056266	-0.283972	-0.485204	0.932593	0.343173	0.416663	-0.084579	-1.286258	-1.238122	-1.679431	2.618949	-1.613504	-0.822622	-2.151664	-1.012634	0.311221	-0.022871	-0.057299	2.167429	-1.046565	0.320864	-2.283061	-2.716126	-1.614892	0.944076	2.633190	-0.725778	2.579519	0.836732	0.954191	-0.173157	-1.719224	1.477520	0.743624	-0.368255	0.253700	0.802151	0.784984	-1.863449	-0.762389	0.322875	-0.783333	0.451551	1.237391	0.856532	0.573827	-0.378580	-3.580609	0.335137	1.522160
3.955063	0.250385	-1.080048	-2.275608	-0.592695	0.350086	-4.141161	1.283771	-0.111420	0.631971	-1.828118	-1.624569	0.993324	-0.093069	-2.657063	1.830532	0.288708	-1.507633	-0.036973	0.237187	-1.912268	1.847875	-0.523833	2.178265	-0.044442	-3.312843	1.449397	0.640621	-0.255498	1.214018	-1.306443	2.369150	-0.382073	0.551188	-3.320589	1.557455	-2.465250	-1.394927	-0.024113	3.548590	-1.109470	0.608395	1.448660	2.629413	0.359712	-0.902756	-2.393580	-0.751224	1.637538	-1.184498
3.285942	-5.189188	0.447253	0.534632	0.093049	-1.854638	1.347450	1.998801	0.693338	-1.384653	-1.836584	0.252362	-0.211268	-0.132196	-0.714670	-0.073803	-0.992180	0.441465	-2.029998	-2.646417	-0.704752	-1.004624	-1.224246	-0.669675	-0.041809	-1.955563	1.555786	-0.314665	0.433020	-0.097579	1.269031	-2.122397	0.690031	-0.394630	0.106626	-0.794156	-0.726689	-0.586333	-0.976260	-2.955987	2.477148	1.021867	-0.901972	-1.318887	-0.739015	0.185692	0.046853	1.572231	0.631294	-0.004977
-1.049642	1.922102	1.147121	0.128049	1.249096	-0.711587	2.454653	-2.319958	-0.888543	1.591521	-1.626677	3.254394	0.515061	1.425684	1.370225	0.899289	0.288133	0.306857	-0.557490	-0.075927	-3.883725	1.093738	-0.034597	-0.703363	4.013943	-4.962772	-2.476802	-1.869088	1.355414	0.244685	1.334129	-0.284071	-2.248994	-0.890757	1.815678	-1.438169	-3.084827	-1.142501	0.617099	-0.236281	-1.675052	0.493821	-0.504928	2.061315	-0.036004	-0.015039	2.862443	-0.569121	-1.540573	0.708717
0.165202	-0.004510	0.236086	2.520133	-2.005453	0.230285	-1.056686	-3.612282	-0.322967	-2.028444	0.481266	1.452230	-2.871312	-1.568657	2.101912	-0.970049	0.774109	1.057406	2.035278	-1.695161	-0.121500	-2.810352	1.335240	-2.184344	-0.834738	0.062227	0.501082	0.363151	0.294421	-0.936008	0.196595	-4.761850	0.290505	0.030350	-0.116314	2.455832	2.226632	1.157124	2.206187	-3.397842	2.265814	-0.646743	-0.750593	-0.081441	-0.216384	-0.846672	0.437858	-0.076671	-0.624058	-0.188580
-1.289072	-0.917744	-0.473902	-0.602353	3.068170	0.190158	-0.992070	0.905107	-0.207165	0.521444	-2.355310	0.265524	-1.045535	-2.690725	-2.709951	-2.039958	0.856933	0.897023	2.308442	0.176311	-3.568454	-2.267609	1.210102	-0.169385	1.852761	-5.384320	-0.169791	-1.296755	0.637479	0.137776	-2.665283	-1.536971	-1.918786	-0.740899	-3.066796	1.191974	3.360579	-0.983716	0.330833	0.636976	-1.857522	1.890947	2.520798	0.620581	-0.292639	-0.757306	-3.100668	-2.262574	-1.391648	-1.449050
-1.085723	-1.302910	-3.089484	-1.101618	0.803434	0.726703	0.039307	0.873407	-0.826249	0.234212	0.553602	-0.357150	-2.747021	-1.071156	-1.365774	-0.503103	2.315727	-1.764197	0.773605	2.469877	0.474677	0.441966	-2.779305	-1.325116	-0.298572	0.396826	2.192589	-0.221360	-0.850460	0.999966	-0.053398	2.868681	2.055546	-0.929414	-0.103213	0.701886	-0.525462	0.151579	-2.209630	0.153824	-0.726032	-2.308199	-0.473352	1.468797	-0.828543	-0.078804	-0.744629	0.374071	-0.714767	0.197735
0.251383	0.254196	-1.174779	-2.362378	-3.664532	2.861811	0.060047	2.472244	-1.872784	-0.267655	1.540771	-0.989433	-3.145603	-2.097954	-3.936109	1.581240	1.146622	0.712859	3.170464	-0.360988	-0.782435	2.668769	-1.072642	0.332897	1.083942	2.392657	0.701995	-0.081006	2.992290	-0.870694	1.350209	0.182302	-4.055347	-0.598964	-1.291735	-0.254143	-1.400246	1.103542	1.373160	-1.412223	-0.200060	1.062025	-1.051513	-2.321417	1.801032	0.163722	0.618540	-2.750909	-0.500337	1.318612
1.153504	0.048029	-0.822436	3.192429	-0.882796	1.529358	1.891721	0.579132	0.209934	0.887315	0.469782	-0.682374	3.329193	-0.518095	2.395794	-3.325973	-2.263574	-1.533000	-2.554386	-0.061884	-0.117979	-1.406045	-2.296393	1.996834	0.583739	-2.703078	-0.223986	0.236548	1.923512	-0.194083	1.288772	-3.395409	-1.884750	0.814770	0.475885	-1.348861	1.994018	-1.421858	-2.005124	0.530545	-1.565729	3.066045	1.148001	-2.519788	-2.153255	1.197463	-0.706777	1.781145	1.677546	-1.882363
0.668833	-0.944277	-0.500189	1.686273	5.195282	-1.729388	1.978545	0.788654	1.236760	0.599115	-0.317190	-1.734801	-1.230150	2.745989	0.400017	1.296784	-0.850418	-0.252033	0.902437	-0.480672	-0.249715	-0.067385	1.365211	-1.706416	-0.978566	1.019103	-2.809708	-0.893552	0.735728	0.025436	1.600226	-2.110259	-0.411631	0.464455	2.959336	0.935509	-1.858908	-0.334498	0.126642	-1.068628	4.503037	0.211914	0.137569	-1.680236	0.299467	-0.832320	0.557763	1.005557	2.265235	-2.979301
-1.824368	-1.860993	0.772975	-0.210946	-2.635470	0.117816	-1.397141	-1.531301	0.304214	-2.338923	0.940031	0.926422	2.594022	-0.796139	0.319486	-3.901507	1.584897	-2.168777	0.457044	-1.789405	-0.208191	-1.126011	0.237450	1.888064	1.304223	1.567190	1.595372	1.427989	-1.144630	0.964603	-2.752092	-2.337530	-0.108055	1.008080	-0.257711	-2.238817	-0.413529	1.920617	-1.815575	0.921001	0.361915	0.577970	-0.449072	2.226637	3.020095	1.009359	-0.461013	-1.922163	-0.582163	1.095249
-4.370203	-1.368095	-0.536081	2.580071	-4.033470	-0.707554	-1.295973	2.649836	2.473111	1.076905	1.588931	1.356875	0.715707	-0.966530	2.285608	2.516294	-2.183253	0.821106	0.592842	3.073827	2.195050	-1.574988	-0.922254	0.300732	0.681493	0.860201	0.372338	1.353818	-0.938482	1.593905	1.418386	0.643942	1.107343	2.068013	2.705332	2.885767	-0.885772	-0.550402	-2.324910	0.760152	1.705384	1.882362	-0.719048	-0.005549	-0.475382	0.872986	3.136049	2.331388	1.649468	3.189390
-1.407779	-0.137216	0.163392	-0.912047	0.124731	0.601826	-0.605061	1.059353	0.932218	1.518519	2.165695	-0.528317	-1.016228	-0.550655	-4.841327	-4.883174	-0.614039	-1.008231	0.272800	-3.101368	-1.488959	-1.106706	2.078301	0.185921	0.404406	2.089689	-0.785847	1.889636	-0.692580	-1.606038	1.444399	-0.581167	2.510880	-1.195595	1.674519	-1.705418	1.093236	1.057722	-1.536511	-0.409762	-0.084949	1.294958	3.757657	-0.150882	-1.206568	-0.575664	-0.125399	1.140331	1.021968	-0.546096
-3.927204	1.590521	-0.845451	-2.429003	0.286149	1.131763	1.121210	-1.482878	-2.073053	-4.643514	0.319923	0.813482	3.738153	0.464425	3.822632	0.869550	0.199453	-0.293084	0.065399	4.027213	1.821651	-2.730874	-3.824056	0.603395	-5.081639	7.046870	-0.427277	2.434651	-1.513680	0.581539	0.546021	-0.341236	0.941190	0.212211	-1.047649	-0.490235	1.153383	0.333551	-1.969495	-1.101471	2.382390	1.083107	-0.456246	0.752195	0.246134	-0.183107	1.217148	0.554018	-0.046299	-0.796909
1.481606	-1.225446	1.734429	0.143340	-2.519357	2.544102	-2.610737	0.328250	-1.038507	0.346966	0.189928	0.698889	2.416087	1.755872	-2.379180	-2.434023	-0.244675	0.152230	-1.227653	4.569421	-1.820914	-1.001705	-3.548236	2.953614	3.724794	-5.677147	-0.413904	0.069905	-0.917330	0.217523	-2.137259	0.902304	2.003629	0.288355	-0.151818	-0.746017	1.133868	1.432358	-0.222313	-2.888032	-1.386725	-2.479241	1.709433	-0.403810	-0.765641	0.633285	0.905843	0.238276	-3.732767	1.311935
-0.073495	1.057044	1.479957	1.205793	-1.407503	-0.980232	-1.308672	0.976446	-1.008998	1.436411	0.945166	-0.380556	-1.763757	-1.606602	-0.331049	0.866021	1.544845	0.415926	0.054917	0.057297	1.906315	-1.351771	0.542927	-2.934983	1.589535	0.917677	-0.143391	-0.670367	1.234739	-0.643683	1.622054	-0.547851	-1.569005	0.363368	0.224113	-0.539960	1.903291	0.700647	-0.805640	0.195567	0.160253	-0.458887	-2.169995	0.444917	-0.274695	2.365877	-1.662378	0.196099	-0.660062	-0.485973
-1.016083	-2.705626	-0.185600	0.671822	-3.412800	1.644434	-3.649283	1.406176	-0.141900	-1.196148	-0.378445	0.097282	0.398926	0.967254	1.870098	-2.609931	0.748505	-0.420567	-0.234368	3.259332	-1.613117	0.795552	-0.137562	-0.208429	0.383649	1.884648	2.521618	0.021345	0.776569	0.733042	-1.351964	0.947592	1.866666	-0.508201	0.182738	-2.365258	-1.374921	-0.286340	-2.249348	-2.098446	0.528326	0.548975	0.433022	-0.295500	-0.611764	-1.793869	0.389641	1.980007	-0.958367	-2.074140
1.877495	1.335600	0.091523	0.161258	0.957565	4.533583	0.150709	2.517392	0.881822	4.509743	-0.631540	-0.345630	-1.409655	0.228684	0.282699	-2.075181	-1.298210	1.905196	0.191210	2.225806	-1.125013	-0.948207	-2.326017	0.932104	0.687172	-2.226257	-0.727422	0.524186	-1.826912	-0.466503	0.205035	-2.410156	0.878132	1.796246	-3.127821	0.280753	2.293930	1.582768	-0.400136	-0.281783	-1.853394	-1.736994	0.529268	-0.194255	-1.262325	-0.881815	-1.176704	0.023941	0.099796	0.170099
-0.900376	1.515257	0.804164	2.670747	1.144842	0.489891	3.478510	0.052962	1.306008	-2.728080	-0.015203	-2.283825	-3.134490	0.950222	-1.252931	-2.978874	0.879199	2.196481	1.574148	-0.779157	1.630575	-1.287753	2.713704	0.466063	-0.385583	0.295074	-0.570500	-1.134575	4.541647	-0.877855	-1.493544	-1.013621	-0.567100	-1.427724	2.015424	-0.887509	1.717985	-1.556601	1.470485	-0.683994	1.121952	1.362395	1.608468	0.868271	0.504787	0.486912	1.633160	-0.234362	-0.940513	0.899858
-0.858406	0.198146	1.113539	-0.080339	-1.556088	-0.277686	0.188968	-0.705988	-2.169062	3.539710	-0.300110	-1.248649	-1.502305	1.154853	-0.140869	-3.132737	1.296090	-2.023846	0.711530	-1.386553	1.777711	-3.652667	-0.735787	-2.274460	-1.392353	1.611159	1.139245	-0.114875	-2.048248	0.170719	1.825955	-3.668872	3.989734	0.299817	-0.976106	1.380620	3.246757	1.182305	2.662309	0.005239	0.012974	0.408185	1.904533	2.005176	0.410733	-0.619619	2.479859	-0.951734	1.328458	1.042204
-2.421944	-1.581011	-0.471955	-0.192246	-2.113218	-0.083186	-2.111114	-1.712096	-1.023259	1.572817	-0.179386	-0.697110	-2.475809	0.288777	-0.865475	1.109907	1.471108	1.187823	-0.408093	-1.160222	0.569334	-0.613136	-0.512340	-0.636966	-2.984872	1.601315	0.260082	0.720282	-0.739171	-0.114713	-1.423888	-0.824698	-0.705187	-0.858851	0.400391	-0.415467	0.297283	1.929289	1.588337	0.965530	-0.426362	-0.443719	0.451579	0.073662	1.312233	-0.124749	0.901835	-0.918000	2.390726	-3.266717
-0.797446	-1.410188	-0.246166	-0.190563	-1.476641	-2.335590	3.422671	-0.014733	1.110828	2.224026	-0.914760	0.888166	3.566364	2.113648	2.869437	3.294248	-1.237532	0.404210	-1.913807	-1.175849	1.719162	-1.110153	1.595378	1.451128	-1.096513	0.218159	0.195975	-0.858995	1.070602	-0.092654	1.513006	-0.040823	-0.230576	-0.446063	1.746994	1.365454	1.690456	-2.132110	-1.543288	-1.224708	0.506609	-0.709500	-1.413614	2.268171	0.270388	-0.178706	3.193609	1.010471	2.214627	0.844976
1.620901	2.826188	0.597767	-0.810253	-1.893136	1.654903	0.384846	-1.035538	-1.188724	0.404444	-0.872421	-1.350725	0.502768	-0.970104	-0.431534	0.141341	-0.548546	1.993527	-0.997537	3.186004	0.145780	0.693233	1.913259	1.809585	-1.915408	-1.753769	0.344435	0.036040	-1.315766	0.172018	-2.237069	0.683663	1.389921	-0.125709	-2.486080	-0.330042	-0.206829	-2.286844	-1.737185	-2.052373	0.748488	-2.756760	-0.448613	-0.448260	-0.799619	-0.462673	0.395519	-2.313535	0.466980	-1.006293
0.867518	4.519413	2.019152	1.932290	2.361073	-1.024866	3.592580	-0.232277	0.965992	1.674951	0.375824	-0.053596	1.635949	-0.390284	0.908865	-0.864508	3.031198	-0.382557	0.067463	1.248246	3.307800	-1.016345	0.046833	0.597683	-2.526038	2.663890	-4.008507	0.017815	-0.542184	0.730561	-2.108538	-1.212048	1.993170	0.967671	-0.979926	1.780169	1.711936	-2.765927	-0.856017	0.537310	-4.536966	3.055692	1.767285	1.068732	-0.815767	0.430863	1.424298	-0.035080	-2.220845	0.071439
-2.070707	-2.547598	-0.812559	-1.117613	2.838793	0.725551	0.128403	-0.798667	1.228159	1.564527	-0.495471	1.642106	1.600426	0.744340	-1.818946	0.274811	-1.349490	0.730785	-0.041349	-0.703892	-2.914962	-0.134002	-0.067354	-1.197445	1.079987	-1.347842	-0.094011	-1.159959	1.981301	1.094688	4.006403	0.665964	-3.569621	-0.446277	0.495542	-0.583208	1.304773	1.780258	-0.259013	0.135659	0.073404	1.035200	-0.798246	-1.044277	-0.982808	-0.125337	-0.754696	-0.391537	0.559407	0.805595
-1.466783	-0.108481	1.989580	-0.261148	-3.127338	2.441269	-3.930392	2.452002	1.841840	3.729609	0.679827	1.490624	0.941934	-0.370725	1.693749	0.528610	3.414268	0.116902	-1.664070	5.908462	1.079918	0.754446	0.809379	0.105818	-0.362871	0.032116	2.076604	1.388222	-1.119735	0.375178	-4.312268	0.969173	0.866636	0.878547	-0.099077	0.011943	-0.310870	0.590331	0.658390	-0.470859	-0.683709	-2.294545	0.167612	1.072083	1.795946	1.813170	2.353382	1.406595	-5.127946	1.315473
1.205401	-0.209218	-1.196510	2.642256	-0.000392	0.607138	0.875554	-0.831644	0.100291	0.354260	0.461944	-1.767499	2.692025	3.439151	2.553655	-4.507930	-0.414248	-0.897552	-2.675789	5.214699	-0.435779	-0.125626	-2.921795	-0.099504	0.214705	1.545110	-1.576453	-2.130193	-0.072509	0.290643	-1.821566	0.243422	-3.080353	0.441359	-2.820903	-0.488206	-1.477486	0.648151	1.469225	0.155467	0.665611	0.744066	0.698523	2.314642	-2.892653	-0.286377	-1.497029	0.404674	-1.423439	-0.899806
-1.930594	1.916484	-1.133972	-0.446556	4.137072	1.216747	2.194477	-0.049786	-0.798904	-1.288159	2.212078	0.551120	-1.677442	0.331380	-1.611479	1.143312	-2.926443	-0.036412	-0.041070	0.988717	3.461115	-0.674655	-0.659294	-3.294469	-3.386162	6.743179	-2.134078	0.654899	-0.107439	0.055307	3.457281	-1.542487	-1.459722	-0.627742	0.549122	0.914687	0.536297	-0.206083	2.768899	0.712828	1.371270	-0.285810	-3.467073	-1.563218	-1.803740	1.894636	1.206252	-0.485242	1.919459	0.382140
2.141015	-1.646611	2.541910	0.052972	-3.566800	-0.630394	1.286561	-0.368444	-0.071558	-1.799931	-1.415602	-0.332728	3.638426	1.501444	-0.353127	1.804433	0.302163	-2.463491	-3.412963	-0.424922	-0.733509	-1.088014	0.512029	-1.559020	0.451967	-1.946721	0.450719	-1.640749	-0.184537	-1.414810	0.645441	-0.640708	0.706035	-1.342187	2.115564	1.347483	1.565466	1.371507	0.684368	2.065135	0.719940	1.036749	-2.847458	0.224069	-1.918563	-2.783649	0.545783	2.129115	0.059267	-1.082033
1.036923	-0.439108	-0.421043	2.315884	2.624295	-1.045474	-1.203277	3.076617	-0.975631	0.367188	-2.411124	0.359024	-4.147884	-1.563548	3.141257	-1.233766	-2.095782	-0.661444	0.421002	-1.476301	-1.372987	-0.227095	0.060917	-1.295634	-0.649503	-0.613524	-2.065566	-0.235267	-1.371752	1.173652	1.152734	-1.285966	1.432223	-0.518351	-0.691107	1.287001	-2.691040	0.228579	1.204699	-0.567809	0.907902	1.863232	-2.747284	-1.196258	-0.140206	-1.465862	2.095583	1.576261	1.579818	0.167589
2.122260	0.128637	-1.399362	-0.230584	-0.907188	1.297700	-2.992281	-1.039602	-0.114321	-2.855054	1.151106	-0.367712	-0.194039	0.401912	-0.156353	-4.289162	0.202475	0.760401	-1.151540	-2.422261	-1.313948	1.352167	-2.193064	-2.116276	1.928077	-0.567847	1.290773	-0.713581	2.567401	-1.140675	1.210742	1.852239	-1.737739	-0.408286	0.127634	-1.632082	0.940386	0.983064	1.962498	2.199253	-1.101976	0.406183	1.897916	-3.329817	-0.713012	0.933630	-0.266219	-0.179584	-0.189139	3.020347
-2.438222	2.610309	1.259860	0.368719	1.517539	1.595790	-0.282476	0.948880	1.485825	-0.393516	-1.747114	1.419088	0.303441	0.489496	-0.378863	1.210770	-0.015136	-0.906507	-1.574554	-0.562848	-1.039636	-1.889111	-1.529324	-1.275390	1.764178	-2.002173	-0.507927	-2.069680	-0.304721	-1.968188	1.241926	-3.557758	2.100571	-1.122047	-1.017833	-0.010569	3.002366	1.870893	-0.111020	0.144204	-2.356058	2.009843	-1.392381	-0.165605	-1.118449	0.904723	0.416883	1.346088	-1.193201	-0.267549
1.776568	-0.858453	1.200764	-0.556379	-2.384674	3.924581	0.646919	-3.014346	-0.841050	-0.070741	4.526620	-0.469473	1.199582	-0.985476	0.773361	0.967784	1.395416	2.658835	0.615796	2.447742	3.248376	-0.375620	-1.201201	1.645221	0.748108	1.538002	0.865909	3.524339	0.191606	0.013218	-0.606147	0.172247	0.343844	1.686412	1.407608	-1.739489	-0.261759	-0.069601	-1.332414	-2.399574	0.656421	-0.328985	0.910561	-1.679681	-0.038243	2.872462	3.104048	-2.097247	-1.195039	2.116338
-6.456743	-4.873598	-0.739200	-2.763201	-3.525152	0.527106	-4.092623	2.044009	-1.196414	0.708446	1.579558	0.643813	-4.608518	-0.769618	-2.724428	-3.349450	-2.080631	-0.284036	3.060997	-0.107550	-1.167059	-0.039892	0.733463	0.353064	0.909533	0.547507	3.775628	0.341546	-1.228452	0.369514	-0.628516	0.119432	0.901908	0.919515	0.974538	-0.183019	-0.873892	-0.295818	-2.216555	1.179132	0.132180	-0.537802	1.864579	1.080772	0.870628	-0.417202	1.416673	-3.272657	0.370218	-1.726931
-1.944812	-0.317071	1.447716	0.416905	-1.053752	0.366840	3.346564	2.765978	0.942815	1.669051	0.374242	-0.953658	0.279374	-0.433073	-0.509243	1.369899	-0.418552	-0.278088	-0.857530	2.060033	0.629306	-0.487861	2.135843	1.966271	-1.807854	4.298712	0.469883	0.899062	-0.377905	-0.098028	1.806907	0.557768	-0.021154	-1.023277	-4.658151	-1.598346	0.089844	-2.175479	-0.838438	-0.641411	1.697968	-0.745943	-1.927344	-0.588074	0.160811	0.623005	-3.861428	1.249497	-0.441989	-2.154584
-0.375116	-3.333142	-1.737530	0.439629	-0.277932	-0.502566	0.728055	-2.026205	-1.483926	-1.459331	-1.375369	0.434296	-3.428168	-0.737981	2.528936	0.338540	-3.542145	1.553303	1.983585	-1.464201	-2.563394	-1.475891	0.935101	-1.120554	0.975769	-3.596235	0.872634	-0.911815	3.548933	0.580086	1.887712	-1.277722	-4.064502	0.478236	1.286552	-1.253304	2.065834	0.614564	2.857779	0.198624	0.240588	1.315333	0.001483	3.470842	-0.314175	-1.920363	0.616538	-2.156195	2.682956	-1.337424
0.363957	-4.027682	-0.286551	1.284069	-2.804022	-0.349995	-2.967780	-0.932592	0.234124	0.089697	1.405121	0.538665	1.967423	-0.756209	0.762956	2.315456	-0.584379	0.654007	-1.926245	3.004637	-1.206579	-0.082433	-0.306807	-1.455768	-0.489662	1.548595	2.237007	-0.545739	0.780627	1.145009	-0.431718	0.207606	-0.095121	-0.692029	-2.077277	2.575425	-0.533778	1.213143	-1.599117	1.274930	2.171614	0.374645	-1.077078	-0.192608	-0.994607	0.056500	-1.251559	1.250769	-0.704641	-0.910052
1.134286	1.316781	0.206445	1.365278	-0.186793	-1.483591	3.077923	0.265800	-1.557827	-0.378422	-3.191268	-1.810534	-0.117888	-0.032971	1.252654	0.443691	-0.555430	-0.973025	1.254334	-2.074100	0.014102	1.547852	-0.041648	0.797049	0.883002	-1.526780	-0.748256	-1.278705	-0.865477	0.204641	-0.983862	1.961521	-0.478549	-0.847689	0.747188	2.596963	-2.372905	-0.045692	-0.431397	-1.319506	0.440576	-0.943615	-0.224013	-0.988950	1.863047	-2.212924	0.161765	-0.532644	1.334155	-0.280455
0.732348	2.168397	-0.004569	-0.866178	-0.869157	0.255702	-1.257747	0.955419	-0.537157	-1.096510	3.376810	1.773656	-1.744855	0.167519	-1.032627	5.396979	-1.004356	2.505808	2.801754	3.333584	1.639385	-1.782119	-2.696564	-1.591721	0.538431	2.877575	0.822478	1.454283	3.850581	0.338517	1.067110	-0.792659	1.549915	-0.207988	3.753834	0.452089	0.140059	-1.476638	-0.392017	-0.494702	-1.679769	-0.076525	-2.084041	-3.341806	0.379227	2.761601	1.960884	-1.308605	0.211641	3.146407
-1.972731	2.494218	1.355323	2.852938	-0.345892	-0.114604	-0.335067	2.532148	-1.577308	0.397735	3.212824	0.897454	1.384151	0.171807	3.292222	-3.650129	-1.916937	-0.707421	-0.369932	1.434544	2.416424	-0.765340	0.843191	-3.502772	-0.705134	4.598743	-1.403217	2.191351	-1.803699	-0.109365	0.210204	-2.761446	-0.507907	-1.808428	-2.383654	-0.679948	-0.152065	-1.013871	2.433307	-0.736635	-1.311850	-0.612120	0.724218	-1.451981	0.289278	1.507890	-0.146787	-0.383210	0.147137	1.717366
-0.500529	-0.294935	-1.498984	2.208708	3.072041	-0.229853	0.137957	-0.549018	-2.865324	2.863872	0.283496	-0.440113	-2.296000	0.230237	2.030043	-0.519837	-0.797025	0.820988	0.229523	-2.609150	0.169822	0.692120	-1.580886	2.214041	-1.189270	-1.661759	-1.672847	-0.757177	-0.121698	-0.236786	-3.639762	0.918265	0.911828	-0.503629	1.361798	-1.873266	0.397131	1.347000	-1.910067	0.060774	1.948476	-2.460094	1.509936	1.986019	-0.790788	-1.188131	0.394246	-0.438275	-0.652346	0.456701
-2.120208	2.708160	-0.181585	1.691743	2.599588	-2.179134	2.964560	-1.136304	1.974918	3.447449	-0.396354	0.378355	-2.217608	2.061340	0.773913	0.996440	0.230218	-1.177282	0.435224	-1.574320	1.724475	-1.298241	1.839610	-1.694094	-0.485328	0.839923	-1.748713	0.204295	0.223979	-2.342028	-0.585051	1.445112	-3.286511	-0.664683	-0.416969	-0.361945	2.249545	0.244649	1.202622	-1.248999	0.475253	-1.675864	-0.677882	2.185498	1.756373	0.377432	-1.183236	-0.409745	0.531782	-2.636792
-0.728745	-2.667142	-1.156973	1.580900	0.368600	-0.013097	-0.918211	1.328927	-0.030416	4.761352	-0.995177	-1.533258	-1.282158	0.065002	2.458061	-0.414839	1.230103	-0.065305	1.099377	1.503773	-2.425561	-2.746962	1.559352	0.312360	0.842557	-2.466407	-0.003098	0.313145	-0.178005	0.974527	-1.527288	-1.555377	1.448845	1.135224	1.291132	2.754457	1.741727	-1.321037	0.382259	0.168702	-1.712384	-0.839294	0.085600	2.014772	0.745283	-0.461275	-0.222564	-0.116672	0.155732	0.607038
0.640698	-3.477002	-0.594021	0.253872	1.030897	-0.610815	-1.747197	-1.144657	0.037311	1.330490	-0.562151	1.031615	1.043168	-2.536439	-0.098422	2.704280	0.167071	-1.617785	-1.491418	-2.308955	-0.595139	-0.291696	-0.181688	2.453308	-0.329985	0.079357	0.854659	0.028670	0.492388	-0.691173	-3.983371	0.632000	0.192092	-1.272921	-1.761109	0.514254	0.853288	-0.008086	0.386690	0.792359	-0.837615	-3.567323	-0.252871	2.357158	-0.883634	-0.546966	-1.294984	2.169070	-0.199963	-2.139452
1.684798	-2.784287	0.620738	1.921853	-0.120468	1.079552	-0.454675	-3.867220	0.545114	-1.135853	0.920117	-1.640012	2.668459	0.708178	2.844411	0.390402	1.734483	-0.879966	-1.990303	1.673564	3.325032	-0.401756	-1.409258	3.393202	-1.549903	2.003246	0.137207	2.512054	0.248965	1.039853	-4.575429	-0.893386	-1.401737	-0.081223	0.312391	-3.529764	-0.943378	-0.435661	-1.953481	-0.483538	3.234042	-0.346750	0.492467	-2.632920	-0.637173	-0.269898	-0.002207	0.436281	-2.260178	1.305553
