X50	X48	X30	X2	X23	X19	X24	X28	X31	X42	X44	X43	X49	X10	X8	X18	X17	X37	X40	X9	X16	X25	X3	X29	X35	X7	X11	X36	X45	X13	X27	X22	X6	X12	X41	X39	X47	X33	X4	X20	X46	X26	X1	X15	X32	X38	X21	X14	X5	X34
-0.370183	-0.264290	1.171132	-1.700031	1.002817	0.515443	-1.746866	-1.194050	-0.290179	-2.220775	-2.910139	-0.274165	-0.672719	-1.608602	2.151691	-1.002056	0.564319	-1.006790	0.030407	1.248674	0.473104	1.080735	-1.490146	0.118214	-1.507942	-1.315209	1.543149	2.848579	-2.177958	1.356740	-1.850311	2.848206	0.639738	0.214897	0.644129	0.627161	-1.793881	0.377673	1.355649	1.457408	0.148369	-1.055600	-0.818964	2.634980	0.914284	-1.615213	2.037239	0.988864	0.541791	0.168383
-2.164054	-0.399331	-0.897018	0.806610	0.608582	0.641222	-1.490297	0.779077	1.561090	-1.296859	-0.938761	-4.377268	-1.362158	-1.342045	-1.773304	-0.703876	-5.136437	1.885376	3.318691	0.613998	0.352528	-1.700627	0.027710	-2.641113	0.479159	-0.973184	0.338345	0.605106	-0.216563	2.143392	-0.589350	0.171936	-2.250078	1.220894	-0.306352	-0.720043	-0.304415	-0.768020	0.379555	-0.565457	0.195761	-0.424980	0.077977	-0.717789	1.650953	-1.468951	-1.102854	0.469762	0.339738	1.468603
1.245012	0.797926	1.659225	-0.364926	1.784101	3.064147	0.575165	-0.249263	-1.170297	0.909079	-0.819724	1.146699	-1.025911	-0.788065	-0.671032	2.026805	1.714580	-1.318544	-2.978396	0.278767	0.378066	0.244452	-0.869139	2.923542	-1.117757	-2.642904	-1.341397	-3.625229	-2.600215	2.198025	-1.852661	0.381660	-2.055032	-0.147077	4.371129	-0.765870	1.078691	-0.867264	1.363386	-0.252670	-0.165645	0.276117	-0.450753	-4.576383	-0.996320	-0.116001	-0.043119	-0.855851	0.254994	-0.280640
-0.384642	2.072525	0.648022	0.603707	-1.562116	-1.401459	-0.542701	2.984726	-0.696909	3.353989	-0.785499	-2.789112	0.325339	-0.485620	0.950076	-1.564301	-1.206907	0.587740	-0.469733	-0.943186	0.781503	1.236671	0.566570	2.645559	1.272817	3.452082	-3.342873	1.001352	0.902340	-3.899719	0.372012	-1.222139	0.744607	-0.422802	-0.324945	-1.264206	0.970081	1.763544	-1.279510	-2.306186	0.850538	0.711979	-0.725795	0.381064	0.733220	-1.556799	0.497783	0.435910	2.206105	0.586274
-0.798266	-0.005698	-0.448489	-0.742275	-0.990327	-3.899892	-0.902732	-0.819670	0.488137	1.559946	-0.162989	5.147477	0.083941	-3.408368	-0.551701	3.048344	-2.547723	-0.568705	-2.424863	-0.017781	-1.639218	2.479879	1.193257	-0.219325	-2.203781	2.028217	0.979145	2.496955	-0.246665	1.828366	-0.274099	-0.665937	0.434630	-0.832769	-3.648396	0.421270	-1.957157	-0.406777	1.143094	1.439568	0.444446	0.022626	-1.354202	1.082903	1.392166	-1.821504	-0.035392	-1.845996	0.086384	-0.414667
-3.748887	1.510192	2.496831	3.500292	-0.566112	0.489283	-2.714695	1.064579	1.670169	-0.133855	-2.083598	2.817994	0.405074	-1.224353	0.767085	-0.882823	1.090934	-0.558901	-1.087887	0.932291	-1.432361	1.591280	1.465687	0.633176	1.973454	-1.761767	0.016100	0.146159	-3.879505	3.672916	-0.089123	1.371914	-0.451470	-2.631313	0.411446	4.462308	0.343047	1.003442	0.338831	-1.704255	1.827960	0.981585	-0.165035	-0.850805	-2.039073	0.641266	0.121579	0.351817	-1.021708	-1.172672
1.040314	-1.969955	-1.192510	2.405215	0.333552	-1.971220	0.791045	1.749538	-0.671954	-2.391938	1.482137	-1.375662	0.196424	-1.084833	-0.774476	0.510261	0.569700	0.953919	-2.142678	0.568926	0.030123	-3.097782	1.804782	-0.334653	0.254610	1.065137	0.028131	-2.265291	0.720552	-4.091040	0.281504	0.073157	0.417374	-0.320781	-1.881809	-1.140011	0.912525	-2.686866	-1.775568	-2.065728	0.678252	0.766181	2.150169	0.721265	-0.337411	-0.987499	1.632413	1.706393	1.924878	1.530185
0.076080	1.988663	0.981319	-0.648577	1.075170	1.892404	-2.182237	-0.944893	-2.523597	1.416179	0.054953	1.236158	-0.660186	2.802104	0.850534	0.688622	0.813329	0.715061	0.640516	-1.123407	-0.664387	-0.005586	-0.824384	-0.616214	0.940240	-1.668856	-0.020945	-1.121467	-4.158224	2.899687	1.455671	-0.043466	0.409325	-0.114862	1.087957	2.927107	0.363751	-0.029540	0.503827	-1.942775	-0.147738	-1.594299	-1.019968	-0.920216	1.957810	-0.147534	-0.761185	0.568559	-0.015582	-1.795313
-2.200126	0.788546	-0.782407	-0.712522	-0.167324	-0.968259	-1.502978	0.685630	1.650153	0.968145	1.617436	1.225289	0.768468	-2.835274	0.166887	-1.342160	3.702039	1.538562	-0.931549	-0.726553	0.693947	0.894905	-1.274294	1.490196	2.366528	-0.839692	-0.523068	1.024039	1.209865	-0.588543	1.744239	0.100644	0.379000	2.473533	-0.122843	-1.318633	0.134605	0.945894	0.820418	0.843332	-0.183069	1.630641	-0.124333	-0.003558	2.532027	-4.159713	-0.002504	-0.066402	0.409367	-2.105679
-9.547874	-1.575671	-0.494217	0.200190	0.267431	0.978522	2.913528	-1.350372	0.296775	2.944538	-2.549910	4.133065	-1.061451	-0.325368	-2.668319	3.385866	-1.109553	-1.802368	-2.137667	-1.239681	-2.043450	0.219504	1.160300	1.787297	3.816836	-0.620922	3.496325	-1.417689	0.578068	-0.084538	1.459752	-1.181672	0.166015	-0.908370	0.165409	0.191185	0.725274	-0.383215	-0.745032	1.932439	0.634442	-0.299350	-1.091706	0.463575	1.129710	0.008846	-0.357786	-0.462364	-0.807126	-3.211989
-0.140378	0.399405	-0.277889	-1.862291	0.940817	-1.429513	-0.123843	-0.096327	-0.010219	1.350489	1.119313	-1.081850	0.629867	-0.579461	-2.086447	0.906944	-0.741658	0.545984	3.644292	-0.782604	0.696764	-0.444890	-2.153214	2.077870	1.799974	-0.191040	-3.588006	1.370138	-1.773087	1.307743	0.234453	1.508047	1.302618	-0.722279	-1.751730	-1.594934	-3.728700	0.182845	0.304748	1.712853	0.283404	3.626762	-1.092906	0.339964	-1.056648	-0.832671	2.677692	-1.424608	1.401873	-1.004863
1.398241	0.822264	-3.827488	1.255277	0.716189	2.158500	-1.078805	0.749855	-0.425253	0.879222	2.489162	2.222444	-1.543912	0.292382	-0.338710	2.142172	0.443139	-0.077105	-3.256421	1.684526	-1.345194	1.625576	2.154162	0.661719	-2.118173	-1.563618	1.167727	0.361636	-0.228156	1.646977	-0.691760	0.216306	1.137041	0.597735	1.214977	-0.621619	-1.464407	0.372952	1.697531	0.735336	-1.506257	-2.136930	0.346734	1.825161	-1.519780	2.199745	-0.573581	-0.943843	-0.770630	1.555977
2.976095	0.258951	1.453069	1.791900	-0.146868	2.326700	1.307779	0.897773	0.887882	1.916895	0.513307	0.220107	-0.932021	0.086770	1.078471	-0.997162	1.309990	-1.197208	1.699814	-0.225458	-0.673176	-1.416153	1.360627	-0.580552	-6.153822	-2.092304	-0.534599	-1.601596	-0.513624	-1.395359	-1.678209	1.653945	0.741387	-1.129106	1.254619	2.407694	-1.071034	-0.807834	1.344100	-1.735886	2.156633	-3.765802	-0.892077	-1.756421	1.761396	0.530641	1.559504	-1.009703	1.072786	0.554902
-0.064204	1.382360	2.995644	-2.533522	-0.134295	-1.094079	-0.558587	-2.711436	-0.050931	-0.673364	-0.658648	-1.348295	2.605458	-1.533796	-1.286164	1.828144	-2.103310	0.768359	0.133532	-0.592803	0.495556	-2.091297	-1.790895	1.115548	2.429063	1.329430	-0.365322	2.438041	2.191425	-1.746014	3.101746	0.404385	-2.198676	-0.542794	-1.096240	4.010445	0.737789	0.586854	-1.992892	0.068858	-1.323114	-0.856984	-2.492316	-2.212184	0.527675	-2.852946	0.741715	0.790354	-0.013067	-1.349523
6.009292	1.139706	-0.603191	0.802911	-0.071010	-1.173142	0.526844	-1.696043	0.462734	-0.462550	2.123309	-1.366858	-0.332166	-0.436571	-0.327525	-0.833552	0.095600	-0.559375	1.091202	1.207245	1.007151	-0.757284	-1.246573	0.510987	-4.758467	0.306822	-1.582748	1.073925	0.243396	1.787896	-0.097078	-1.297084	1.632082	-0.761319	0.496948	0.650465	-2.186902	-2.663372	-1.629392	0.069015	-1.335763	-0.596231	0.949492	1.253454	-0.631033	0.218518	-0.164433	0.988447	1.403953	0.432368
-0.079484	-1.192860	0.191069	1.253048	0.828236	-0.820673	2.077251	1.103430	1.151463	0.164682	0.888891	3.995509	1.005024	1.042416	-0.664979	2.438249	-0.814046	1.008201	-2.369022	0.494007	-0.744289	-1.794152	-0.029767	-0.714494	-0.613088	0.761230	5.725981	-3.062472	-1.750927	0.957860	-1.696304	1.400837	-1.438937	-1.296721	1.894298	-2.333261	0.500000	1.929634	0.390053	0.583372	-1.741354	-0.033493	-0.690703	-2.493537	-0.689551	1.284868	-1.463972	-0.148597	-0.209314	-0.047247
-1.973155	1.746352	-0.851068	0.874335	1.036177	-0.091737	0.765014	-1.689983	0.812751	-0.710684	-1.288685	-1.873559	-0.764574	-1.040319	1.786563	1.721286	2.283464	0.093346	-1.757359	1.631430	-0.472083	2.410581	-0.060803	1.080963	0.812821	0.253304	-2.844346	-2.893050	-3.393657	0.692110	-0.105439	-0.845360	0.836652	-1.028104	-1.605385	-0.184249	0.336645	1.412524	-0.003477	1.137815	1.189611	-0.892524	-0.624761	3.165289	0.218255	2.829307	-2.256976	-1.178406	-1.506524	0.213074
-1.794986	1.097773	0.836537	0.150190	-0.130202	-4.016622	-3.031754	-0.997613	0.728364	-0.708559	-1.001115	0.228051	0.960688	-0.129304	0.729740	1.134550	0.540490	-1.270395	-3.309802	-0.207875	1.095633	0.513673	0.859909	0.924953	1.547895	1.100571	0.429736	0.257536	-1.456197	-3.249187	-0.748217	-0.990021	0.131971	-1.116699	-2.568831	3.092113	-0.354158	-0.935294	-0.313311	2.206571	-0.375525	3.065184	-0.280643	0.816419	-0.416637	0.092506	-0.362956	0.484198	0.496364	0.118102
2.237641	0.482036	0.875838	-0.423743	-0.637852	3.208530	-0.955119	-1.693799	0.883581	-0.760472	1.004946	0.986564	-0.781335	1.266930	-2.242225	0.805186	0.866706	3.078661	-1.379953	-1.379045	-0.347839	2.710941	-1.902587	-0.523995	-3.057603	0.097464	-1.174558	-1.475114	2.096608	-0.155489	1.698161	-1.024886	-0.288128	-0.984033	3.284970	-1.393105	-1.670800	0.801459	0.111830	-1.693650	2.785478	-5.466655	-1.394608	1.201232	-1.191103	-1.461952	0.963944	0.039405	0.054353	0.042479
5.890101	-0.673696	-1.772217	-2.691846	-0.719365	2.142839	-1.947751	-0.430695	-0.418871	-0.608825	-0.527224	1.371343	2.199487	-1.738400	2.588393	-3.755320	1.114425	1.245811	1.304792	2.669170	0.234642	-2.608231	-2.292792	-4.390445	-3.994261	-1.283944	-0.692903	3.346854	-1.063353	3.477481	-2.236807	0.801460	-0.351364	3.409200	1.379796	-2.052985	1.830559	-0.707229	1.480312	0.393959	2.268351	-0.534295	1.967040	-1.950624	-0.471078	-1.767515	-0.512057	1.200605	1.169246	-1.632253
-2.792820	0.045460	-2.200252	-0.164070	0.344714	0.798983	-0.476791	1.408947	-0.864121	-0.200305	0.711887	-1.712326	1.082429	-2.437577	1.533046	4.481185	2.924807	-0.705199	-5.278006	0.353427	1.637917	-0.655362	0.941488	0.181888	3.274525	-1.567847	1.993910	-0.762076	3.905797	1.261874	3.584388	1.881657	0.675828	-0.221566	1.691984	-0.634902	-0.574827	-0.383494	-0.338408	1.249744	-1.195525	0.305831	-0.997654	2.780347	0.098436	-5.688099	2.962732	-1.799925	1.257282	-1.950156
-0.783981	0.549091	1.057823	-2.334196	0.776625	3.270505	0.806298	1.325414	-0.405277	0.027920	0.474607	0.076296	-0.230306	1.241607	-1.057528	3.121396	-1.782755	0.433146	-2.330987	0.048880	-2.275274	2.598019	0.366930	1.621072	-0.913624	-2.158989	1.667508	-0.743735	2.277330	-0.229303	2.345386	1.986678	3.185997	-0.819140	4.639304	1.198286	0.200425	0.106161	-3.573659	-1.141396	1.510663	-2.001549	-0.445917	4.140101	-0.906796	0.916140	-2.391041	-2.341743	-0.474639	2.773969
-1.832641	-1.335850	1.220962	-0.565960	-1.106185	1.402549	-0.638143	-2.680223	-1.342801	-0.289228	-3.485611	0.028236	1.148102	1.346912	-1.506745	1.171250	1.312949	-1.707935	-0.843484	-0.902491	-1.219446	1.800107	-1.107798	-0.787960	-2.149885	0.198444	-1.223735	3.603238	1.721434	-0.748094	0.462701	2.043324	0.773309	-0.643263	-0.732704	1.142614	-3.291825	-0.717615	1.930186	-0.718028	0.606284	-2.264418	-0.434758	1.236969	-2.379910	-0.173958	1.703373	-0.641838	0.814953	0.408193
4.845020	-0.795184	1.742101	-0.579893	0.527987	-0.874903	1.194608	-0.508312	1.934434	-0.802323	0.177750	-3.574605	2.360458	-0.199344	-1.672447	5.449648	-2.224197	1.813308	-2.520591	2.188207	2.006125	-0.182791	-2.117076	-0.402661	-2.215332	0.001540	-4.226797	-3.862544	-0.020824	0.489801	-0.896019	2.604238	-1.587752	-1.860591	-1.565445	-0.815857	0.383634	0.952212	0.332880	0.481342	-0.915419	-0.601780	-1.486368	-2.178341	-0.560179	2.213928	0.918354	-2.812772	-0.175167	0.567279
-6.922347	0.255340	0.128379	0.856278	0.443551	-1.102207	3.430743	0.467045	0.256195	0.295342	-1.285116	-1.270126	0.238271	1.400706	-1.677225	1.243932	-1.077675	-1.057835	-0.667952	-0.837006	-2.214946	-0.299019	-0.546658	-1.891230	5.356265	-1.866229	-0.255890	-5.164854	2.666157	2.174283	1.700146	-0.996731	1.774177	-0.096989	-1.590578	-0.806229	-0.723870	-1.984492	2.154139	1.057254	2.832615	1.522656	-0.498814	-0.624324	-2.086535	-1.514072	-2.445570	-1.251487	1.957704	0.180024
-1.186340	0.755902	2.839132	0.318576	-0.406976	2.522771	1.387557	-0.119242	-0.325741	-0.508459	-1.325371	-0.554971	1.561845	0.729365	-0.570274	1.475457	0.080532	2.091529	-1.574549	-0.374992	0.897091	-0.231580	2.730989	-0.284708	0.321173	-2.326420	1.343501	0.030883	2.247294	1.922006	-0.305193	-1.852316	1.764828	-1.401941	0.641749	0.233876	-3.206383	-1.323785	2.673472	0.036688	-0.945889	-2.106615	-0.860420	0.338213	0.612161	0.559887	0.395019	-0.049361	-0.362029	-0.327188
0.720514	0.460305	1.716844	-0.310584	0.454196	1.891545	6.179853	-1.786190	0.292089	-1.647107	-2.428990	1.249276	-0.524824	-0.416002	-0.047496	-4.063404	-1.749929	-0.739653	7.174393	-2.940057	0.427418	-0.803051	-2.026127	-1.834780	-0.172083	-2.411130	-4.264016	-3.324202	2.366726	2.710369	-0.643435	2.818141	-0.218943	-0.552234	1.167647	-0.466192	1.837335	-1.303904	1.622638	0.257888	-2.943820	2.862659	-0.603121	0.210946	-0.320806	2.845245	0.984118	2.182926	-0.375040	-1.103707
0.097372	-0.835115	-1.184246	0.156686	-0.539697	-0.155725	-0.724151	-1.166456	1.565254	0.642552	1.841203	1.464471	2.068012	-2.716784	-2.193189	0.147964	-0.976755	0.657488	-0.683589	-0.283281	1.783619	-3.645018	-1.270767	2.347462	4.071676	-0.354687	-4.379577	0.866622	-1.068831	-1.022135	2.685073	0.441495	-1.447704	0.523193	-0.788046	2.124478	1.104342	2.970043	-0.339071	2.733480	-3.680309	-1.644254	0.896003	-1.116578	0.634923	-1.277000	-1.107850	1.281131	-2.587648	-1.054952
2.338241	-1.610630	-0.348067	0.264526	0.863633	-0.959924	3.407364	-0.714511	0.607002	0.395566	-1.444316	2.277849	-0.558812	0.634382	-2.747411	-1.337294	0.287329	1.661482	-0.681565	1.304179	-0.420206	1.601376	-0.397595	-2.164933	-1.044305	1.856054	1.507823	-2.170909	3.314919	-2.121999	0.820626	0.174797	1.175672	1.478357	0.656439	2.295447	-1.576008	-0.004398	0.521096	-0.448000	0.967791	0.056497	-0.855078	2.587818	-0.337284	-2.148958	3.775586	0.014537	2.552838	-1.802288
0.237027	0.809144	-2.056293	0.723958	0.790930	0.565104	0.772502	0.577697	0.184960	0.900675	3.316833	-2.836416	-2.260948	0.733229	-0.459339	2.193694	-0.674007	0.891207	-1.030625	1.368091	-1.716866	-1.175645	0.674432	1.689714	2.993266	-1.883661	0.529186	-1.929116	1.985051	2.484668	0.541269	0.050357	-0.077211	0.813308	0.993111	0.580466	3.760521	0.108977	-3.236759	-0.610259	0.308948	0.514506	1.045951	-1.227802	-0.125550	-0.964316	1.229077	-2.884826	0.287889	0.076310
-0.462709	2.031520	-1.065079	0.717667	0.186799	-0.371126	-1.286588	0.269059	0.604051	1.329385	3.367064	2.113000	-0.780249	2.466594	1.719437	0.332873	1.500948	-0.071667	-0.231283	-0.043860	-1.385663	-0.130718	0.424377	0.505871	1.835079	0.618867	2.753262	0.733625	-0.827367	0.381795	1.067725	-1.114650	0.215989	1.246366	-1.832209	2.010306	0.530059	0.237900	0.280787	-1.579992	1.741952	-0.046630	0.390109	-0.091660	-0.403833	-1.468536	0.173911	1.329872	0.285012	0.153677
-4.316942	-0.239250	3.477257	-0.765828	0.249900	-2.839902	1.297650	-0.418097	0.787367	0.690582	-2.405316	-0.493857	1.589007	0.472887	-3.279454	-2.295070	0.939228	0.632097	-0.797367	-0.227913	-0.090564	-0.602633	-1.241864	0.908954	1.880008	2.880828	-2.364289	-2.907104	-2.128265	-2.259807	0.185052	-1.555773	-1.425793	-1.158361	-1.726712	-0.620756	0.078800	0.592310	1.878874	-1.265851	-2.938286	1.813008	-0.369487	-2.012756	-1.212880	3.752533	-1.159307	1.522051	-1.927423	-0.003992
-0.624240	2.614968	1.488493	1.579921	1.242529	-2.576107	2.151720	3.439419	0.098722	-1.806166	-1.491756	-0.156050	1.331544	-0.261716	1.827907	1.307518	-0.404327	0.230378	-2.664793	-1.593307	0.905586	-1.524604	3.171513	-1.062061	-1.451559	1.558998	3.745180	-1.682709	0.165470	1.138393	0.642010	0.826227	-1.549468	0.187815	-1.322977	-0.515432	0.051748	-1.911102	-0.715540	1.891229	-0.706103	0.781484	-0.365930	0.762499	-0.975603	-1.860920	-2.181533	0.672991	3.337917	-0.560665
-1.772724	0.999625	-1.547475	1.752228	0.888291	-5.442550	-0.802386	3.299160	0.251358	0.206352	1.809060	0.348476	2.913829	-1.698634	-0.180296	0.234328	0.263112	0.816441	-0.021933	-0.114377	0.793766	-0.676982	0.938994	-0.695399	8.214583	3.246545	-4.142809	0.489927	5.119758	-2.200466	5.025560	0.483052	-0.870632	-0.519696	-3.675775	-0.632309	1.362588	0.064032	-1.107299	0.851946	-0.129102	4.876967	0.138885	-0.193243	-2.159070	-3.720842	1.002821	-1.052637	-1.193739	-0.342751
0.755459	1.678949	-0.718451	-0.398482	0.621865	0.181866	1.510856	-2.336156	-0.821292	-0.321337	0.070378	-1.771286	0.393511	0.683222	0.574605	-1.435910	-1.355402	1.639673	3.918192	-1.278401	1.932920	-0.529796	-0.996845	0.951856	-0.094769	-0.140539	-1.473805	-0.646209	1.144307	-1.876008	-1.867827	0.828749	-0.208484	0.984055	0.936810	-3.285546	0.777337	-1.914571	-0.724238	-0.255931	2.635340	-2.361935	-0.039377	-1.061311	-3.048816	-3.193876	0.057452	-0.883468	3.660952	-0.042759
-1.594355	-0.542037	1.136759	0.686959	-1.176458	-1.374548	2.325339	1.675789	0.227434	-0.583136	-0.022603	-0.441676	-0.415697	0.329117	1.032254	0.454255	-1.277248	1.502489	-0.467199	1.665783	0.758281	-2.204438	1.472791	-0.229248	-0.275059	1.529185	4.822718	-1.295428	2.076189	-2.082148	1.137534	0.418060	0.729373	0.821390	-0.080536	2.614577	0.028817	-0.415288	3.142149	0.419495	-3.603607	-2.351328	0.964490	0.731342	0.876662	-1.508059	-1.828228	-1.104031	-0.297865	0.136808
0.617354	0.013323	0.701919	1.373659	0.745436	0.644163	-0.615513	-1.315743	0.956599	1.574109	1.839462	0.396970	-0.218134	0.358756	0.379480	1.821766	1.030646	-1.756794	-0.348769	-1.053980	-0.292804	0.599112	-0.479976	2.097911	-0.782458	-0.784038	-2.186350	-0.938764	-0.629872	2.866523	0.807505	-0.502428	1.001604	0.551367	-0.498114	0.779369	0.271430	2.442887	-2.225392	-1.875135	-1.939300	0.225820	-0.559781	2.737067	0.109033	3.386162	-0.776111	-0.482902	-2.338980	0.848907
-1.753635	-0.132232	2.953336	-0.938519	1.213422	2.976066	1.331220	-0.572279	0.813981	-1.214897	-2.563399	0.222529	0.474810	-1.418185	-1.974396	0.326986	-1.690154	1.964413	1.382985	0.727278	-0.485199	-0.785678	-1.183792	-0.282250	0.442159	-3.957249	1.739280	-4.579262	3.374884	3.817981	0.106222	-0.616646	-0.609892	1.677299	1.591523	0.067953	1.772891	1.373514	-3.033452	0.133063	1.747777	-1.190161	-2.664250	-1.617821	-2.706863	2.900578	-0.542287	0.072002	0.154491	1.544809
-0.018553	-0.054656	-1.850393	-1.943223	1.624022	0.844902	0.793344	-0.631194	-1.714353	-0.720310	1.131711	2.001308	1.265114	-1.669605	2.561316	1.906689	0.901145	-0.836723	-1.160743	0.156083	1.363486	2.446519	-1.583990	-2.163959	-0.366727	-2.793874	-0.552993	-3.574630	2.556108	1.346554	1.752478	1.159539	0.670362	0.145628	-0.881209	-0.079499	-1.157134	0.936015	-0.122575	0.382120	-3.151580	0.513430	-0.808608	0.817579	-1.690550	1.386796	0.965005	-3.118161	-2.588388	-0.341421
4.599715	-0.521209	-0.130757	-2.061821	-1.157409	1.451875	-0.420249	-2.659045	0.884097	0.476890	0.835728	4.064716	-0.300391	-0.321698	-1.554853	1.928979	4.639992	1.781583	-3.498840	-3.167463	-1.768703	-0.599602	-2.565258	-0.628556	-0.894327	-0.923489	-2.224986	1.198524	3.807074	-1.141369	-0.679312	0.764708	-1.244725	0.304274	1.302678	-1.241574	1.057383	0.902275	-0.398205	-1.265850	-0.696653	1.030404	0.868088	-1.042035	0.964889	1.166190	0.228390	-1.215814	-2.079982	-0.718008
2.884262	1.784275	-1.126419	-1.117657	0.585818	0.640399	-1.450290	-1.456379	-0.606364	-1.028079	1.639733	2.488952	-2.188063	-1.443190	0.697718	-1.248040	0.333978	1.123152	1.713661	-1.851890	-0.469305	1.821413	-2.315218	0.104350	-2.326813	-1.654668	-1.806969	1.206558	1.068202	-0.723966	2.070545	-0.209681	2.250074	0.664643	-0.245691	-0.905123	-0.192200	0.809650	-1.067961	0.310049	0.309084	-2.721562	0.757536	3.325410	1.158670	-3.490592	0.267631	0.570736	1.438597	-0.288981
-2.151197	-1.159068	0.708475	-0.532499	1.734917	-0.756384	1.200357	1.851692	-1.218184	-1.053884	-1.238105	1.632476	1.292691	-1.343049	-0.298295	0.679000	-0.325823	-0.694548	-0.558207	-0.201356	1.351561	0.238515	0.911451	-3.089805	1.774222	0.515152	1.295536	-0.035562	-0.986132	-2.061335	0.409564	1.834093	1.087089	0.344066	-1.393811	-2.306251	-0.144453	-0.064784	-0.266052	2.288068	-1.649318	0.393861	-1.529735	0.460502	-1.046230	1.893669	0.407243	0.698668	-0.801018	-0.129704
2.405897	0.421831	-0.915582	0.209643	-1.051823	3.138454	0.470535	-0.977058	-0.361010	0.620987	0.117717	-1.489842	-0.361041	1.150022	-1.516995	-1.350152	3.192252	0.671788	-2.629609	0.077420	1.490122	1.630230	-0.755359	2.146367	-1.239467	-0.950580	0.739717	-2.287524	1.682740	-0.452621	0.035659	-0.882967	1.110453	-0.605850	2.217258	-4.623046	-0.585542	2.681916	-0.565774	-2.407219	-0.760463	-1.114763	1.377034	1.958820	0.919108	0.831322	-0.974977	1.797584	-0.460873	0.622096
2.102436	0.175282	-0.668495	-2.817120	0.681980	4.323853	-1.335778	-1.758904	-0.416338	-1.362608	0.511361	0.292231	0.354199	-1.119157	-2.830905	1.568604	-2.871642	-0.559963	2.363014	-0.530526	-0.382157	1.515406	-2.008268	1.859766	-1.346862	-3.771706	0.770794	1.117792	-1.920182	4.005396	0.952888	1.260755	-0.097058	-0.835515	4.371856	0.587431	-2.297010	0.580755	-1.068126	-0.017576	1.133961	-2.525215	-0.329742	-2.168050	-1.415850	-0.053742	-0.257551	-0.349012	0.394707	0.263271
3.556841	-0.510676	-0.384867	1.877913	-0.116530	1.880295	0.522469	-0.492243	-0.116332	0.296815	2.963577	-3.197989	-0.274660	-0.185407	-0.518065	-0.567768	0.686349	-0.221280	1.278498	0.811511	2.519978	-0.092724	1.665439	1.000149	-0.180647	-0.950930	0.538948	0.267645	0.554249	1.712393	0.278138	-0.110814	2.302903	0.132288	0.319316	1.217610	-2.571339	1.437748	-0.896317	0.113258	-2.228646	-1.557434	0.419375	3.809333	-0.644943	1.647750	2.121647	1.153361	-0.979887	2.233296
-1.530440	0.301742	-0.478483	0.588827	-1.256329	-1.590192	1.283656	-1.525401	0.454115	-0.193318	0.211226	0.539040	0.201865	-0.053248	-1.087014	0.245010	-1.313016	0.088339	1.758610	-1.205249	0.319440	0.796584	1.588882	-0.366613	-0.446840	-0.346152	2.176843	1.094724	1.066983	0.926213	0.888413	-2.335480	2.383737	1.405311	-1.162267	2.245523	-1.876180	-2.208646	-0.000848	0.572456	-0.105452	0.915420	-1.497280	2.262822	2.119412	-1.856515	-0.868281	0.162916	1.157150	1.085871
2.075285	-0.991182	0.228598	-2.617948	-0.844630	0.532336	-1.768160	-3.128248	-0.908534	-1.088455	-1.511340	-0.531930	-0.280561	1.131980	0.651638	0.606543	1.623344	-1.145476	-2.061994	-2.785338	0.639744	-1.346470	-3.327739	-1.208465	1.306228	-2.845540	-2.772110	2.602573	-0.040203	-0.011834	1.880460	-1.719911	-0.271578	1.122819	1.594946	-0.694226	0.205596	-0.854385	-0.422835	-1.373223	-0.349211	-1.563450	1.288123	0.648881	-0.670728	-0.871649	-0.078543	-0.294712	-0.457789	0.170953
-0.748149	-0.371416	0.987780	-1.321417	0.264330	-1.373768	0.105750	0.043787	2.215571	-0.589528	-3.176790	-0.633140	0.579927	-1.214500	1.136761	0.981966	-1.690534	-1.759842	-0.001085	-1.542430	0.224836	-1.474984	-3.064988	1.150157	1.169576	-0.459621	-2.332662	-0.336013	-1.474449	0.053161	-0.038176	3.237545	0.050157	-0.753514	-0.891710	1.257649	-2.582625	-2.311317	0.454829	-0.101292	-0.284529	2.121021	-1.082453	-0.229610	-0.435355	-0.242330	0.978370	-0.194944	0.342073	0.276540
-1.809257	0.208783	0.773285	3.762906	-0.308091	1.154991	1.077216	1.576483	0.127426	0.546064	-1.202924	-0.807259	-0.782663	0.898811	1.730678	-0.348352	-4.247130	0.020529	3.928881	0.577488	0.251545	4.364982	4.058269	-1.655302	2.306656	-0.212778	4.204395	3.593184	2.393377	0.651804	2.393214	0.115860	1.134619	2.339394	-0.171326	0.920364	-0.348298	-0.650071	-0.800626	1.715791	0.611177	-1.261153	0.106341	4.675597	-0.341499	-1.228103	4.451387	-0.249947	-0.680880	-0.348353
-0.050395	-0.351689	-2.165303	0.209433	0.779460	-2.709486	1.176633	0.790512	0.671908	1.563487	2.213208	-0.119551	-0.899741	-0.154997	-1.421974	-3.223713	-0.484761	-2.089805	3.685397	-0.811967	0.582525	0.516945	0.240166	1.402172	1.458218	1.373926	2.373674	-3.870888	-1.681757	-0.359808	-1.076391	-1.998687	-0.577070	0.322215	-2.271557	-1.408337	3.817172	-1.250238	1.114601	0.477848	-1.598138	1.328569	2.326283	-0.834634	-0.037235	1.099584	-1.304321	0.905972	-0.717886	-0.118689
-1.623521	-0.163801	0.179679	-0.030533	-0.204402	-2.825246	0.463995	-0.314734	0.742591	0.838485	-1.697513	-2.848038	0.600413	-3.531839	-0.428142	-3.819505	2.257006	-1.408762	1.464856	0.974590	1.150051	-3.990208	0.143678	1.523114	1.363062	1.472901	2.014375	-1.163614	-0.311005	-4.211226	1.373662	2.358927	-0.261386	2.980127	-2.700862	-1.962622	-0.426242	0.401715	-2.033844	-0.109505	-1.474091	-1.326989	1.193236	-2.051931	0.762266	-1.511603	2.615058	1.656535	-0.408655	-0.336691
2.508254	-1.931924	-0.117327	1.784487	1.259173	1.412817	-0.903366	-0.885136	1.424380	-0.104208	2.795194	-0.599111	-2.047374	0.519298	-1.405698	-0.370690	-0.939194	-1.301431	2.258309	0.153920	0.121234	1.500533	0.800873	-2.635485	0.607179	2.610185	6.201169	-2.701500	1.857950	-0.974061	2.358313	-0.713516	0.439815	2.434719	-0.925515	-3.210626	-0.429274	0.368837	-0.119788	-1.898112	-0.862407	-2.753944	-0.881997	0.533684	-1.909754	0.057218	0.328951	-0.845334	-2.000371	-0.057205
2.361248	0.934945	-3.374106	0.655937	0.775018	2.034366	-1.456443	0.602956	-0.213340	0.083165	3.039782	0.868165	-0.484094	-0.301403	-2.299810	-0.932104	-0.926623	-0.179252	1.313351	1.936085	-0.609077	-1.414847	2.108312	-0.468119	-2.720690	-0.621818	1.410557	-1.019956	-0.255413	1.112864	-0.309491	-0.909067	-0.337153	0.682729	3.075625	-2.743217	3.267854	0.341662	-1.482105	0.283050	0.842101	-2.964834	1.577469	-0.870270	-1.281883	-2.126317	1.008480	0.088256	0.508527	-2.892211
1.065826	0.587409	0.547681	-0.538987	0.529000	1.463408	-2.286347	-2.828442	-0.454559	-1.280960	-1.054286	-2.378853	1.934084	0.630983	0.658811	1.286565	1.813196	0.273891	-0.596173	1.093676	1.259249	-0.427840	-2.513324	-2.239906	-1.372339	-4.527235	-1.914426	0.028300	-1.520067	3.736113	-0.750723	1.168128	1.113300	0.597307	0.606459	-1.806399	0.328736	1.917592	-1.479059	-0.566716	-3.823437	0.054186	-0.370739	2.450138	-0.809988	3.109113	-1.009813	-1.761045	-3.142763	1.623544
0.218336	-1.483864	-0.135633	-0.363297	-0.951869	1.114965	0.358334	-0.748509	2.150310	-2.191701	-1.178311	2.950929	-1.145229	0.597523	-1.103084	-3.546423	0.300183	-0.162691	1.751237	1.858486	-0.212307	-1.701544	-1.500923	-2.079017	0.261240	0.700455	-3.635102	0.020345	-0.114844	-1.876387	-0.941354	0.023682	1.107591	0.999901	0.708353	-1.368134	0.471266	-0.008965	-0.328446	0.935815	-0.856205	-0.807388	-0.595636	0.388659	0.363833	2.481346	2.794692	2.572030	-0.824325	-1.137777
-0.428940	-1.716171	-0.761131	-1.807303	-0.651873	5.292446	1.066843	-0.960528	1.308683	-0.466888	-0.972999	0.534938	0.360619	2.447665	-3.298499	-0.735304	1.012489	1.269735	-1.278430	2.086560	-1.069544	-0.898815	0.007197	-3.007281	-2.711181	-2.966768	-0.016746	0.648108	3.206330	3.663676	-0.075646	-0.309399	-1.573476	-1.550085	2.479008	0.698509	-1.037344	-2.355613	0.442402	0.037044	0.356990	-2.343577	2.848998	-1.963986	-0.400584	-1.239527	-2.287621	-0.451478	1.058029	1.341031
-8.014261	0.022100	0.123419	1.394247	1.231868	0.589856	1.360990	1.200098	-0.239231	-0.230249	-1.638618	-1.762644	0.768077	-0.479816	1.191478	-0.030214	2.842950	-0.495671	-1.154393	0.364558	-0.594815	-0.391401	2.748805	0.657961	0.505143	1.284508	2.603151	-1.925241	-0.297000	0.207789	-2.332951	-1.445714	0.146102	0.732834	0.362228	0.962721	-2.162856	-0.849941	0.759031	2.146514	-1.067319	0.147694	-0.380096	0.789768	-0.800165	3.391042	-2.925234	0.416729	-1.431794	1.622131
0.912073	-1.007637	-0.789090	-0.170940	-2.198836	-3.966127	-3.058000	1.420769	-1.541345	0.082200	2.347993	2.094158	1.157289	1.069546	-0.525330	1.898562	-0.931980	-1.876769	-0.306370	-1.743159	-0.900594	-1.077295	1.393961	2.396341	-0.023454	3.291798	0.802776	7.790971	-0.074735	-5.300286	-1.012052	0.364831	-0.864648	-1.622251	-1.897915	1.987133	-1.818547	0.718374	0.695434	0.583335	-0.801748	1.878285	0.469493	1.251168	1.038650	0.360276	-0.950908	-0.840480	-1.297874	-0.148058
3.469849	-1.277367	-2.314807	-0.200243	0.032866	2.830867	0.804946	0.290612	0.735375	-0.557083	3.383105	0.861858	0.032557	-1.008889	0.249640	-0.823460	2.644307	-2.913217	-0.929033	-0.887392	1.604768	1.780787	1.927483	-2.899751	-0.394034	-3.198232	1.923883	-0.872006	0.482692	3.732557	0.539469	1.445007	3.018098	0.164154	1.769087	-3.258378	1.878138	0.971784	-1.944309	-1.588835	-1.346855	-1.496309	-0.516797	2.398208	0.716935	-0.706173	-0.395133	-0.047116	-0.778104	-2.404831
1.680672	-0.439650	0.567474	0.771466	-0.207134	2.135113	0.846668	1.696809	-0.735877	-0.326075	1.047344	1.498378	-1.459791	0.521467	2.469387	0.313259	0.561628	0.064811	-1.115270	1.317262	-0.108394	-1.042033	0.539217	-1.157235	-1.300599	-1.284584	-0.714225	1.573017	-0.974392	-1.251591	1.877891	2.573575	-0.054213	-2.582832	2.835028	3.007515	-0.112094	-0.473019	-0.277432	0.117070	-1.923715	-1.606740	-1.511002	-2.853800	0.975652	-0.237059	1.178198	0.418425	-0.939402	1.250023
-3.782498	1.419016	-1.177393	-0.435516	0.372737	-1.278123	1.372551	0.619973	0.159025	-0.300305	0.300759	0.363242	1.407795	0.248736	-2.379539	-5.403182	-1.561384	0.934423	5.142309	-0.042061	0.064198	1.720348	2.251976	0.307883	0.406857	1.111031	5.128117	0.678868	0.333691	-0.303286	1.420954	-0.384917	-1.115511	2.755708	-3.303138	-1.538140	0.172698	-2.576934	-2.302594	0.403770	-0.133320	-0.760602	2.189618	-1.602402	0.355004	-4.871387	0.340042	1.533880	1.317791	0.249548
-0.336212	-1.201272	-0.326543	0.388917	-1.038494	1.570977	0.453775	-0.286290	-0.940366	-0.362789	-0.358341	2.118685	0.429005	3.292893	2.280234	0.263009	-0.237564	1.891206	-0.430010	-0.582296	-0.591353	0.824205	1.327820	0.918414	-1.448292	-0.530170	0.322373	2.609981	-1.669340	-0.193276	-2.510176	-0.776956	1.052535	-1.212785	2.131687	0.011642	-0.487113	2.017141	-0.410558	1.372223	-1.161425	0.778610	-1.110428	2.534524	1.566781	2.283350	-0.474501	-0.408786	0.087316	-0.885189
2.748833	-1.257895	-1.050850	-0.444466	-0.406532	1.936528	1.015014	1.742786	2.542621	1.009667	1.335940	0.557080	-1.248640	-2.593958	1.335369	-0.530951	-1.803393	-0.425654	1.716815	2.366902	0.521324	-1.538352	-0.698534	-2.615120	-0.428431	-1.885280	3.222455	0.353546	2.434104	2.045802	3.119052	1.353372	-1.291219	0.233606	2.193513	-2.276106	-0.354359	-4.307463	2.166292	-0.417968	-0.546499	-1.668064	-0.195395	-0.271005	0.260479	-3.706588	-0.124633	-0.724308	2.517770	1.049016
-6.272546	0.970177	2.584572	-0.021386	1.068947	0.083520	1.293223	1.495214	0.278901	0.527833	-3.747447	0.851836	-0.519181	0.646781	0.268191	2.367259	3.360278	-0.678237	-5.642179	-0.459958	-0.311989	0.191349	0.993483	0.188881	1.993044	-0.480441	0.651421	-1.898258	0.996158	-0.397378	-0.451349	1.133424	-0.468855	-0.025658	0.492329	0.737614	-3.058123	-0.670257	0.730232	0.540511	-0.711869	2.340747	-0.221172	-1.197443	-0.037405	-0.696052	2.453760	-1.794869	-0.941623	0.960710
-0.666824	-0.634264	3.220406	1.409894	-1.533095	-4.100335	1.172991	4.020646	0.601824	0.173542	-4.436580	1.144439	1.357343	-3.084291	-0.092858	1.685190	2.615176	-0.861880	-4.785025	0.081057	1.070729	-1.898035	3.056616	-2.126824	-0.849737	1.929154	2.121751	2.482706	-0.836178	0.218567	0.496091	-1.475905	-0.718693	-1.266820	-3.370615	-1.178917	-2.051794	-1.380005	-0.024696	3.307345	-0.988928	2.253958	-0.556572	-2.841474	-0.519337	-0.230087	-0.407664	-0.839109	1.504820	-0.867317
-3.864091	0.079161	1.294135	2.526223	0.331814	-0.446435	-4.623989	1.072347	0.224560	0.820974	-1.838595	2.411304	-1.447256	-1.434283	-1.469748	1.368477	-0.417423	-1.236447	-1.724203	-0.767883	-2.868667	-0.040370	2.182164	0.363120	1.914967	0.462781	1.920151	2.548916	-0.165788	-2.714145	-0.784293	1.896901	0.055230	-0.448228	1.186032	2.682914	-1.595850	1.464727	0.033468	1.556812	1.125103	2.289859	0.334271	1.885368	-0.917247	3.352716	-1.357099	0.108337	-0.733233	-0.138705
0.294144	-2.438153	1.011988	2.172262	-1.917497	0.159109	0.374285	0.935782	-0.415163	-0.612923	-0.957798	1.847626	0.568161	0.767200	1.603482	1.897640	-0.972926	-0.069880	-1.359592	1.074835	0.747273	1.375602	0.692687	0.816229	-1.484234	-1.379140	2.321077	0.303544	1.874154	0.624971	2.011657	-2.823576	0.498085	-2.420601	0.692246	1.114915	1.216048	1.840180	-0.646428	-0.382525	-2.418436	-0.037967	0.585367	0.901111	0.522992	0.692283	-0.381094	0.092806	-0.699094	0.021724
5.007596	0.483285	1.201346	-0.223669	1.025285	-0.278512	-1.390152	1.836687	1.339014	-1.027480	-2.764347	-0.718231	3.304647	0.030181	0.021067	0.638573	0.094722	-0.531273	-0.077804	-2.651802	3.259275	-0.802380	1.057248	-0.322506	-2.484705	-0.417680	2.257724	0.504632	3.089174	2.182054	-0.268169	-1.586404	-0.593305	-1.893777	-0.568631	0.508275	-1.043002	0.299243	-1.634399	1.643833	-2.098652	-1.859382	0.586534	-2.875244	-1.051278	-1.598680	-2.805617	0.900742	0.950713	0.711290
4.742212	0.017965	-0.593683	-0.335194	2.217629	1.102772	0.863009	0.565051	0.103036	0.998907	1.216783	-2.270697	0.578911	0.285542	0.803181	0.519352	1.022977	-0.735145	0.824801	-2.790006	0.413985	1.343577	1.207921	0.954342	-5.355095	-3.239506	2.284526	-2.256473	2.456087	4.149432	-2.516616	1.025649	0.689437	0.680785	3.078827	1.360691	-0.890406	-2.570226	5.057828	0.313175	0.643457	-2.488041	-0.046142	3.348380	-0.426084	-1.503493	-1.132187	-2.666563	2.506072	1.146135
1.331973	-0.866829	-0.749431	-0.645259	1.998423	-0.033570	3.982694	0.197013	-0.121562	0.188616	1.732204	-0.059164	-1.316406	0.873244	0.618456	0.875585	-1.491797	-1.649771	0.560743	-0.409710	-1.012607	1.160928	-1.307004	0.255138	0.594389	-1.251182	-0.990693	-4.733453	-0.489859	2.450417	0.135919	0.120292	0.061915	-2.008999	-1.057777	-1.940909	-0.716075	-0.823428	0.849865	0.929804	-1.173569	-0.170232	0.864817	0.508265	-0.982431	-1.356242	-0.761195	0.111705	0.450786	-1.404682
-4.526458	-2.027230	-0.196494	0.790017	2.398899	-3.129910	-0.549580	-1.781505	-1.164640	-1.262188	0.996070	-0.988833	0.166720	-0.731583	0.954547	0.627846	0.817544	1.621984	-1.196630	-1.273342	0.061042	1.467061	0.786146	-1.503666	4.501790	0.018066	-0.331022	-1.715472	0.034277	-0.173914	1.748031	-0.024444	-0.768148	-1.444363	-2.683896	-0.587182	-0.271349	-0.257717	-1.013418	-0.778735	-1.986116	3.805895	-1.382310	-0.798071	-1.512692	0.327226	0.663585	0.624352	0.385423	2.493516
-5.071168	0.609378	1.239706	-1.166851	-0.139240	1.245103	-2.410533	2.086393	-2.854513	0.729430	-1.302586	-2.015582	-0.877399	0.123348	-0.726820	-0.048542	1.208412	-0.825243	-0.922337	-2.010765	-1.065428	1.375821	-0.662219	-1.045173	0.813440	-1.389836	-2.515334	2.797275	-2.133750	3.833696	-0.843363	-0.577796	-0.358215	-0.509945	0.160477	0.279766	-1.070793	-0.398343	0.554703	0.716330	-1.834346	-0.032992	-0.623503	-1.865852	-0.049416	-0.139599	0.437018	0.535383	-0.956578	1.729962
-2.167437	0.678855	0.377195	0.677596	-0.704841	1.273328	0.925635	-0.677823	0.048427	-0.763461	0.831164	0.503724	0.420647	1.933353	-1.380935	1.214786	1.880638	-1.738979	-1.127705	0.439471	1.453968	2.746441	-0.325318	4.574645	2.684516	-0.576610	-2.778440	-0.137578	2.272389	2.973456	1.006247	-1.056066	1.120473	-2.501480	1.312147	1.142768	2.131269	2.159067	0.653111	0.893476	-0.552987	-1.293759	-2.250697	2.068564	-3.006154	0.467709	-3.934273	-0.398797	0.177691	-1.024340
1.245771	-1.339135	-0.893011	0.442582	-0.481883	1.046235	1.317313	-0.154174	0.486635	-0.222228	4.371804	-0.391504	-0.868249	0.654945	0.725722	-2.463511	2.125427	0.253024	3.323165	-0.179166	0.320920	3.750819	0.168959	0.506108	1.697963	-0.524503	-2.307960	-0.356268	2.018135	-0.251263	1.510478	-0.698976	-2.177976	0.112015	-0.868227	-0.978187	-0.238633	0.456639	-0.930976	0.963574	-1.935782	-0.565217	0.188917	0.204012	2.501079	-2.372964	-2.714752	3.356911	-1.191299	0.346224
-0.638717	-2.828851	1.401571	-2.042626	0.127783	-0.701507	-1.290243	-2.018550	-0.279211	0.642756	-1.624628	-2.311973	-1.101706	0.281681	-0.292144	1.330414	-0.658671	-0.260830	-0.957871	1.363240	0.876071	-0.163200	-0.655665	-0.465701	-0.929595	-2.310181	0.355886	-2.410252	-1.992818	0.727661	-0.556228	-1.007504	-0.242746	-0.500629	0.606881	-1.343453	0.668188	-0.163818	-0.835325	-0.134214	-2.772550	-1.806615	-1.700384	-1.578364	1.018492	0.942430	-1.287869	-2.431239	-1.022741	0.621484
1.938828	-0.351348	2.583994	-0.105055	-0.914487	0.444032	1.603589	0.553060	2.075452	1.121014	-1.047092	-0.918956	0.989413	1.297811	-1.842373	0.399158	0.890278	-0.501996	-0.435718	0.255171	-0.891235	0.633577	-0.291315	-0.023697	-1.511733	0.510581	1.913583	0.445726	2.048594	-0.128852	0.096917	0.168693	0.406963	-0.521666	-1.481208	0.850672	-2.030540	0.281875	0.967063	1.043862	2.794869	-2.329898	-1.984952	1.740391	0.973436	-1.261735	-1.518206	-1.518711	1.699701	0.409977
-4.331401	1.601247	1.573547	0.040949	-0.852217	0.347574	2.186101	2.405430	-0.071216	1.404681	-4.354871	-1.317279	1.829526	-4.096716	0.938969	2.892775	0.713026	1.154072	-1.287907	-0.675742	-0.235223	0.907141	1.110841	-1.139928	1.596245	-1.797937	-0.716061	0.162874	-1.965617	1.129987	-0.688887	1.010358	0.543720	-2.083940	-0.265033	0.338949	-0.468231	1.223151	0.405131	0.822675	0.464699	0.917101	-0.990205	-0.266628	2.370678	2.887809	-0.873661	-0.339267	-1.789624	-0.204790
4.920786	-0.493278	-2.424982	-1.993291	0.549187	0.535516	1.643942	-2.629076	0.050794	-0.763581	1.601872	1.256072	0.507159	-1.122038	-0.042892	1.148722	0.165992	0.209594	-0.860345	-0.802883	1.310635	-1.756437	-2.830466	-0.161687	-0.901787	-3.187457	-3.342315	-0.796826	3.054510	3.212788	0.904871	-0.990810	-0.397846	0.535630	0.381944	2.819380	2.858649	-0.676640	-0.547810	0.818967	-0.794503	-3.074582	0.904154	-1.082708	-0.934251	-1.224176	-0.166965	0.114684	0.110930	-0.271658
1.133859	-0.871527	0.856388	0.847667	-2.135818	-2.025769	-1.761257	1.961638	-0.160241	-0.982492	-1.332222	-1.729691	0.717502	1.351062	-2.523650	-0.250917	0.539348	0.674241	-0.109098	-0.997539	1.065552	0.377548	2.382675	-0.680135	-0.245046	0.111623	0.325529	2.910681	-1.233921	-1.876455	-1.048270	0.202917	-1.806429	0.836483	0.211091	0.172018	0.143924	1.721401	-2.387886	-2.340712	0.265455	-0.641200	-0.039903	0.024801	1.353225	3.106974	1.408514	-1.504123	-0.187760	0.991719
3.135181	0.754948	-0.474511	-0.743492	-0.616464	3.882188	1.731496	-1.308140	-0.868554	-0.100218	0.028426	2.361850	0.532940	3.338863	-0.786256	-1.435210	0.306705	-1.135025	0.989816	-2.158257	-0.010606	0.220754	-2.171919	0.715310	-2.018553	0.154627	-4.653486	-1.781802	-0.165787	1.989563	-1.084435	-1.458952	1.091250	2.806591	1.340052	-0.477343	0.605512	-1.812082	-2.529288	-2.480804	1.930883	-1.393715	0.726987	-0.613636	1.676502	1.192047	-2.203653	-0.980145	1.689908	0.151395
-1.077789	-1.437689	-0.777448	-0.187387	-0.274154	-0.789588	0.161235	0.701287	-0.464596	-1.041348	0.244324	1.429777	2.074229	1.283127	0.947099	-0.476305	-1.658689	0.200430	0.513631	-0.367150	-0.274832	0.488398	-0.684864	-2.418957	1.756845	0.210638	2.358241	0.764842	4.849429	2.424108	2.745926	-2.502917	0.325166	0.941232	-0.759890	-0.207014	-1.267672	2.986326	0.941122	-0.349288	-0.317523	0.091268	-0.948186	-1.574395	0.540141	1.498573	2.019080	-0.024882	-3.259765	-1.660445
0.536529	0.184010	-0.161223	-0.406186	-0.156459	-2.315594	1.474705	-0.532666	0.160732	0.715786	0.006771	-0.349469	0.416213	0.248325	0.349294	0.826069	-0.294314	0.364163	-1.222512	-2.193747	0.576213	-2.032177	-0.998721	-0.047440	1.904156	1.602043	-1.461034	-2.138332	1.166822	-3.367545	1.379042	-1.250119	-1.311830	-1.149677	-2.839171	-4.609065	-2.632240	-1.197722	0.392239	0.394869	1.881436	0.035880	-0.073329	-3.175642	0.023164	-2.225750	0.173039	1.389588	2.126321	1.608136
0.687625	0.301870	2.455603	-0.602091	0.242468	1.704389	0.364912	-0.919712	-2.131404	0.274799	-4.171593	1.424755	0.058574	1.062140	-0.711604	1.839073	1.486226	-0.816070	-3.064416	0.884467	-0.035636	2.821310	-1.612488	-1.917590	-2.520883	-1.541677	-2.992218	0.273988	0.930367	-0.738662	1.203513	-0.118422	-1.510868	2.025314	0.200923	-1.258482	-0.709189	-3.795273	0.493450	0.567380	1.129259	-2.806361	0.833700	1.251223	1.437229	-3.285917	1.113105	-1.640616	1.241139	-2.571362
-4.284999	-0.387207	-0.785391	-0.577311	0.968555	-3.373797	-3.101100	-2.246507	0.307578	0.947726	0.202641	2.464547	0.913271	-1.390960	-1.730619	-0.419118	0.279218	0.677884	1.000665	-1.608773	-1.186905	0.998492	-0.374223	-2.074225	2.326300	-0.294349	-2.041958	1.527384	0.817052	1.201528	0.193225	0.603317	0.989241	0.745250	-1.774041	3.078108	-0.531932	0.579846	-1.011052	0.035437	1.578984	2.757176	0.066121	-0.677598	-1.136485	-4.324126	1.770907	0.152300	0.892237	-0.318282
4.709236	0.199125	1.872253	-1.513785	1.345987	1.299086	-2.002863	-0.811466	-0.184546	0.932027	-0.350953	1.855447	1.390113	1.696797	2.354154	0.794106	0.572585	1.149499	-0.017419	0.475231	-0.281116	0.352142	-0.843311	0.778040	-3.376584	-0.992227	1.238418	0.206812	-4.053400	1.675004	-1.967706	1.525359	0.176055	1.774212	2.655569	0.482554	-0.801884	-0.052827	0.379288	-2.475834	2.165056	-2.251627	-1.027198	0.936914	-1.318584	-0.430070	3.472755	-0.842833	2.899454	-0.564158
-1.362999	0.236881	2.913679	0.389701	1.677452	1.935062	-0.204977	-2.070118	-0.068648	2.060921	-2.591232	1.136097	1.724502	0.450271	0.794055	2.293280	-0.069601	-0.622606	-1.070625	-0.014733	-1.304924	1.479667	-2.250741	0.769731	0.035999	-0.403254	-5.677840	-2.222225	-1.436428	0.674602	-0.956272	-0.090032	0.414784	-1.959351	2.819165	0.370083	-0.056072	-2.209880	1.022621	1.825321	1.447082	1.502821	-1.441546	-2.174092	-1.829572	3.137334	-0.779515	-1.909885	0.998209	-1.972693
2.453253	0.724861	0.042509	-0.330514	-2.151192	3.106357	2.809435	0.011170	-1.128761	1.575162	-0.310027	3.346006	-1.796175	1.399855	-1.909040	1.550465	1.260486	1.469412	-0.534112	-0.612494	-1.297364	-0.652711	1.758788	1.516148	-1.369081	-0.625282	2.108122	-0.368822	-0.561370	-0.342648	0.010705	-0.569914	-2.192827	-0.599578	1.966241	-1.791723	-1.375513	1.173680	1.661284	-0.374635	0.086327	-0.396223	-1.011209	-2.504779	3.734172	-0.392664	-0.504690	-0.654864	-1.236221	-1.404649
-0.362594	-1.601353	-0.241214	-3.326883	1.502866	-0.103026	-1.426920	0.121530	2.873142	-0.614422	0.205996	1.923152	0.404607	-0.221096	1.126943	0.991850	0.990351	-0.229622	-0.838707	0.648687	0.687246	-0.323932	-1.644850	2.267379	2.750670	-2.087982	0.480903	-1.236945	2.064803	2.085809	0.486844	-2.568382	1.407376	1.499645	-1.019919	-0.856371	0.089165	-0.044378	0.656788	1.419261	-1.819713	1.498977	1.321282	-0.328454	-0.735022	-2.464780	-2.767963	-0.189143	1.579204	0.658045
0.104272	-2.262479	0.460306	-1.698009	0.334709	-2.136441	-1.332116	-1.114696	1.181305	0.852390	0.124649	-2.561993	-0.571676	-2.605335	-1.805309	0.494936	1.893870	0.966597	-0.992174	-0.788623	4.505475	-2.207692	-0.169548	0.555927	3.178736	-0.545305	2.327873	-1.008255	0.240033	-0.800202	-0.058525	-0.726118	1.949297	0.783712	-0.479463	3.351588	-2.084419	-1.268174	-1.521363	-2.026642	-1.500790	2.119811	-0.170464	-0.439501	1.454474	-2.222031	0.931562	-1.111174	0.297549	0.923060
6.188990	-0.079071	-1.254003	-2.892560	-0.276876	1.474947	-0.393305	-1.262344	-0.708372	0.164059	-1.109914	0.878550	0.268105	0.795144	1.313606	2.804949	-0.127688	0.543912	-3.209981	-0.683892	1.899352	0.894896	-2.518580	-0.524693	-4.004812	-0.386798	-3.279103	2.560814	-5.108600	1.711668	-1.564057	-1.555132	2.469489	-2.904863	2.721616	-1.457891	3.039780	2.270306	1.046171	1.601556	-4.173558	-0.920619	0.724291	0.731218	1.260064	2.784396	-1.664199	-0.597055	-2.129576	1.484128
2.522516	-1.413951	-0.805019	-2.567615	1.905767	2.469951	-0.555660	-2.814658	-0.872051	-1.071332	-0.453359	1.485292	1.217705	2.857921	-1.902562	-0.929658	-0.564690	0.397685	1.747623	-1.700994	1.284839	0.989782	-0.754802	0.806864	-0.287823	1.303434	0.451058	-2.500028	-3.610656	0.125164	-1.573658	0.582871	-0.411100	-0.501666	0.479304	-3.072209	-0.604320	0.028646	0.890379	-0.316692	-1.624817	-2.185178	-3.593780	1.670445	0.008255	3.205689	1.063496	0.894100	0.136497	-0.795797
0.739521	0.215506	-1.456823	0.143992	-3.207975	3.411704	1.731807	1.352310	0.727435	-0.602548	1.109347	-1.429334	2.258302	1.523566	-0.440592	1.051947	-3.407536	-0.578265	0.665996	0.348490	-1.526484	1.978692	-0.760736	0.288006	0.888380	-0.821059	-0.841683	4.313424	1.867433	-0.361610	0.888204	-1.042747	-0.623634	-1.387156	0.795975	-1.395820	2.108732	-0.133873	-0.524931	0.011567	-1.019719	-5.845052	-0.046914	0.007698	2.238713	-1.000517	0.251767	0.108265	-1.442527	1.869717
-0.233912	0.380063	1.594033	-0.510136	-1.272007	1.773051	-0.361966	2.927474	-1.337432	-0.163083	-0.280333	1.444839	-0.904475	-1.762978	-1.921105	0.726840	-0.544892	0.030147	-0.500635	2.186744	-2.660686	0.550643	-1.738717	0.407339	1.697804	0.577910	-0.143219	1.816226	-0.213795	-0.571699	0.702886	0.196675	1.515000	-1.051447	-0.237328	2.855675	2.058595	0.714373	-0.440899	1.788906	1.086124	0.179526	1.088358	0.115222	-1.457709	-0.559439	2.512875	0.675571	-0.096844	-1.346719
4.651076	-0.119631	-0.230826	0.524903	0.534294	-0.086749	-2.087318	1.836136	0.385254	1.117138	2.099156	-1.136247	-0.233804	-0.039383	-2.617049	1.552865	0.152441	-1.485130	-1.460643	0.379611	-1.957196	-1.926630	-0.664792	-0.701166	-2.818234	-0.638392	1.612936	-0.157148	0.698550	-2.703791	2.849922	-1.023369	2.477077	-0.810138	1.148952	1.000995	-2.291609	-0.598189	2.202202	-2.348989	2.237830	-0.646998	-1.551510	-0.005527	-0.723309	-5.107749	-0.226548	1.753095	1.004423	0.476836
-3.170370	-0.272564	2.062616	0.653211	0.600539	-1.905181	-0.777490	-0.202521	-0.351193	1.827798	-2.609250	0.819784	0.743895	-2.084492	0.004852	1.295027	-0.509040	3.055521	0.858501	-1.452222	-0.469808	-1.342240	0.129419	1.000417	3.998561	-1.871439	2.928255	0.575104	-1.419493	0.854178	1.983197	-1.490092	1.505872	0.333365	0.262337	-0.423525	-0.828352	-0.465941	0.056693	-1.594155	-0.060353	1.179961	-0.626243	0.363986	2.061167	-0.914885	-2.570636	0.263934	-0.951323	-1.238827
-4.124624	1.253246	1.217637	0.353332	1.404151	-4.519885	1.532508	0.888584	1.850430	0.787860	0.189781	0.655326	0.289045	-0.251284	-0.444493	-0.904613	0.349912	-3.475000	-1.690065	0.881548	1.486025	1.667605	2.014715	0.667867	2.993405	4.980700	4.149063	-1.441067	1.285951	-3.383523	-0.859475	-0.920596	-0.120054	-0.863569	-1.400594	-1.150925	-0.003978	0.507963	0.264898	-0.857224	-1.708655	4.250650	-0.808985	2.538452	-1.560608	3.196180	0.016309	0.375662	-1.708357	0.814474
0.080273	0.050257	-1.390341	1.772832	-1.997418	0.567955	2.406241	1.189375	-0.709416	0.516968	2.196278	-0.224510	-0.750044	2.545801	1.367392	2.839601	0.328363	-0.870069	-4.796565	1.265007	0.400698	0.780113	2.032559	1.503744	1.229749	0.945203	1.507868	2.486232	1.307811	-1.413772	1.272832	-0.407965	1.023359	0.141023	-0.251406	2.413465	-0.224712	-0.152145	0.792819	-0.014493	-0.120562	-1.014132	0.809703	3.643759	3.495425	-0.555998	-2.143279	0.213280	0.568660	0.086259
3.041533	-0.156068	-0.981477	-0.749147	-0.534960	1.788558	2.213708	2.559443	-0.348998	0.588896	1.426521	-3.267698	1.231404	1.684416	-1.360700	1.345287	-0.288114	2.008852	-2.012996	0.945284	2.225711	0.342025	0.817641	1.176023	-2.939368	-1.771905	0.623470	0.670141	0.448615	1.617557	-0.486580	-0.359058	-0.594420	-0.764696	0.366137	-0.747836	0.337970	-1.260232	-1.005376	-0.129388	-0.147506	-2.953843	0.204398	-1.847424	0.034028	4.407208	1.408692	-1.110806	-1.556133	-0.847043
-0.248306	0.857332	0.129200	-0.090858	0.225118	-2.121680	2.713835	1.315764	-0.814124	0.184299	-1.209843	0.279795	-0.973455	-1.417783	-2.047443	-1.469614	1.929002	-0.972420	-0.133597	-0.961236	-0.971261	0.327313	0.595384	-0.967892	-0.842607	0.125130	4.930219	-2.742329	-0.055835	-1.084903	-0.517478	2.139942	-2.296167	1.758387	-0.595282	1.463492	-1.203952	0.328564	2.168002	-0.376570	1.399656	-0.985912	0.157183	-0.777522	1.309815	0.339675	2.313966	-0.274392	-0.915701	1.655551
-2.723066	-0.727783	-0.336803	-0.520290	-0.745059	-0.166512	0.933249	-2.519001	0.217782	1.349587	-0.534120	-4.094089	2.227025	-1.241952	-0.193012	-0.474327	1.647799	-1.122021	-1.605494	0.110711	0.722091	-0.020305	-0.183282	-2.629584	2.649351	-2.492777	1.766234	-0.107284	-1.236719	5.062824	0.897387	-0.813109	-1.139238	1.463430	0.047683	-0.987148	1.115654	1.507801	0.696331	-1.177326	-1.720117	1.701873	1.637935	-1.106578	-0.595669	-0.212878	2.121036	-0.619872	-0.569708	-0.915863
