X23	X35	X2	X20	X13	X43	X36	X12	X47	X27	X31	X16	X10	X7	X30	X22	X24	X26	X11	X41	X4	X33	X49	X46	X48	X14	X29	X34	X3	X45	X38	X1	X39	X19	X50	X18	X9	X25	X17	X15	X21	X28	X40	X5	X42	X44	X6	X8	X37	X32
-0.103228	0.391753	2.082691	-1.872853	-0.977606	2.696166	-1.315476	-0.027966	0.955668	0.051568	-1.630598	0.127839	0.777401	0.150414	1.502381	-0.404265	1.683642	1.538682	2.000030	-0.186352	-1.515734	1.068453	-0.656005	1.487035	3.553362	-0.128546	2.465007	0.647976	-2.979371	-1.254336	0.104650	-0.401617	1.085212	-1.181929	-1.024910	1.812165	-1.380458	0.710781	-0.317196	-1.600372	-0.540719	-0.327567	-2.770877	0.801260	1.742871	3.281025	1.642210	1.016081	-0.168131	1.339313
0.414014	-0.251977	4.851450	-0.325524	2.394806	-1.477205	-3.823496	0.214053	0.266486	2.821358	1.449071	2.133206	-0.981289	0.428871	0.512808	1.149040	3.212610	-2.466350	0.880066	0.226897	-1.168025	3.486268	1.908076	2.960338	1.000085	0.667516	0.730092	1.960840	-0.257431	1.235073	-1.144943	0.248706	2.083618	1.750296	-1.052471	0.691422	-1.303902	-0.469541	2.739983	0.606437	1.087754	1.698702	-0.579538	1.714766	1.180809	0.695695	0.002108	1.498989	-0.957645	1.251075
-0.750776	1.219521	1.917083	-1.866981	-0.174907	2.787590	1.672612	-1.038707	-1.738088	-1.336748	-4.201369	0.960333	0.278011	0.032793	-0.005377	0.534417	2.279185	-1.152115	-1.084106	0.796554	-1.676150	-2.195588	1.481762	1.047456	0.707989	3.511140	-2.136714	-3.974423	2.562028	-0.492714	1.463585	0.236332	-1.334194	-2.232063	-0.307619	0.886097	0.216927	2.716175	-1.400559	-1.824827	-2.602534	1.447016	-2.049063	-1.145592	3.653335	1.069919	0.511278	-1.708433	-2.935974	1.962888
-2.344092	0.042253	0.967956	-1.574021	1.245186	-0.651942	0.670312	0.560769	-0.179730	0.740100	-2.179813	0.596809	-1.191335	-0.203534	-0.372493	1.235737	0.754141	-0.349667	0.919412	0.085010	-1.151438	0.610502	1.051802	-0.989972	1.182198	-1.520590	0.012325	1.621179	-0.691733	0.353826	0.671758	-1.291230	-0.998220	-0.369603	-2.418660	-0.426028	0.758989	-1.248731	-0.727958	0.703081	0.785589	0.828907	1.181038	0.759666	0.459622	-0.532413	-1.908023	1.050577	1.475409	2.136605
1.779499	4.208533	-1.491041	-0.321776	1.327074	-1.052069	0.333312	0.186268	-0.191333	0.820450	-2.239404	1.236833	2.102725	-0.535791	-2.053673	-3.255372	2.020041	2.128012	-0.416235	1.312348	-0.660416	1.863261	-0.223675	-0.283018	-1.443683	0.353920	1.018590	0.301286	-0.545409	0.130477	0.217431	0.711184	-0.044525	-3.050494	-1.373735	-0.975007	-1.080970	0.487982	-0.617316	0.221923	0.286072	-0.744644	2.464030	1.108555	-0.814265	3.097996	-1.285519	1.851649	1.202361	-1.859501
-1.376030	-0.263596	-2.088027	0.491965	-0.370199	1.703502	-0.427052	0.281083	-0.928351	1.987753	-1.108499	-0.260323	1.028888	-0.478979	-0.478124	3.835635	-0.028459	-1.281093	0.079050	-2.851781	-0.058462	1.803688	0.716042	-0.081716	-0.064122	2.211621	4.340928	-0.280434	3.510843	-0.370084	-1.714026	-0.144024	0.187233	2.411009	2.155114	-0.312328	0.530268	-2.802154	1.264957	-1.886092	0.035437	1.640173	1.245324	-1.182821	-0.440596	1.745160	-1.699341	2.005342	1.160592	-0.742160
1.651249	1.130531	1.423141	1.427822	2.290813	-4.955651	-1.492262	0.921676	-0.138658	2.476259	0.037907	2.450580	-0.238612	-2.388560	0.038217	0.562211	0.610940	0.212661	-0.539612	0.085670	2.944201	2.888498	-0.754793	-0.019486	-6.638730	-1.607787	-0.967147	-0.928753	-0.365156	3.634528	-0.511864	-1.186892	1.036188	2.031454	0.804190	-0.386187	1.315451	0.085307	0.478586	1.645169	1.689158	-0.829492	-0.963406	0.036094	0.485403	0.322202	-0.889489	-1.087669	-0.988716	0.880331
1.333804	-4.555781	0.763453	1.666358	-0.593573	-2.689780	-4.720985	-4.694336	-2.524886	-0.104260	4.199877	-0.102036	-0.865572	-0.324409	0.985587	-0.756374	1.488601	0.746117	-1.677089	0.830279	-0.286932	-1.830805	-0.913762	-0.034905	2.750507	1.011152	1.838760	-3.139331	1.070007	1.011474	-1.520618	-0.313287	2.164128	4.653069	1.912045	-1.838996	1.143490	-2.114325	2.785919	1.300985	2.427305	0.641092	-1.926246	-1.530657	-0.238197	-2.107327	-1.543725	-1.059525	-0.383829	-0.985492
-0.803553	1.934795	-0.114688	0.679933	1.746655	-1.144244	3.800028	-0.376849	1.678991	2.255026	0.516919	-0.246296	-2.130355	-0.330427	-1.135755	-2.961268	1.339223	1.031669	3.460937	-1.706156	-0.380562	1.428720	0.843046	2.258519	-0.372962	-0.364058	2.697480	-2.569856	0.434809	-0.711430	1.075981	-0.439670	0.890345	1.668085	-1.191125	0.990001	-0.648297	-0.709297	2.517497	-1.281995	0.809461	0.164112	1.029504	-0.619049	-2.175678	-3.524809	-0.164116	-0.745415	-0.426928	2.771479
-2.387478	-0.612997	-1.959489	1.454259	-0.166482	1.199528	-0.745840	2.366928	0.463646	1.511015	-0.835981	0.517374	2.880839	0.123044	-0.863822	0.125411	0.661926	-0.694239	-0.966526	-4.854350	0.777059	0.746046	-0.551992	-0.130785	2.337123	-0.282946	3.643840	0.477584	-0.962262	-2.875329	-0.814696	2.431937	1.167919	-1.205553	0.713273	0.372569	0.695267	1.185214	-0.387886	0.300895	-0.318974	-1.478769	0.397829	0.781926	1.502163	0.168178	1.262518	1.186462	-0.009204	-3.405140
-0.270266	-2.133414	-0.298735	-0.421231	1.256916	0.619950	-3.724459	2.173161	1.445644	-1.394590	2.112140	1.092748	0.597254	-0.257180	1.881982	0.848880	-1.675982	0.279481	-1.614713	0.174583	4.334481	0.918086	0.813466	0.022421	-1.245930	-1.120086	-0.226528	0.340782	-0.884854	-0.288971	-0.010511	0.827089	3.774238	1.089092	0.185911	-2.504053	-1.710726	0.406302	0.163071	2.055717	-0.789284	0.409034	-0.234437	-0.594830	-0.623278	-1.253997	0.870906	-0.483954	-1.662311	0.208313
2.488914	-0.658630	1.054238	-0.303701	-0.095956	1.941222	-3.390525	-0.882640	0.258957	-1.500013	-1.604465	0.417166	3.154780	0.140851	-0.225237	-0.538525	0.721720	2.481991	-1.948398	0.230113	-3.147306	-0.549566	-3.931541	-0.100255	0.602540	0.255236	-4.683075	2.145567	2.089331	1.046418	2.213761	-3.252229	-1.653998	-2.309312	1.147256	1.138596	-0.933367	-2.185130	-1.617851	-2.931667	1.416758	-0.832577	1.410168	-0.237673	-1.111597	0.863444	-0.943633	-1.781295	-2.417451	-1.098909
-1.458919	0.943937	1.464389	-0.111745	-1.228169	0.517131	3.127816	0.572115	-2.426032	-1.956483	1.723255	0.039505	1.447782	0.347283	-0.750825	1.577417	-1.078175	0.735886	-0.587263	-3.239815	2.697405	-0.127441	-0.140120	-3.762912	-1.231948	0.568613	-1.073524	-0.390004	-0.758120	-0.807017	0.043807	-0.957281	2.646254	0.505576	-4.038819	0.053916	-2.237536	3.414756	0.336943	1.304322	-1.992477	-1.548833	0.651705	0.719193	0.514682	-0.521796	2.957281	1.298489	-0.224403	2.248872
-0.923143	3.947989	0.389292	1.812625	-0.953233	0.742594	3.310300	-1.981932	0.054059	-0.437988	-2.915401	-2.989899	-1.475391	-0.544167	1.069555	-0.436454	-0.854499	0.828391	-1.469717	0.687353	0.368344	-2.328703	1.555174	3.531597	-3.326914	1.083644	-1.262981	-2.191281	0.968959	-0.911867	0.371772	0.052556	-5.626003	-2.047521	-0.013569	1.097391	0.895853	-0.606491	-2.393033	0.614154	-2.084010	-1.374087	0.963230	-2.151783	-1.895750	-1.098045	-1.420953	1.875559	1.523457	-0.181646
-0.216471	2.223508	0.122775	0.521617	0.365607	-1.147865	-2.544596	-1.705803	0.144849	1.965863	-1.511015	2.462700	-2.892934	-1.604132	0.829074	1.766141	1.394370	-2.362721	-0.724816	0.432789	-2.518448	4.659832	0.243151	1.859802	-0.678696	-3.777537	-1.169718	-0.757121	1.135397	0.292534	-0.944109	0.265405	-2.078607	-1.199969	0.886253	0.152101	0.573340	-3.645606	-0.743985	-2.993774	3.049616	0.412339	-0.566497	1.151788	0.199163	-3.075422	-2.493654	1.118819	2.008180	-0.574914
-0.672680	0.128199	1.203007	0.821611	0.294253	-1.550192	1.318800	1.059613	0.357629	2.471117	2.666725	1.332709	-1.558008	-0.466326	-0.948429	0.780755	0.611803	0.031730	-0.812781	-0.109926	-0.107923	2.059811	-0.103849	-0.168741	1.775598	0.488936	-2.298942	2.877434	0.076800	2.654571	-2.406134	2.129307	3.767207	1.572614	-3.830917	0.082190	-1.783837	2.742045	-1.281566	-0.230493	0.041534	1.295298	0.770913	0.658128	-0.338128	-1.324011	1.645956	1.300981	0.943732	1.050438
-0.223922	0.301699	1.851483	-2.312247	0.820722	1.839537	2.095660	-1.748599	-0.162400	2.400136	-0.273802	0.704598	-1.636006	2.763431	-0.258107	-2.312620	0.331608	-2.094554	-0.408356	-3.011343	-0.963949	-3.199693	-0.391050	1.294356	0.564066	1.652380	-0.108060	-1.078945	1.279377	-0.752362	-1.209181	-1.083104	-1.261823	-2.285940	-3.827705	-1.363113	1.576091	1.382822	-1.069858	0.446081	-2.448996	-1.000147	3.089796	-0.522796	-1.304076	-0.255736	0.498264	0.752894	-0.846662	2.409537
0.873295	-0.997599	2.521727	1.939348	1.725805	-2.899038	-0.850598	1.732635	-1.033917	2.155940	-2.654299	0.919256	1.333556	0.895396	0.283148	0.664541	2.057230	-0.560800	-1.276547	-1.076299	-1.238715	1.668088	1.147744	-0.478263	-0.621773	-2.499952	0.316202	0.420698	0.901317	3.421743	0.980879	-2.574400	0.910244	-0.428848	-2.674307	-1.359249	-0.261011	1.080182	-0.807312	1.191918	-0.855209	-0.163055	-1.002877	-0.938297	1.061614	0.697540	-2.814423	1.103256	-0.355257	3.014375
-3.338710	-0.300251	-2.562864	0.158530	0.428884	-0.021411	-1.962701	-0.882813	-0.145550	-1.474409	-2.056144	-0.849179	1.656614	-0.247754	0.678450	1.616567	-0.541809	0.838412	-0.961643	-1.976456	-1.840248	-2.886001	1.235524	-1.858803	-1.580440	0.365978	0.929368	0.157877	1.369483	0.421824	-0.650967	-0.989950	-3.556617	-0.370724	-1.742098	-0.898066	-2.218592	0.507756	2.599729	-1.631137	2.190036	0.844303	-0.407227	-2.161358	1.892795	-0.480999	-2.067177	0.723374	-0.137879	-1.011926
3.790116	-1.220720	0.620122	3.162811	0.070734	3.608386	-0.829780	2.574106	-1.920168	-2.431096	0.244103	2.177112	-2.301052	-0.463948	1.469184	1.074123	1.690497	0.163979	-0.594997	1.734266	-1.848956	-3.340333	-0.790834	4.558108	0.045067	2.998126	4.510124	0.417076	-0.794293	-0.542075	-0.059662	-0.218413	-3.316122	1.173765	1.274674	0.522005	1.111406	-0.334847	2.191039	-0.867794	-2.098776	-1.055686	-0.691216	2.534344	-4.112986	0.902807	1.217335	1.258114	1.394120	1.465617
1.651733	-1.689807	1.783451	0.632567	-2.215625	-2.976209	-4.049218	-0.635052	-1.709957	-3.025859	3.472727	-0.598662	-0.303818	1.115569	-0.174514	0.017771	0.599375	-0.926745	-1.473379	-1.699398	0.021376	-5.409894	0.158204	3.201114	0.672367	0.661599	-0.132425	0.258475	-2.063464	5.937528	-1.188166	-2.976799	-1.362273	0.429576	-0.929908	0.175252	-1.108507	-1.404968	-1.097706	0.944194	0.767967	1.510870	1.448633	-0.093351	-3.843195	0.224194	0.900388	0.633678	-1.190604	2.616443
-0.710935	-2.790666	-1.736777	2.071754	0.737320	0.037204	-1.529663	0.564827	-0.981158	0.161261	0.972083	1.897333	1.397297	1.475877	2.752081	0.125206	0.552174	3.034959	-1.182972	-2.270053	-1.365609	-0.319618	-0.393085	-1.585797	1.631292	-1.035632	-2.227360	0.422470	0.469929	-3.944240	1.509309	-1.836949	0.404059	-0.077767	-1.260777	-1.047968	0.562975	-0.553336	0.188755	-0.566995	-1.794847	-0.787736	0.544140	0.129415	1.217455	-0.009338	0.274262	-1.468861	-3.099290	-2.636730
-1.353434	-1.117665	-1.785099	2.732593	-0.391377	2.798539	-2.271382	-1.320535	-3.054598	-1.015002	-2.264863	0.515566	0.362989	-0.360291	-0.071410	-0.036089	-1.003084	2.475062	2.868413	-2.453661	-1.920932	2.088040	1.048523	-1.133894	2.904546	-1.096025	0.680567	-0.333004	-1.500161	-0.587136	-0.218914	-1.038724	-1.070552	-0.015663	-2.572500	0.307838	-1.363591	-1.737892	-0.711515	-0.297016	1.158166	-0.572188	-0.350102	-0.226065	0.659800	-1.179255	-2.084221	0.852361	1.194155	-1.012576
0.783067	6.001054	-3.671196	-1.899439	0.079969	-1.348111	5.300860	-2.026309	-1.533770	1.604032	-1.044221	3.576123	-0.662189	-1.052223	3.231920	-0.294522	1.071826	-1.547496	2.060546	-2.251904	-0.303142	0.727824	0.147270	0.276874	-2.283981	-1.004961	-1.718945	3.312008	-2.174118	3.003521	-0.491600	-2.732359	-0.695197	-3.127855	0.979356	0.005590	2.499351	-1.932338	-2.904324	-1.517362	1.009683	-1.866982	0.967067	2.237110	-0.650964	0.338918	-1.693261	1.647250	2.361241	-3.227415
1.075251	1.070354	-2.640268	-0.032972	0.332872	3.561017	-0.648881	1.559584	-0.293781	0.371273	-0.981340	-0.213506	1.698475	-0.546692	-1.024686	1.196538	1.402874	-0.644268	1.112992	-2.794910	-0.396622	0.419133	0.541460	-2.529343	0.932138	-0.598142	0.947021	-0.969052	0.522203	-0.112291	0.496125	-1.146710	-0.492089	0.324876	-2.800949	-0.272164	-0.273732	0.931471	0.257976	-3.886383	-2.089906	0.785042	0.932123	0.146435	-0.290672	1.663633	-0.388644	-0.062080	-0.687379	-1.541783
0.648084	-3.134016	1.101987	-0.205550	-0.554762	-1.466806	-0.131979	-2.938235	0.791396	-0.870802	1.365257	0.949082	-2.389654	0.676999	-0.682572	-0.672395	-1.400048	-2.676267	0.329395	-1.367119	-0.084790	-5.088280	-2.308263	0.988542	1.234309	0.201578	2.651557	0.074247	0.422371	1.687767	-0.913700	1.715385	2.003876	1.212760	3.777233	-1.830648	-2.262793	-0.581094	1.723550	-1.494642	-0.540882	1.454722	0.573199	0.094394	-1.179184	0.237798	2.879864	-0.247942	0.357886	-2.002809
-0.069878	-0.328070	-0.520283	0.216113	-1.181979	2.755122	1.662330	-0.694375	-2.569254	-3.543074	-3.227709	-1.043541	-0.480521	-0.317221	-1.523279	-0.137546	1.147022	1.533125	-0.572025	-1.741737	-1.895302	-0.602144	-0.801573	0.378132	-2.168392	-2.339723	0.273771	2.697947	0.651627	-0.752004	-0.472630	1.927319	-1.079421	0.551556	-4.610884	1.149769	-0.189669	0.945975	2.448859	-2.594392	0.455507	0.941352	1.121433	-0.675121	0.210591	-1.332638	-0.283239	-1.042124	-0.731256	2.017262
-2.885253	-4.840515	-0.318992	0.830333	-1.265151	3.589984	0.077473	1.217221	0.516990	0.192917	-1.793029	-0.522683	-1.907952	1.444475	2.294918	0.495466	0.647153	0.242493	2.098099	-2.056039	-2.981505	0.787152	0.953010	1.541140	-0.597575	-2.371618	-0.062333	-4.351792	1.544721	-1.837943	0.863171	-0.924644	-3.841507	1.184298	1.379051	1.400371	-0.472035	-0.655338	-1.776520	-4.660440	3.161103	-0.120956	0.038511	-2.660859	-0.816483	-1.686651	-1.627161	0.053417	0.260164	-2.192999
-1.255883	-0.658715	1.695087	-0.722804	1.286076	1.882968	-0.631211	-0.623433	4.660703	0.083052	0.537274	-2.813769	-0.207417	0.567381	0.895039	-0.803267	-1.324369	1.393558	0.803723	-0.068005	0.363341	0.951793	1.489427	1.272033	-0.173614	-0.050971	-1.007131	-1.669354	1.381337	-4.531369	0.680748	1.633361	0.641612	0.910744	-3.311811	-0.935874	3.363522	-0.489108	-1.689976	-0.300130	0.226410	0.448739	-0.693063	-3.276414	-0.191531	-2.752754	-0.636525	-2.070011	-2.827696	2.477724
0.838436	0.558119	2.720917	1.692089	2.255643	-9.567578	-0.089434	-0.404067	1.209647	3.120872	1.248917	-0.779864	-1.459731	0.337138	2.780945	-0.484150	0.118917	0.846540	0.625475	0.589403	3.568246	-0.018956	-0.726918	2.828732	-3.340476	1.327252	-0.800048	0.999242	-2.632505	2.491802	-1.045096	3.130391	4.172317	-1.906337	-4.377637	0.646045	0.469306	-3.612824	2.365019	6.044280	1.007841	-0.170415	-1.103113	-0.552453	0.610943	-1.682173	0.072885	0.043232	2.321877	3.642094
1.297714	-2.642772	1.025705	2.269785	1.025572	-0.710007	-0.371207	2.345883	-0.561613	5.029499	-0.725582	4.863155	1.476202	0.033253	1.258634	1.404750	-0.158480	-0.783744	-0.434865	2.709806	-0.605009	3.094020	-0.364943	-0.703383	-2.659640	0.454832	0.867436	1.238546	-2.190422	-1.398681	1.195533	-0.384631	-2.165541	1.525667	0.165101	0.524739	-2.460597	1.205754	1.399635	-0.023073	-1.123414	0.533379	-1.797275	3.440215	2.342999	-1.310151	2.008657	1.430571	0.273185	0.296648
0.092864	2.099785	0.447008	-0.425309	-1.423904	-3.183814	-0.978828	0.080430	-0.541378	2.493605	-0.325515	3.015239	-1.301568	-1.534400	-0.008922	0.844674	0.560177	-2.148271	1.698107	-0.837863	1.950782	4.373686	-0.347806	1.414910	-0.153878	1.172933	-0.511212	0.212735	-1.639424	1.075905	-0.028558	-1.738853	1.612228	-1.391036	1.192167	1.423719	-0.785151	-1.236404	0.128007	0.104999	2.004834	0.235646	0.144912	1.547957	-0.951728	-3.408285	-1.441032	-2.475145	-1.131411	0.592467
-0.128197	-0.853535	-0.434129	-1.804280	-1.161745	6.394504	0.407681	5.826786	-1.596037	-1.039458	1.380547	2.295545	-0.886452	0.708387	-1.752641	0.066257	-1.063581	1.252895	2.319198	0.814810	-0.891947	-2.549218	1.662055	-2.905424	0.791688	-5.377728	0.962055	0.591922	-1.176875	-2.815660	2.605130	0.058231	-0.594510	1.705661	-1.599106	-0.895234	0.536831	1.931846	-0.070893	-2.595522	-3.706141	-1.712034	-0.904378	1.681520	0.994867	1.303593	-0.949723	0.484311	0.967397	1.331297
-1.074879	0.870021	-0.990446	-0.268585	-0.375549	0.992708	2.876373	0.819185	0.606830	-2.510768	-1.301419	-2.213467	0.452997	-0.690184	-0.620794	0.414946	1.697127	-2.012588	-0.250575	1.806359	-0.650083	-0.834699	2.968808	1.128857	-1.752401	-1.228902	2.607591	-1.680431	1.094883	0.411040	-1.645590	0.646250	-0.945253	-1.263663	2.614807	-0.479070	0.052677	-2.565298	-1.505565	-0.883979	-0.468756	0.010715	-2.189384	-1.947955	0.894150	1.999165	-0.196679	0.390135	0.833213	-0.220102
-2.401819	-1.224254	-1.576760	0.912341	-0.053937	0.864446	0.027695	-0.923148	0.504742	1.582160	0.439399	-1.991818	0.330887	-0.882749	2.002896	-1.820815	-2.951277	2.773354	2.064665	-0.392814	1.119088	0.471609	0.444533	0.982275	0.351638	-2.030433	2.361789	-1.851976	1.285934	0.059019	0.364106	-3.361863	1.534452	1.980169	-0.421205	-1.652208	3.094511	1.116636	2.356490	0.680729	-0.978760	-0.257343	-3.024850	-1.455910	0.963551	-1.775332	-3.436150	-0.894828	-1.366613	-1.893610
1.246245	1.529597	3.126617	-0.225155	0.808050	0.145388	0.753288	-2.288758	2.198723	2.263622	-4.351259	0.730060	-1.079716	0.370004	-1.989210	1.265561	-0.405715	0.793281	0.657623	4.688071	1.708755	2.781860	0.925228	-0.617765	0.839532	-1.172490	-1.336398	0.931485	0.181770	1.065998	-1.181564	-2.198982	-1.594287	-2.710800	0.227794	0.279546	0.340916	-1.002213	-1.284774	1.124139	0.893374	-0.636618	-0.366607	-0.672980	-2.096339	-1.255588	1.849453	0.822620	-1.117386	1.405380
2.588886	2.293174	2.917035	-0.815047	-0.158918	-0.866564	-0.071355	0.105308	-1.357643	-0.228877	-2.204662	0.680560	-0.075202	1.233431	-0.608269	-0.430852	2.194645	0.133196	-0.650523	0.320192	-0.224509	-0.381455	-2.123556	2.272736	-0.979809	2.175683	1.350154	0.997046	-0.006657	2.548041	0.184132	-1.712838	-1.426717	-2.733062	-0.178810	-0.125037	-1.251968	-0.368168	0.565678	-1.037743	-0.441483	-0.260290	-2.155511	0.015349	-0.521646	-2.448915	2.339286	0.071572	0.896614	2.053916
-1.196809	-4.457238	0.394122	-1.215331	-1.649631	-2.020851	-4.544299	1.835914	1.588436	-3.164477	1.831957	0.258239	2.265507	-0.001355	1.418194	3.317253	-1.440292	1.618779	-1.616876	0.170012	-1.389473	-0.975351	0.908935	-3.112611	0.630299	-0.084425	-0.046235	-0.965666	-0.899445	0.028550	0.211307	0.355102	-1.450298	1.462590	-2.869760	-0.761321	-0.022767	1.913223	2.261519	-1.487713	0.158171	0.662401	0.864279	0.111209	-1.130587	1.703592	-2.131974	-1.750603	-3.857439	1.315904
-0.836844	-0.962790	1.688162	0.967794	0.182426	-9.365591	1.271149	-0.171253	1.668804	-0.163852	0.411197	-3.249931	-0.605191	-0.378215	-3.329751	-0.255863	-1.129119	-2.744510	-1.697153	1.878130	3.408342	-1.019415	-0.959076	0.619690	1.247154	0.850509	0.435577	-0.818976	4.140401	6.685702	0.034776	-0.520084	2.802110	-2.043965	3.086038	-1.703703	-0.337178	-0.352354	-1.692721	7.661279	1.785780	1.059517	-2.285979	-3.562593	1.283877	-1.305957	-2.555334	0.570169	1.612235	2.017331
-0.718828	4.045150	-1.574277	-0.450602	-1.443485	-1.034071	0.936674	0.834351	0.100637	-3.251719	-1.750929	-0.907729	-0.198453	-0.489251	-1.503813	1.212818	-2.328681	0.870999	1.691553	4.372323	0.332247	-2.793174	0.304892	0.026577	-2.441597	-4.871997	-1.990318	0.989672	2.394362	1.210109	-0.288451	-0.577421	0.187013	-2.350394	-0.458452	1.137374	-1.343595	1.398174	-0.775934	0.741382	1.387276	-0.168360	-1.241983	-2.021510	-1.424826	0.240413	-1.040935	-0.862393	-1.872734	-0.082254
-1.333119	-2.017036	-0.366550	-0.666997	-0.868167	0.089988	-0.364191	2.414155	-0.193321	-0.851498	0.451587	1.270077	-1.148108	0.225770	0.201207	0.334198	0.888303	0.835141	1.179243	0.330311	-3.754222	-0.966912	0.882883	-2.963017	0.589859	-1.727650	1.358254	1.176241	-0.099184	0.338555	0.195471	-2.230026	-3.015741	0.151011	-1.636527	-1.510121	-0.525228	0.657802	-1.638889	-2.362968	-1.781544	-1.032687	1.119188	0.673778	-1.669327	1.362654	0.116509	1.677756	-0.015053	-3.289825
1.322661	1.679861	2.650647	0.015188	-1.059064	5.701618	-0.071921	2.740746	1.797551	-2.396501	1.898248	-2.326115	-1.725745	-1.065326	-4.287269	-0.985813	0.219769	0.327416	1.354167	0.365928	-2.826456	-1.230695	-0.364135	3.034867	1.868089	-5.324366	0.075044	1.903480	0.723154	-4.502986	1.274596	0.628524	-0.409023	-1.422013	0.631528	0.252674	-0.150022	-0.161589	-1.494510	-3.855119	-0.912098	-1.257852	-1.262368	-2.664256	1.266768	2.033571	-0.582289	0.324057	-0.930282	2.096178
3.610228	-2.033573	2.233104	1.725579	0.527646	-4.389952	-0.066392	-0.158696	2.315893	2.614946	-2.971078	0.187728	0.681888	1.017128	-0.926388	-0.705150	0.090338	0.089318	1.021524	1.041992	0.910952	1.734132	0.055972	0.872886	0.121610	-1.667142	1.521188	0.873995	1.804150	1.602035	1.091596	0.794431	2.089932	-2.157601	-3.064761	-0.777874	-1.500663	1.918672	-1.885755	1.722764	-1.796522	3.251416	0.019675	-1.461533	-0.238757	1.085572	1.134432	2.899178	2.728741	1.753432
0.852227	-0.696589	0.225653	1.727503	-1.674962	-2.993496	0.730829	-0.085401	-0.926842	0.423860	-1.374019	-0.805978	0.099890	0.388247	3.109915	-0.357299	-1.689734	0.162712	0.311131	-1.081554	2.831426	-0.010877	-0.072856	-0.524590	0.198160	-0.442089	0.939883	0.610136	1.107455	-1.362598	1.228851	1.856631	1.999941	-2.304634	-1.287288	0.389740	0.620435	-0.051303	-0.475324	4.074130	-0.659530	-3.026354	-1.419209	-0.902882	1.782262	4.075348	-1.591824	0.362665	-0.212340	2.377995
2.047480	-1.035094	1.475686	2.540436	-0.206737	-3.445880	3.085916	-0.462346	-1.465551	0.176598	-2.420205	-0.549045	0.926186	-0.354719	-2.458571	0.627122	-1.821631	-0.560342	1.174410	0.448146	4.088650	0.187912	1.607995	0.371978	0.126197	-0.901107	-1.539116	-2.695875	2.152815	0.783722	-0.307363	0.171337	2.226635	-2.418139	0.783736	-0.809212	-0.307464	0.386477	-2.227715	3.985902	-0.158507	0.457953	2.052574	-1.439302	-0.432527	1.123498	0.985589	0.305573	-0.108326	-1.444841
1.006936	-2.213749	-2.027571	0.624074	-0.291941	1.486099	1.810612	-1.247111	-0.677411	0.016028	0.422469	-3.173896	-1.955167	0.207379	0.606922	-0.336690	0.339122	-0.686642	-0.703107	-1.691069	0.710901	1.400279	-1.116107	-0.315591	2.206710	1.990865	-2.438515	-3.206299	0.327183	-3.545646	-1.625484	0.208530	1.666574	-2.389461	2.121086	-0.411985	-1.145916	0.486605	-2.009883	-2.232445	-2.027578	-0.603650	-1.340121	-0.976866	1.932354	0.849074	0.611261	-1.151685	-1.773600	-2.750137
-0.514307	2.234228	-1.143597	2.048365	-0.199750	0.589197	1.440865	-0.434769	1.720099	-0.131951	-2.364049	-4.875013	-0.234072	0.435307	1.432159	-1.499727	0.807217	-0.437203	1.726982	1.584494	-0.562990	0.784718	1.991344	4.233498	-2.959267	-0.984822	-2.589865	-1.857908	2.123002	2.677652	-2.090237	-1.062966	-3.574784	-3.381503	1.418312	-0.478762	-0.608108	-0.328874	-2.879649	0.965213	-0.070813	0.683035	4.442654	-4.624300	-1.403879	1.445230	1.582171	1.201214	0.097233	-2.938331
-0.392978	1.300471	-1.856337	1.002382	-0.526680	0.668694	0.113946	-2.579366	2.643653	-1.671249	-2.363627	0.652480	-0.500762	-1.406157	1.528412	-0.856937	0.089274	-1.170996	-0.309522	0.914028	1.665125	-2.224125	0.402020	-0.552776	-3.215993	0.334666	2.025108	0.856356	0.146928	0.527136	-0.586482	0.229844	-0.862594	-1.497184	4.929833	-1.560348	-1.138569	-0.324377	0.796190	1.057059	0.889858	2.009347	-0.479411	0.145017	0.548725	-2.785143	-1.670597	0.918277	0.196212	-0.965300
0.464651	-1.136928	2.911614	0.136981	0.677297	3.583250	0.523928	-3.516429	0.200391	-0.506070	1.832080	1.187918	1.323121	0.624615	-1.223016	-0.016443	2.096766	1.474117	0.272412	-0.560571	0.540244	0.378555	-0.683685	-1.071879	-2.051473	4.820414	0.260543	0.257906	-1.615704	-3.286116	0.574633	-1.920909	-0.656629	0.122611	-2.874315	1.140946	-2.134274	4.849876	-0.186943	-0.403370	-3.669913	-0.681806	-1.210400	1.677237	2.082779	2.616874	3.479007	0.234397	0.450810	3.461119
-1.891519	0.759547	0.715491	-1.423553	-1.901042	1.474101	0.607729	-0.771262	0.290792	-0.389871	-3.528988	-2.051411	-0.611724	0.493281	-3.608833	0.042290	1.925164	-0.159026	1.846116	-0.588955	-0.425648	-1.963934	1.931549	-0.758948	5.577460	1.312072	-1.985934	-2.307778	0.700440	0.087597	2.841494	0.146494	-2.292461	-2.706397	-1.949941	1.133162	1.604863	1.453625	-2.179404	-0.914603	-1.545969	0.423393	1.462827	-1.168314	-0.058599	3.763489	0.450165	2.082840	1.311449	2.828387
-1.222672	0.658078	-2.780454	0.591532	-0.988601	-3.716446	-2.224757	-1.530049	1.027649	-1.669460	-0.138474	-0.403045	1.704317	-0.812469	2.349793	-0.385032	0.115281	0.884062	1.305957	-2.021212	0.003833	-2.820069	0.888447	0.949095	-2.406770	-3.775707	-1.494403	0.732909	0.981000	-1.775102	0.781520	0.524224	1.971063	1.612788	-2.879069	0.635867	-0.244443	-1.664464	0.467903	-0.461862	4.258107	0.700431	0.518040	0.592385	-0.865694	-3.567830	-2.148921	-2.085582	2.148358	-0.988424
-1.352064	-1.980756	-0.278417	0.753096	-1.477630	8.750355	-3.880260	-1.125882	1.336752	-1.964137	-0.999218	-2.386053	2.232820	2.078387	-0.694471	-1.750791	0.670198	0.434714	-1.609170	-0.462603	0.253842	-1.979396	1.570702	-4.205617	2.776604	-1.164152	-3.135419	-0.371276	-0.292565	-9.020441	-0.124013	0.283922	0.990923	-2.127572	-1.849942	0.245509	-1.210882	-1.567926	-1.581459	-3.608881	-1.282463	1.834094	-1.543819	-0.844516	2.058009	1.127021	0.738545	-0.300414	-0.966624	2.292333
0.563646	2.424714	0.860585	1.032610	-2.251936	-3.993415	0.666076	1.833775	0.038103	-0.919024	-1.196967	-0.069618	0.456127	-1.431944	-3.356762	-0.409814	1.278696	-1.083691	-3.135564	0.402149	-1.914854	-1.359609	0.219121	-2.029875	-0.016855	1.162964	-0.665703	1.253981	-0.165422	1.810606	-0.311833	0.075544	-2.319049	-1.193845	0.339034	-1.054814	2.946925	-2.134378	1.794809	-1.406402	3.155271	-0.737910	1.282890	0.573655	1.630678	-3.633236	-1.224546	-2.021929	2.644127	1.172552
-1.437699	0.577779	-1.084991	0.629580	-1.077206	-10.476105	-0.274570	0.683131	-0.061338	-4.877362	-1.976127	-3.416161	0.181631	0.067467	1.588621	0.266345	0.577997	1.435455	-0.844825	1.925073	0.602554	-2.679227	-1.148557	3.169138	-1.109189	1.003330	2.046796	-1.331189	2.005263	4.622891	-0.151661	-0.454606	0.728492	0.171548	-1.342988	-0.072493	-0.886269	-0.161417	0.194675	4.442477	3.076417	-1.231320	-2.013958	-3.510660	0.885809	-2.096159	0.228346	1.882330	1.880329	1.427715
-2.898896	-2.559813	-1.559263	-0.629562	0.950567	3.744129	0.412050	-0.302548	1.047026	-0.389174	1.687110	4.124042	1.264460	0.564057	3.006197	0.007268	0.658667	1.355864	-1.041540	-0.908967	0.031711	-4.102953	-0.144642	-0.885417	0.578587	0.402177	3.659665	2.809090	-3.225824	-4.308698	-0.913573	1.346813	-0.214304	-0.254576	-1.266727	0.944475	-1.741100	3.545812	0.734122	-2.316956	-1.794877	-1.389589	-1.596875	2.919570	1.084373	2.537320	1.481507	1.492867	0.376960	-0.226603
1.929308	2.967024	3.037759	0.146549	-2.137498	-2.814201	-0.236992	1.126587	0.766110	0.413152	-0.693898	1.014869	1.401286	-2.090427	-0.193237	-1.041364	0.949699	1.744212	-0.367788	-3.939741	-0.592127	3.856572	-1.896863	-1.796355	-4.559661	-2.924611	0.986190	-0.433971	0.794344	3.084898	0.550371	1.181726	-0.903456	-1.603005	-5.637026	-1.106098	0.302472	-2.150583	-0.736427	0.667857	2.202964	0.529553	3.227996	-0.275194	-1.527335	-3.110834	-0.045534	-0.907999	0.206566	0.623951
-1.138862	2.333036	-0.297016	1.855957	0.209501	-0.109848	-1.707521	1.722110	-1.000619	1.131111	1.593167	0.784326	0.927692	-1.005437	1.103885	0.985793	-0.113119	-0.258473	-2.856822	1.662513	0.955432	2.320718	1.418449	0.359168	-3.045687	1.956907	1.209311	-1.594994	-1.010402	-2.152813	0.050035	2.440065	0.480122	-1.683512	1.794083	-0.891155	-0.095948	-3.229453	2.297858	-0.979364	0.226876	-0.553039	0.803826	0.505679	1.077301	0.777542	0.371139	-0.858114	-2.873933	-0.758818
-0.170540	2.921106	3.365271	1.468060	0.447024	-0.232695	4.393250	-0.916911	-0.594257	0.175833	-0.338938	-0.767993	-0.586077	-2.065576	0.413487	0.564875	0.369557	0.793492	-0.302629	-1.881825	-0.123828	1.453512	-0.365699	-1.133520	-1.433963	0.762246	-1.914385	0.679143	0.689217	0.954060	-1.776664	0.110293	0.351750	-0.989519	-3.492085	0.173505	1.204469	-0.860061	-1.339109	-1.308839	1.614196	-0.933267	0.908191	-1.281523	-0.992664	-3.066117	-1.009850	0.815361	1.042419	2.162151
-0.001697	0.982289	-4.036805	-0.346334	-0.638412	-1.542118	0.052105	2.948212	-3.861454	3.026635	-1.184561	-2.200846	-2.197300	-0.715583	0.339096	-0.397784	-0.025388	-1.115964	2.248074	-1.297462	-0.711911	4.618831	2.000504	1.581118	0.856724	-3.547328	5.141448	-1.094342	1.003395	-1.621564	0.731221	-0.877588	-1.293779	-1.003866	5.464771	-0.104226	0.615447	0.078465	2.914712	-0.904098	1.041299	0.418376	1.667107	-1.783190	0.391458	-1.046242	-1.192275	2.316468	1.609655	-3.908762
-0.556833	0.750515	0.242431	-1.696894	1.098162	2.361134	-0.125771	1.848016	0.904055	1.510058	0.928909	-2.129667	-0.273554	0.434882	-0.710622	-0.593421	0.068237	-0.186388	1.475331	0.973094	-1.226015	-0.964339	0.081513	-3.092632	-1.513139	-2.845739	0.687019	-0.539481	-0.164389	-0.460815	-1.046970	0.518052	0.606964	0.066133	1.735570	0.901726	-1.276853	1.653063	1.249303	-1.665468	-0.612511	1.140949	1.492457	0.531822	-2.749257	-2.726542	0.488419	1.273652	0.285269	-0.135536
-2.523817	-3.831946	-0.902931	-1.492052	1.469730	-0.513643	0.374023	0.365615	1.434885	1.473370	5.037678	0.250586	-0.224106	0.792288	-2.401497	0.628301	0.115576	-1.795756	0.043921	1.142288	0.018237	0.160247	1.631110	0.501620	1.634698	0.405444	6.654419	2.279526	-2.420578	0.196114	-2.341206	-2.106594	1.954127	3.097119	1.985485	2.558478	-1.602033	1.794482	1.343025	0.308760	-1.882379	-0.257711	1.358233	2.079011	-0.363210	2.513893	1.442858	2.603269	1.139355	1.384641
-1.282913	-2.836060	-2.365202	0.559972	-1.407276	-0.837859	-5.861639	1.419187	1.195076	-1.919934	1.677694	2.645237	-1.251653	0.238155	-2.470179	0.592041	1.347715	-0.072184	2.086833	-1.337526	-1.470581	2.035905	-0.186215	0.597932	1.900004	-3.533402	1.028979	-0.730778	-0.449731	-2.679960	2.508942	2.483845	1.530797	1.510619	-1.326689	0.511710	1.548894	-0.827025	1.572350	-1.381168	2.096426	-1.114983	-0.986766	2.166814	0.743225	-1.749941	-1.754450	-0.071583	0.265056	0.594859
-0.324734	4.807776	0.714076	-1.810627	0.992749	0.293694	2.224291	-0.340804	0.387957	0.925469	-2.763496	-2.085134	-0.009776	-0.024140	0.344109	0.566361	0.389736	-1.738639	-2.331617	-0.618225	0.809435	-1.330762	0.923316	-0.340789	-4.803979	-1.124217	-3.070269	1.487528	0.276527	0.136651	1.513481	-1.973296	-0.896747	-4.239129	0.286991	-1.067958	-0.545506	-1.840222	-2.067873	1.537022	0.714158	-1.792550	-0.643617	-3.562653	0.692891	2.033054	-1.055372	-1.101430	-2.455372	0.127637
1.770524	1.419727	-2.233723	-3.818081	0.104144	0.749390	-2.786230	0.642140	-1.318805	1.271911	-0.072796	0.592296	1.453660	0.299493	-0.086596	-0.606619	1.476299	0.732276	0.393965	0.292519	1.596858	0.760004	-2.630630	-1.807935	-0.977383	2.200258	0.299586	-3.228972	-0.974378	-0.591689	1.768458	3.478478	2.486699	-1.697235	3.171188	0.235275	1.729176	0.997354	-1.509865	2.026186	-0.875143	-0.070543	1.170365	0.132873	-3.193671	0.596067	2.891396	0.767944	-0.642483	-1.270226
-0.742154	-5.094830	-1.780018	0.669027	-1.506512	4.083446	-2.008460	-0.161351	0.170311	-1.480264	3.879631	1.244632	0.035731	-0.207857	1.519349	-0.993698	-0.047608	-0.189432	-0.218472	1.023462	-1.243700	-3.055524	-0.562992	1.565413	2.320848	0.539700	2.303315	1.457042	-0.886996	-0.864452	0.581039	1.373012	-1.063374	2.957447	1.220797	-0.066984	-1.284879	0.335969	2.339641	-2.215325	-1.748141	0.405666	2.637185	2.078147	-1.574882	0.518467	3.463193	0.246485	1.809890	-0.772955
-0.894342	1.890866	-1.306992	-1.240214	-2.935566	-0.600683	-2.989699	1.129278	-1.090866	-0.577723	-0.674787	-1.558697	1.046190	-1.179163	-1.606631	1.191877	2.253066	2.711967	-2.380998	-1.521974	0.464240	-1.042548	-1.267886	-1.155313	-0.986711	-0.359079	1.381805	0.580127	0.659753	4.864387	-2.091438	-0.829186	-0.954337	-3.034847	-1.581686	1.301451	-0.924904	-0.831318	-0.788454	-1.784182	1.949508	-0.649902	0.689493	-2.254481	-1.337494	1.478678	-3.507791	1.684558	-1.493831	-2.639764
0.137100	1.888472	-2.081216	-0.038229	-0.680895	-2.485803	-0.646286	-1.136554	1.527825	-1.149273	-3.122775	-1.720998	1.833575	0.602018	0.085013	0.255100	1.572605	-3.144036	-0.517582	2.062787	-0.402605	0.579139	0.035509	-1.880559	-0.709184	2.566671	-1.046089	1.459637	1.048703	1.559920	-0.568355	-1.511981	-2.958055	-4.106635	4.171807	0.209031	-0.796277	-2.997353	-0.289828	1.304529	2.508903	-0.881543	-0.015818	-0.334917	-0.789552	-1.374352	-2.520133	-0.060761	-1.710183	-2.738222
0.425906	0.303298	-2.810733	2.878884	-1.944810	-4.770618	0.662140	-0.114713	3.669569	-0.054163	1.883994	-1.349794	0.856991	0.316844	2.047329	-2.416157	-0.292263	0.813569	0.266643	-0.248159	0.389896	0.260784	1.699959	-1.043567	-2.983850	0.048088	-0.663228	1.085110	-1.110583	3.581159	1.465004	-1.376394	1.894248	-0.472806	-2.593426	-0.515923	-0.937721	-0.175075	-2.698832	1.383431	-0.301086	3.036459	0.211960	-0.827819	0.727375	-1.923205	0.817729	1.017246	-0.772356	-0.120184
2.029075	-1.947572	-0.456892	1.280652	0.551903	-1.916639	-3.132102	-1.307697	-1.700365	1.141519	2.128460	0.195991	0.938443	0.537177	-2.475345	-2.018005	-1.481876	2.093620	-0.398489	-0.111171	0.704626	-1.499575	-0.230316	-0.611802	4.031242	0.843408	1.986336	0.570419	-0.933110	0.735190	0.424827	-0.420678	2.843676	0.480050	-3.073600	-1.161710	3.121119	0.053551	0.192750	2.461131	-0.653377	0.110730	0.580786	-0.582339	-0.034639	3.091315	-1.050035	0.507347	0.600840	2.143592
0.276370	-3.651374	2.166444	1.303101	0.423343	2.274378	0.530951	-1.152745	-3.082382	0.591737	-1.635045	-0.719474	0.346407	3.005017	-1.134218	-1.689512	-0.868538	1.986939	-0.856560	1.621939	-1.289807	-0.414989	0.841795	-1.645760	-0.435219	0.358010	-2.242482	-0.615380	0.249355	-0.152224	2.039742	-0.172770	-0.857473	-0.960143	-1.166691	-0.109919	0.190683	2.206199	-0.989523	-2.409427	-2.871491	-0.282110	-1.630290	-0.921359	-0.669239	0.191050	-0.263144	-0.790241	-1.393116	0.911709
-2.052713	-3.073287	2.324556	-3.287283	-2.077769	-4.638946	-0.755601	1.420485	1.630409	-2.302716	4.845015	2.320263	-0.891894	-0.596661	1.794170	0.496913	-0.307963	-1.779600	-1.574046	2.000204	1.533256	-1.164453	0.024793	0.595591	0.203684	1.101654	-0.337689	-2.077782	-0.465434	0.959212	1.241449	0.550768	2.394726	2.759097	1.087906	-0.451637	-1.940607	-0.498501	2.029821	3.174738	0.026380	-0.725837	1.202498	0.825816	-0.536533	-1.467010	0.259986	-1.111787	-1.508040	1.416077
-2.756036	0.059011	0.817075	-0.245166	0.082054	-2.886130	-0.983670	-2.466697	-2.167916	0.711610	3.150896	1.001925	-3.551840	-0.546099	0.260635	1.134633	-0.247700	-0.174842	-0.182588	0.608675	2.532077	0.515817	0.149057	0.548652	-1.662405	0.000500	-2.442328	2.104163	-2.048734	1.862613	-1.098781	0.051056	3.940285	0.969001	-0.961423	-0.802654	0.942603	-3.335911	0.994369	1.480188	2.818159	0.147120	-0.043691	1.907067	-0.534851	-2.909378	-1.815126	-1.251098	-2.143647	0.334948
1.565975	3.329489	-1.683927	-1.411365	1.004987	4.790241	1.143921	1.579907	-0.605420	0.957795	-5.305716	-0.163983	-0.590023	-0.293895	1.773602	0.450314	2.603366	-0.163200	-0.057913	1.567340	-2.667640	2.861639	-0.311052	1.181683	-1.127654	0.459576	-2.711541	-0.566608	0.388310	-3.955074	-0.722107	2.195276	-3.650570	-2.019516	0.897021	-0.784536	0.303341	-0.412260	-0.484341	-1.425229	-0.387029	-1.040865	-2.566622	-0.223029	1.833877	1.739558	1.718474	-2.041889	-1.355275	-1.157067
2.442028	1.608128	-1.864307	-1.365435	1.693958	-1.529702	-1.124057	0.192972	0.261583	2.375377	-0.880260	1.036875	-1.668979	-1.492181	0.556528	-2.002286	-0.126541	-0.954709	2.938754	-0.244338	0.183235	5.097201	-3.677550	-2.823260	-1.300126	-3.610482	0.915632	1.432875	0.230078	2.212707	-2.300323	0.298089	-1.077573	-0.584892	-0.807065	-1.920962	-1.151280	-4.670497	-0.677067	-1.037522	4.059821	-1.144265	0.118323	1.751513	-0.698183	-1.986569	-2.309218	0.352713	0.209852	-2.098889
-0.379611	-1.227122	0.396820	1.238107	0.585458	-5.918377	2.922303	0.539472	-0.187789	-1.778042	-0.442866	1.852582	0.299794	-0.224481	1.681062	-0.357838	-0.008589	0.551729	2.556107	-0.433215	2.651818	-2.974628	1.716088	-1.358279	1.876283	-3.781893	0.329790	0.938473	-0.610104	4.361270	0.232411	-1.697004	1.768566	1.588271	-0.115384	0.101727	-0.441805	2.480065	1.939289	5.151242	-1.372801	0.517775	1.227379	1.537033	-0.088872	1.961385	-0.371825	-1.606825	-1.069388	0.183637
0.227819	-3.199754	2.010522	0.410611	2.342049	3.332139	0.586571	-0.174123	1.273886	-1.776791	2.239912	0.354926	2.107900	0.487689	-0.749141	-0.835908	2.574619	-0.265245	-1.967908	-3.015048	0.289548	1.414693	0.385902	-1.159352	1.885778	2.639929	0.170879	-3.548236	0.599816	-2.078990	0.660510	0.618731	0.743675	3.214275	0.600191	1.393911	-2.749173	1.495281	1.490699	-0.399758	-2.577479	-0.161963	-0.563432	0.266263	2.149194	-3.133648	1.960764	-1.302521	-1.562465	-0.972886
1.486699	-1.792167	1.711996	-0.686655	-0.241069	-3.865921	-2.718176	2.698865	0.395467	-2.100010	-2.722815	1.502606	0.682915	-0.830541	0.905456	0.324152	-0.622112	0.496207	-0.660188	1.200183	1.938124	-1.520453	-1.004371	0.772226	-1.398144	-0.162585	3.464468	-1.570146	1.578319	0.470940	-2.111163	0.136793	0.629852	4.136024	0.433692	-0.033329	-0.125437	-2.078844	2.358783	2.668669	0.381404	-1.377614	0.181200	-0.204725	0.660779	0.885777	0.351477	-0.358639	-0.264156	0.989653
0.800593	-0.386024	2.151472	0.568998	0.200829	1.562689	1.433759	1.927027	-1.935873	-0.108055	-4.503235	-4.934420	-2.518276	-0.128424	0.978695	-0.132086	-0.191926	0.757590	1.298310	2.013025	0.533161	0.852261	1.824654	-0.481947	-1.125131	-0.512688	-2.751411	-3.754462	4.340601	0.134413	0.303525	0.315550	1.390242	1.364854	-5.151172	-0.204042	1.375031	2.459335	-0.492820	2.316444	-4.665292	0.698378	-0.181824	-5.485436	0.041912	5.542153	1.608786	-2.702742	-0.816804	5.477933
-0.084632	2.030719	2.367957	-1.108773	-1.247959	3.912150	2.830101	1.272970	-0.187363	-0.964217	-2.934238	0.393006	-0.452573	-0.220293	0.060072	0.507138	-1.602874	0.753113	1.726892	-0.470937	-0.898815	-0.434290	2.326810	0.035299	-2.032676	-3.026646	1.759757	1.574766	2.995791	-3.578788	1.879059	-0.615054	-2.497354	0.230470	-1.973401	-1.963314	-1.149779	0.049589	1.901784	1.141697	-1.909212	1.388782	1.798581	-0.300816	1.104229	0.609847	-1.176210	-0.015377	-0.864639	0.611556
1.275006	1.274531	-0.163355	-0.232696	0.736367	-0.765463	-1.836049	0.596998	-0.147855	1.303942	-1.346480	1.112310	-0.682501	-1.221631	0.736433	-0.212829	1.047276	-2.457199	0.551122	1.878808	-2.095191	2.177826	-1.705156	1.057599	-2.997291	0.597946	-1.742198	1.516284	-0.894999	-0.699304	-1.281969	1.603488	-1.181308	1.858800	2.029676	-0.542310	-1.663987	-0.776449	0.181678	-3.379133	1.053299	-0.669630	0.301972	1.365598	1.664229	-0.268479	1.022362	-1.172675	-0.745260	-2.436177
-3.526277	-0.585310	0.011118	-0.363269	2.438451	-0.818366	3.246112	-0.564229	-0.081537	1.624632	2.525915	1.054496	0.473499	-0.435359	1.202760	1.451331	-2.694204	3.557494	-0.578534	0.822471	-1.065391	3.322397	1.798933	-0.113102	-0.186954	0.543176	-2.780773	-1.304959	0.506621	2.719204	-1.371615	0.204328	0.961333	1.465710	-3.994575	-0.372720	1.419901	-1.244897	0.782916	-0.167300	-0.242120	-0.577225	-1.025172	1.064403	-0.142782	1.909359	-1.396956	-1.793086	0.073714	3.701274
-0.276374	-0.998651	1.343471	-1.492945	0.253846	1.688821	2.223146	2.088693	0.251500	1.466442	0.764747	0.463133	-0.400049	0.100254	0.616467	-2.009688	-2.247118	-1.503221	0.934727	2.615244	-0.240583	2.245482	-0.590741	1.075827	-0.274239	-2.463018	1.153669	-1.755015	-2.188078	-0.668732	2.161135	-2.603310	-2.107029	1.750734	-0.230929	0.847895	0.070463	0.683041	2.825533	0.066883	-2.428379	-0.498219	1.218694	2.746395	-0.003629	3.612230	-1.597734	1.090716	1.177905	2.424059
1.148323	0.355613	0.091991	0.868180	-0.557769	-0.099587	-2.152028	-0.908288	-0.185581	1.038695	-1.761460	-1.468269	-0.085037	-0.654328	-0.870638	0.828535	-1.315710	0.584788	-0.547618	1.371710	0.688807	-0.171584	0.196656	-0.512522	0.923652	-1.715034	-0.619727	-0.182720	0.616722	-3.125997	1.196698	-1.439603	1.634852	1.393052	-0.704233	-0.627059	-0.047597	-3.909528	0.137297	-0.708079	2.160156	-0.491968	-0.007717	0.149089	-0.689403	-2.719974	-2.143023	0.382758	0.885331	3.188112
-1.601459	-2.150094	-1.749891	-1.383721	2.042549	-1.251573	-2.582168	-4.435278	-2.373437	2.758815	2.732904	2.370096	0.510568	0.476206	-1.161728	0.171512	-0.831040	-1.563457	-3.312462	0.985411	-0.037449	1.210303	-0.330658	-0.313285	0.823103	3.937309	2.288968	-0.563861	-2.465879	3.405752	-1.181026	-0.554615	2.673780	-0.049618	2.487323	-0.472195	2.123713	2.266985	1.938000	-0.760638	0.305659	-1.980340	-4.004036	2.754922	1.250176	0.717835	-1.190856	2.101515	0.489073	-1.234588
2.059817	-2.047692	0.321145	2.055281	0.412789	-0.997941	-0.951927	0.498723	-2.764557	0.734114	8.211663	-1.712279	-0.271528	-1.345680	0.092995	-0.874821	2.709875	0.893304	-0.261405	1.248525	-1.952728	4.000887	-0.605459	0.890937	1.105127	1.512738	1.807159	1.252302	-1.858116	2.380970	1.406550	-1.959796	2.110041	4.271967	0.151609	-0.622793	2.364242	-1.819276	0.788904	-2.122030	2.669291	-0.036261	-1.557365	-1.171690	-1.749243	-1.884050	-2.781138	1.636523	3.627058	0.802842
-0.443014	2.500582	0.310355	-0.023159	1.671448	2.458485	2.008027	-0.589561	0.675489	2.583903	0.001931	-0.888535	-1.334777	0.129364	-0.186004	-1.131271	0.605723	-0.821963	0.770810	-2.437511	-1.316691	3.264044	-0.125178	-1.302841	0.868261	0.730507	-1.455157	-1.939817	-0.804643	-3.016147	-0.995231	0.921841	0.234471	-3.365482	-3.441165	3.310470	1.997301	-0.262400	-3.385616	0.643222	-1.609322	1.563027	-1.383524	-0.010351	-0.642632	2.836428	-0.197099	0.336710	1.969550	1.897283
0.273982	-4.701524	-0.003149	1.770548	-2.864097	0.746741	-0.050931	2.963096	-0.208896	-2.377229	2.965159	-0.178037	0.908910	0.278168	-3.081560	-0.136375	3.687948	-5.986358	0.725370	1.572212	-2.220767	-3.929367	0.286448	1.238811	4.930047	-2.226575	-2.991526	-1.267613	-1.270463	-0.963513	-1.558485	1.792111	1.196206	2.413002	6.449386	2.010783	1.187098	-0.386408	-1.176052	-2.037339	-0.530403	-3.225826	1.053424	-1.221922	-1.398519	3.476841	-2.923903	-1.740151	1.951842	-2.687240
0.350935	2.559159	-1.256414	1.018277	-1.680672	-0.279715	0.908278	-0.498155	2.988850	-2.446502	-3.428738	0.596118	0.376328	-0.126514	0.916554	1.219730	0.021685	-2.138853	-1.131722	-1.242801	1.725753	-1.790398	0.165135	0.393873	-2.217191	1.798368	-1.771202	0.893325	0.681756	1.322329	-2.860389	-1.453643	2.853452	-1.705841	2.123301	0.175459	0.796321	0.801779	-1.947209	0.024818	1.111960	-0.973085	0.501553	0.338037	0.309552	-1.147698	-2.269420	-0.158329	-0.618119	-2.042969
0.776015	1.800878	1.175260	1.272577	-0.748447	-2.399447	0.896937	-0.722509	1.079856	-0.322283	-1.861435	1.142758	0.147687	-0.853324	0.245257	-1.652338	0.857222	-0.437743	-0.393591	-0.312106	0.699797	1.037817	0.491157	-2.259969	-1.224096	0.784756	-1.119695	-0.297220	0.379171	3.087984	-1.639128	-0.764898	1.652531	-0.743785	-0.814640	0.585026	-1.228994	-0.487717	-1.459812	-0.063116	0.320615	1.151150	-0.381095	0.570591	-1.792889	-2.012387	0.477171	0.503868	-2.746533	1.481104
-1.662710	1.037314	3.542699	-1.165344	2.167271	1.078327	-0.541847	-0.037003	-0.862153	2.349976	-1.459444	-0.031309	-0.881443	-0.242934	-0.595717	-1.792679	0.744537	-2.349261	2.803473	-0.833926	-1.311125	1.397226	1.822240	0.382897	1.292510	-4.462958	-2.469583	2.018551	-1.535638	2.967407	0.850462	-0.639201	1.193993	-1.371732	-1.171513	-0.410307	0.368581	-1.774002	-0.849004	1.412252	-0.757781	0.106285	-3.006814	1.156877	1.965734	0.747924	-3.447835	-2.253097	-2.764774	4.285361
-3.308744	2.650756	3.238058	3.727699	-1.769624	-0.980219	-1.653045	-0.240316	0.414379	-2.674936	-3.918294	0.189570	-1.800424	-1.616001	1.893202	0.162438	0.364330	-0.173714	2.838096	1.914068	0.811170	-0.510543	2.551327	2.727442	-0.308693	-1.186526	-2.121140	-1.372468	-0.415238	-0.167284	0.262767	-0.933238	-1.538226	-2.929518	-0.541361	2.056059	0.530905	-2.107362	-0.805160	0.684786	3.475416	-1.225460	2.485914	-1.148897	-0.024204	-1.142596	1.401107	-2.001489	-1.274179	1.075127
-2.810508	-2.299243	1.383987	-0.955739	-2.040535	0.360248	-3.530792	0.394351	0.447419	-3.611360	3.016734	-1.049541	-1.553489	-1.181173	0.478266	-0.392556	0.417862	-1.043868	0.904750	-1.594790	-0.904659	-2.759450	1.597617	1.538190	0.115673	-2.252131	-3.124373	0.949459	-1.073706	2.553596	1.312447	-1.426422	1.759166	2.333524	-3.583972	0.241593	-2.306066	-1.289017	-0.669394	1.015070	1.548679	2.357828	0.415614	1.488717	0.473207	0.100819	0.654695	-3.200879	-3.161981	4.257954
0.064209	-0.460279	1.126499	0.957190	-1.485271	0.842531	2.518624	-0.468363	1.965640	0.626029	-2.461795	-0.086260	-0.979416	0.704397	1.476590	0.042903	1.967886	-2.621567	-0.941372	1.575381	2.297668	-0.847611	-0.230379	-0.423394	-0.488346	1.160012	0.588275	-0.182101	1.692956	1.157769	0.177127	0.566575	2.243295	-0.149836	2.793866	2.503892	-3.371915	0.684551	0.641163	2.853201	-2.075787	-2.164259	-2.914764	-2.014313	-0.064703	-1.736055	0.770738	0.574361	0.392671	1.846372
3.194967	-1.288095	-1.257306	-0.278829	0.541937	0.902129	-0.070186	-0.650853	0.069528	2.462825	1.676336	2.854748	-1.699411	-0.018240	0.430051	1.091983	0.773851	1.926176	0.706416	-0.260911	0.098567	2.295243	-0.827233	-2.193266	0.880828	-0.815613	-0.120510	2.746810	-0.698045	0.889090	0.963592	-2.487443	-0.025112	1.047834	-3.283955	0.937513	0.257539	2.129754	-0.032782	-0.282609	-2.893195	-0.306341	1.168006	2.950113	-1.855108	1.285509	-0.870499	1.618498	0.954170	-1.556831
1.700922	0.594637	0.112582	-0.046140	0.433546	3.605949	3.835296	-0.735146	0.057798	0.280960	-0.286294	-2.258481	1.145419	-0.303446	0.362530	-1.465183	0.063201	-0.022359	-0.319467	-0.868068	-2.480908	1.489150	0.313310	-0.625939	0.024328	-0.146385	3.806629	-3.605634	0.965044	-0.892300	-1.631347	0.821629	0.407511	1.805225	0.334418	-1.846308	1.095570	-0.071091	-0.594436	-2.913415	0.315531	-1.362216	-0.411643	-1.357272	0.056024	1.950358	-2.585783	1.956660	0.725792	-0.721307
2.043356	-0.625536	0.521478	-0.059378	-1.844400	-0.686659	1.892991	-0.328864	-0.984206	1.601972	0.044858	-0.307449	-1.859550	1.371666	3.610189	0.989589	0.461918	-1.129709	2.314443	-0.167427	1.450395	-0.061560	-1.559256	-0.428182	-3.389832	-0.747945	1.108479	-0.264608	-1.262651	-0.750086	0.356490	-0.536092	1.880933	-1.022032	1.785328	0.674949	-0.043820	1.996948	1.282888	2.702380	-1.908655	-2.443896	-2.237882	-0.749623	0.631797	4.841574	-1.357906	0.848645	-1.691163	-1.423483
3.888261	1.339241	-1.269119	-2.057352	-0.839205	-1.953503	-0.238366	0.503173	1.017802	1.135267	0.633539	1.685903	-1.647405	-1.231090	-0.817365	-0.362888	-2.063078	-0.077988	1.286308	0.179733	0.794245	1.543898	-1.255190	1.171507	0.877859	-1.267338	-0.429795	1.003434	-2.671412	1.567864	0.230189	-0.832591	-1.460280	-2.026241	0.617434	-2.188398	-0.951236	-0.916336	1.457878	0.301189	-1.233916	-0.513779	-0.321425	2.980640	0.611311	-2.894279	-0.575083	-0.556272	-0.883685	-0.013318
0.283601	-3.673434	-3.422176	0.581402	0.770298	2.688387	-0.615830	-0.758084	-0.132928	2.650791	-0.122670	1.283250	-2.708164	1.267077	-0.798360	-0.231614	-3.036688	1.696234	1.495852	-1.287674	-0.249771	0.304798	-0.431862	0.241338	2.417148	1.876010	2.455749	0.408471	0.902445	0.016423	0.876659	-0.690602	-2.534854	4.427838	1.484922	-2.012548	0.429491	-3.723153	1.021198	-0.718025	0.287720	-1.724160	0.683966	0.150149	-1.194006	-3.844203	1.933087	1.957780	1.286166	-5.288189
1.265640	3.526802	0.436129	-2.657370	-0.217408	2.310839	-0.412234	-2.847367	0.359676	-1.488004	-3.878424	-1.454825	-0.722994	-0.156035	-1.397908	-1.580926	0.631476	1.723288	0.604800	-1.349302	-1.549865	-2.688074	-0.291953	-0.215026	-1.778427	4.424880	-1.349477	0.362453	0.255429	-2.717062	-0.022469	-0.999087	-2.030722	-2.726914	-0.965808	-0.087074	1.373464	2.574847	-0.959519	-2.983548	-1.779436	1.838008	-0.391400	0.042568	-0.749227	0.041021	1.264355	-1.021123	-1.970409	-1.884999
1.802348	1.258520	-0.092393	1.558921	-1.097829	-4.547437	2.622022	1.085865	-1.425448	0.625202	-1.751869	-0.243714	0.394463	-0.023612	-0.363249	-0.935099	1.901991	-0.243897	-1.757393	0.579863	1.300358	-0.893978	0.558209	2.532045	-3.202582	1.690627	0.935679	1.781758	1.323640	1.731165	0.352001	-0.061677	0.821782	0.211604	-0.634239	0.995818	-2.015081	3.383996	0.036911	3.533026	-0.201248	-1.715589	-0.636816	-0.469718	-1.087670	1.938870	0.056518	1.840268	0.980512	-1.073729
