X8	X29	X43	X31	X5	X17	X6	X47	X35	X9	X39	X10	X30	X22	X13	X24	X48	X32	X4	X42	X50	X27	X41	X36	X38	X21	X33	X18	X37	X19	X34	X12	X20	X49	X14	X7	X45	X46	X23	X15	X44	X2	X16	X11	X40	X26	X25	X3	X28	X1
-1.129485	-2.233840	-1.046087	-0.099583	2.113087	1.463620	-0.677131	-0.415938	-0.400812	-1.327963	-0.262334	1.193679	0.014838	-0.468733	1.100449	0.365252	-1.622755	0.029781	0.909428	1.091200	2.020279	0.284014	0.391331	-1.265778	0.359584	-0.590404	0.310410	-2.155414	0.904182	0.591880	-0.472612	-0.099218	2.163108	-0.975388	-0.592573	-1.109167	0.872964	2.267735	-1.436479	1.381546	0.365429	3.762744	-0.093608	0.942064	-1.506811	-0.563316	-0.065946	1.640005	-0.191152	-0.541183
-1.116247	-0.762041	2.304022	-0.192089	0.739237	-1.495772	-2.221228	0.978177	1.063967	-2.290981	-1.296854	3.974233	1.119171	-0.727182	2.192206	0.029449	-0.695555	-0.072895	-1.579379	0.956897	-0.380718	-0.453564	2.292355	0.330253	-0.177068	2.261601	-0.557577	-1.521065	-1.152039	-0.336695	1.745103	-0.098250	3.082060	1.510547	0.142028	1.686207	0.103044	1.097663	0.699347	-1.283262	-2.107661	-0.400783	0.476278	1.684667	-0.742750	0.967039	-1.172088	-1.940177	-1.049589	-0.649831
-0.424943	-0.290201	-1.587093	-0.169358	-0.248173	-0.504352	1.244939	-0.402726	0.166115	0.506180	0.870887	0.169480	-2.829619	1.573481	-1.239043	-0.198459	0.950536	-2.061863	1.007783	-0.816685	-0.186598	0.410558	-1.368757	-1.600148	-0.087953	-0.041409	-0.300436	-0.661025	-1.426696	-0.699854	-0.333182	-0.991462	-3.316524	-0.868116	2.088134	-0.250059	-0.347098	0.676085	0.365588	1.970934	1.780714	1.420824	2.086687	-1.520265	1.216035	0.261689	0.364212	-0.950632	0.136680	1.098981
0.163513	-0.971794	-2.155836	0.727846	0.232353	0.379498	0.669748	-0.255329	-1.039451	0.722387	2.605231	0.199877	1.382812	1.508297	-1.149206	-1.301244	-1.828791	-0.123271	1.281140	1.725882	1.643970	-0.399641	-1.145716	-1.734535	-0.576432	-1.096348	-0.149174	-1.283557	1.271579	2.012498	-1.087943	1.717968	3.067940	-0.980251	-1.106566	-2.187173	0.458934	-2.339269	-0.452887	0.018746	0.658885	-1.512216	-0.920171	-1.134213	-0.436043	-1.016008	1.115553	-0.529498	0.354122	-1.076270
1.696393	-0.783177	1.986688	0.413095	-2.170105	-1.596426	1.903430	2.052115	-0.594539	0.759267	1.324938	2.883781	0.373511	1.129436	0.133468	1.436756	0.671748	-1.318660	0.511875	0.086310	0.765993	0.181005	-1.552496	0.767201	0.483647	1.752529	1.075701	1.549789	2.091397	-1.330003	-0.341737	-1.460084	-2.794267	1.261295	-0.794590	0.313365	-0.528518	-0.474140	0.461495	0.110388	0.331230	1.178967	-1.786490	0.573965	-0.391772	1.105065	0.440492	2.588514	0.388568	-1.374275
-3.578208	-1.246665	-1.033964	0.545976	0.893005	-2.048000	-1.386752	0.016671	0.380635	-0.920029	0.048880	-0.013635	1.827920	0.083455	-0.170071	-1.863412	1.927542	0.100374	-0.833135	1.283877	0.140621	0.329275	0.086828	-3.596713	-0.574838	-0.262380	-0.833417	-0.335591	0.633471	-0.424075	1.192377	0.936651	0.802580	2.145904	-3.182445	-2.285130	-2.550504	-1.473435	-0.066652	0.454055	-0.626574	-1.777359	1.241361	-2.106838	-1.148089	-1.825698	-2.365954	1.205758	-2.332176	-1.801732
-0.244889	-0.411963	-1.469952	0.936043	0.718937	0.257628	0.294723	-0.063255	1.464667	-1.213918	-1.687575	0.727342	-2.033260	2.254925	0.430850	0.876684	-0.449713	-0.391364	0.688467	-2.551991	1.688580	1.627591	-1.165941	-1.069048	1.127737	-1.554457	-0.521010	-1.186405	-0.829767	-0.098936	-0.585535	-2.355683	-0.160980	-0.840354	-0.147797	-1.617026	-1.205082	0.542712	-0.038756	0.132722	-2.344493	-0.217244	-1.125805	1.993842	-1.342295	-0.512340	0.646092	1.832134	-1.782209	-0.057667
-0.528421	0.198997	0.972886	0.116390	1.811999	-0.167607	-1.380497	3.753985	2.490177	-0.731587	-3.077234	1.516173	0.394064	-1.109237	1.798883	1.061361	-0.340574	-1.080432	-0.750285	-0.932400	0.728629	-0.978270	2.215124	-1.186148	1.335856	1.565973	0.360289	-1.473870	1.289332	0.188583	0.241777	-1.567108	-0.404640	2.186718	0.190668	1.757109	0.324562	0.052502	-0.970012	-0.317437	1.213346	-0.020979	-0.366992	-3.263235	-0.926667	-0.456682	-0.188526	0.941614	-0.887504	-1.040388
2.121494	-0.311429	-0.208825	0.859978	-1.182666	-1.117639	-2.057931	-0.874864	0.760599	-0.152158	-0.064146	-0.436262	1.626334	1.851321	0.578129	-1.221088	-2.874956	-2.191846	0.890199	0.632194	-1.873183	1.302052	-0.141642	1.373670	-0.435509	-3.124660	-0.759612	1.742986	-0.431591	-1.934079	-1.371493	-0.126382	-0.188873	-1.650677	-0.378001	-3.016660	1.153935	0.398501	-0.928699	1.143937	-0.375189	0.718852	-0.606940	0.724181	-0.388028	-1.427352	2.224263	-1.272067	-0.661189	0.594585
2.124570	-0.018464	-0.476041	-0.080215	-1.614531	0.504870	3.088104	-0.766598	-0.519590	3.329147	2.692812	0.002739	-0.290294	-0.109347	-0.211182	-0.310826	-1.830092	1.865307	0.779372	1.610069	0.488427	-0.034101	-2.567397	1.319189	-0.843661	-1.090781	-0.229531	0.283653	0.754556	-0.586866	-1.236488	1.567643	0.965361	-1.170175	0.181621	0.021946	1.969771	0.671220	-0.331820	-0.865233	2.678121	2.183792	-2.274975	1.926673	1.528756	0.837820	1.430162	-0.579043	2.293285	-0.350179
-0.085653	-0.048583	1.971398	0.449000	-0.802572	-2.496108	1.318228	-2.152278	-1.455238	0.801393	1.521717	0.269205	-0.595433	-0.339888	1.207218	-0.341470	3.465412	-3.598040	1.020163	0.498404	-0.979370	1.646519	-1.365976	-0.331139	0.569972	2.998686	-0.678644	-2.058999	-1.536689	-2.380833	-0.237388	1.374801	0.556888	-1.817511	-0.541695	0.609827	1.599198	-1.221542	0.467810	1.835838	0.286525	0.100266	-1.170220	3.833350	0.560642	0.363399	-0.159817	-0.670125	0.951066	-1.356215
-1.690594	0.226187	-1.866125	0.494507	-1.046085	1.401766	-1.391684	0.407245	0.578799	-0.494400	-0.845721	0.811963	-0.216258	0.848453	1.171802	-0.403433	1.559264	-0.166412	-0.447081	-1.011529	-1.419197	-0.234217	1.277493	-1.276736	1.099355	-2.475894	0.493309	-0.892088	0.994888	1.377408	-3.795767	-0.220152	1.698086	-1.402567	0.590085	-2.286040	-0.591921	0.657108	-0.277190	1.765480	-2.071199	-3.326852	1.764095	-0.685177	-1.394390	-1.346170	-0.643114	-1.825803	-0.789818	0.833655
1.628707	-2.834115	2.172389	0.309707	2.851675	1.005225	1.591832	0.284208	0.334833	-0.351679	-0.362488	1.678992	0.458000	-0.166953	3.319395	-0.981784	0.143189	2.778582	-1.955480	0.881242	1.190347	0.886758	-1.590429	3.721718	-1.328657	-1.246418	-0.125577	-1.195537	-1.416038	-0.991162	-0.699824	-0.277585	-0.502151	-0.644161	0.471589	0.113234	1.218240	-0.532286	0.478371	-3.018820	-1.300923	-1.673059	-0.815895	-1.860508	1.078916	-1.318054	0.486833	0.320093	0.501555	1.436483
1.298710	-1.383880	1.035209	-1.714473	0.553007	-0.427823	-4.797639	0.977730	-0.488009	-3.228004	-3.316128	0.118661	1.356579	-1.501357	0.554623	0.710453	1.679387	-1.919583	1.640983	0.289790	-1.204352	-1.531299	3.955678	1.134435	-1.589113	0.386217	-0.344238	-2.095834	0.921026	-1.157995	-0.424071	-0.492078	0.231675	1.182519	-0.805268	1.812087	3.320520	0.497574	-0.461440	1.539325	-1.248863	-0.207603	-0.476246	-4.726758	-0.383450	1.189778	0.225841	-1.147268	0.657017	-0.532057
1.547810	-1.089632	3.238814	0.533577	-0.185026	-0.546604	1.972568	-0.337310	-1.385814	1.444797	1.972004	-0.590521	0.212836	-0.545931	0.780491	-2.651510	0.055718	0.810929	-2.590970	0.863493	2.220243	0.304752	-1.139536	1.947984	-0.917242	1.519791	-0.521168	-0.571426	2.650328	-0.044689	3.694510	0.806240	0.287433	1.855314	1.342299	1.203287	0.287145	1.040914	1.112146	-0.896862	-0.762279	0.869015	0.795701	0.021470	0.181463	0.528890	-0.085930	-0.014298	0.364558	0.735331
-0.114100	1.507873	-0.888727	-0.692109	0.169090	1.282049	-4.094080	1.043595	-1.198912	-3.118629	-2.204982	-0.511796	0.784914	-0.577235	-1.544547	0.588929	-0.920012	3.027556	-3.630688	-0.221870	-1.250947	-0.384061	3.219107	1.575805	-0.697468	-1.772058	1.118310	-0.208334	1.826445	0.044131	-2.085642	-1.088701	-0.441900	-0.432024	1.473837	-0.480370	1.276174	-0.739501	1.014927	-1.856952	-2.123174	-2.557469	0.712826	-4.043822	-1.058104	-0.658867	-0.100432	-0.402417	-0.534298	0.451403
2.270229	-0.341913	0.641656	-0.250817	2.052276	0.481466	1.010382	-0.365784	2.213613	-0.838257	-3.193970	-1.592287	0.976954	-1.466967	0.810192	-2.033902	0.237758	0.065780	1.350593	-0.878282	1.729951	1.049691	-1.438262	1.515848	0.891826	-0.813942	-2.327592	0.877174	0.271581	-1.789172	-0.285271	2.312281	0.136081	-1.412276	1.897165	0.407738	1.317109	1.105652	0.233135	0.809381	-0.110356	2.651515	-0.076153	0.133283	0.181059	0.010222	1.541044	-2.598675	1.545487	1.459384
-3.305644	-0.783184	-1.210813	1.632107	-0.921572	0.780662	0.774022	-0.479631	-0.602554	0.247954	0.303279	-1.012134	0.576102	-2.948469	0.481627	0.219206	-1.230895	2.950716	-0.898161	-1.319930	-0.001491	-0.920543	0.300020	-1.993058	-0.156102	0.960692	0.135699	-0.492126	0.441288	1.545679	-0.012513	-0.345542	0.706137	0.020850	0.665213	1.973106	-0.730307	1.784233	0.625768	-1.594541	-0.880734	1.783071	1.617066	1.034583	0.092620	1.858597	-2.272271	1.751555	-1.722991	1.037446
0.589309	0.392303	-0.854720	1.725133	0.822416	-0.373683	-0.197356	0.504241	0.843765	0.932855	0.757061	-0.901571	-0.550573	-1.430602	0.369221	1.790332	0.495817	-0.431038	0.741927	-1.004590	1.234830	0.691002	0.195192	-0.619837	0.545346	-0.547407	1.978676	0.894468	1.598981	-0.259129	0.131324	-1.568027	-0.391337	0.201744	-1.387429	-0.713245	-0.549294	-0.712368	-0.222873	0.888811	-0.711326	-0.317843	-0.519749	0.363401	-1.330786	-1.399337	0.092602	-1.727456	0.238258	-1.748408
0.438578	0.774436	1.579113	-1.544024	-0.274958	-3.003496	-1.829315	0.364908	0.434130	-0.621474	-0.174020	0.990333	-1.011800	0.230018	-0.518344	-0.440699	3.305668	-0.094349	-0.448830	0.797463	-0.095057	-0.927032	1.989548	1.314895	0.561186	0.144442	0.652910	0.379700	1.222209	-1.832171	-0.246995	1.092874	-2.673439	-0.351583	-5.087652	-0.569104	0.816860	0.377112	-1.595572	-1.628278	0.091964	-1.169707	-3.065554	0.306997	0.519098	-0.191010	0.632886	-2.911604	2.960448	-4.647882
0.683362	1.862369	0.646324	-1.166903	0.610991	-0.366214	-0.677165	-1.306739	1.642712	-1.164497	-2.531166	-2.635668	-1.280865	0.138855	-1.050745	0.278903	0.150987	2.362030	-1.336811	-1.730519	1.272449	0.649488	0.071690	2.036398	0.141276	0.384896	0.788823	2.350162	0.312817	-1.091326	-0.348656	-0.247779	-1.221462	-1.266209	-1.929234	-0.852997	3.612340	2.160635	-0.527961	-1.873430	-2.923189	0.181726	-2.278952	1.385180	-0.551900	-0.489904	-0.979322	3.430629	1.394881	-1.084489
-1.984025	-1.061577	-0.415751	-0.047159	2.926513	0.931880	-1.343458	-0.165152	-0.159744	-0.858835	-0.922348	0.777331	0.149801	0.534370	0.755795	-0.520388	0.227642	-1.520026	1.337757	0.092911	2.255973	0.349490	0.542361	-2.555200	-0.506667	0.376365	-0.814192	0.368380	-0.423300	0.709565	-0.180961	-0.063069	-0.343757	0.767089	-0.614669	1.381614	-1.054847	0.734876	-0.470888	2.434312	-0.364644	0.204178	1.551927	1.054624	-0.708589	-0.210376	-1.466452	-0.317223	-2.219509	-0.947923
0.426449	2.568341	0.493793	0.525968	-1.815353	-1.723773	0.680940	-2.693785	0.231861	0.697583	-0.388730	-2.825164	-1.297860	-2.388351	-0.788245	-0.316746	-0.042697	-0.891869	0.917306	-2.265552	-0.757022	0.225997	-0.474217	0.214310	0.180985	-0.767878	1.781604	0.123119	-1.516167	-1.209497	-0.994742	1.414556	-1.345826	-2.898813	-2.295079	-0.616679	-1.198975	1.252037	-0.864805	-0.551541	0.490312	2.234961	-0.239424	1.516565	1.204507	0.432004	0.997089	-1.265739	-0.532448	-1.805692
-4.626983	0.588761	-1.581699	1.188982	-0.884818	1.021669	0.659139	1.141421	1.298467	1.318845	1.101641	1.260223	-1.901168	-3.385272	0.126097	-0.266098	0.880663	1.537024	-0.250028	-0.988387	-0.816483	-1.041860	1.828042	-3.387957	2.138192	0.521542	-0.571353	-0.435043	0.495207	2.451342	1.048059	-0.185349	-0.840249	1.088404	0.186224	0.932716	-1.302657	0.410225	0.708923	-1.568813	-1.219191	-1.262049	2.125290	0.146202	0.040808	0.418930	-3.657654	-1.859314	-2.585225	1.518492
0.536453	-0.030798	0.843299	-0.439343	-0.131509	0.819269	0.996236	1.832385	1.215028	0.231478	0.228135	2.073046	1.772303	-0.086659	0.657842	-0.042605	-1.530055	0.504533	-1.743900	2.089674	1.774960	-1.021867	-0.408055	1.944602	0.191361	-0.630489	0.252906	1.465444	0.978761	0.851338	-1.194802	0.408849	0.423191	1.188432	1.098009	-0.815324	0.251848	-0.348827	-1.091994	-0.658891	0.411898	-1.134813	0.823108	0.453033	0.211703	-0.300872	-1.049807	-0.132701	-1.825252	-0.797132
1.996106	-1.618142	2.265142	-0.868847	0.244573	-0.719137	1.651032	-0.897507	2.711722	0.609188	-1.293232	1.703603	1.074236	1.340984	1.343748	-0.157601	2.230236	-0.882291	1.156155	0.690067	-0.148214	1.215548	-2.240421	1.406703	-0.794844	1.678696	-0.561732	-0.132615	-1.832938	-1.658244	0.360157	-0.195314	1.554090	0.123454	0.503172	0.962885	2.098134	0.728985	1.326774	1.809787	0.076436	0.561082	-1.673274	1.900767	1.025864	0.116643	-0.195936	-0.410537	-0.427930	1.432235
0.084854	-2.549742	0.130041	-0.851166	0.375004	-2.008620	-0.169569	-1.443916	-0.576290	-0.687799	-1.130116	-0.460841	-0.715159	1.868001	0.033172	-1.198323	-0.824685	-2.687396	-0.053553	0.768259	0.243993	1.794363	-1.728258	1.184928	0.071803	-1.961600	-2.256492	-0.768077	-0.508972	-0.969262	-0.841424	-0.639178	0.735531	-1.885298	1.353574	-3.279685	0.117755	-3.070728	0.003463	1.595693	0.160286	-3.784612	-0.209998	2.617255	-1.375978	-2.478753	2.146558	4.746509	0.104433	0.146702
-1.169638	-0.889308	-1.293246	-1.373419	0.644199	1.833339	0.385359	0.928477	0.675164	-0.968283	-1.487850	-0.010376	0.304568	-0.218726	-0.296988	-1.182176	0.084889	-1.066230	0.394107	1.198804	-0.180010	-1.061146	0.422626	-1.457642	0.381747	-1.050772	-0.463115	-0.635051	-1.253202	1.347590	-0.564368	1.932091	-1.730668	0.759104	0.496746	-1.378755	0.647635	-0.679146	0.488223	0.664290	-0.415153	-1.031746	0.109506	-1.619086	0.555874	-0.355653	-1.524279	-0.536105	-1.610109	0.528438
-2.132527	-1.715908	-0.917113	-0.600943	0.681218	-0.360464	0.623981	0.977545	0.100930	-0.146593	0.512691	-0.896012	2.261631	1.392756	1.513377	0.783014	1.976241	-1.354502	1.588564	2.031164	1.461426	-0.110530	-1.128207	-3.712321	-0.456340	-0.259751	-0.373471	-0.298844	1.870020	1.377846	-1.634388	0.581461	-0.888013	0.724966	-0.283469	-0.726327	-1.696860	0.533047	0.187767	1.892051	1.201002	0.626308	1.698314	-1.713412	-1.252223	-0.639211	-1.220988	-1.930442	-0.714369	0.252866
2.163489	-1.805614	-0.441949	0.005988	1.711295	-0.319004	0.191439	0.624588	0.656682	-0.062966	0.539445	0.340704	-1.065996	2.669488	2.874106	1.701218	-0.939916	-0.784219	1.512035	-0.039200	2.348284	1.860054	-2.153590	0.499029	-1.292036	-1.131009	-0.540124	-0.976769	0.767056	-0.188894	-1.049610	-0.890161	0.063487	-0.192198	1.108828	-2.150636	0.527323	1.509927	0.363345	0.471822	-0.190484	3.404617	-0.619965	-0.814524	-0.951809	-0.662397	1.036232	-0.670810	-0.529875	0.331433
-2.397800	-2.460602	-1.334678	1.846870	-1.874029	2.058069	0.566787	1.658799	1.452952	1.679011	0.821139	0.970592	-0.959245	-2.698149	1.436033	-0.574562	0.175496	0.113706	0.316084	-1.224963	-1.214328	-1.399100	0.005623	-2.193266	0.437086	0.228892	-2.160710	0.537735	0.011714	2.650628	-0.473871	0.712254	-0.639771	1.136379	-0.072655	0.245003	-2.854470	-2.130066	-0.295103	1.877849	2.915489	0.599549	1.827049	-0.980462	1.062946	0.248105	-1.242030	-0.168862	-2.365666	1.213369
-1.130073	0.391518	-0.484614	-1.164602	-0.368970	-0.674289	-1.650666	-1.200047	1.430802	-1.802312	-2.320072	-1.677021	2.642907	-1.165324	-1.413627	0.811886	-1.328257	0.359446	0.371131	0.949119	-1.583007	0.733167	1.853299	-1.047534	-0.560440	2.018282	0.370545	0.149916	-0.950486	-0.816787	0.819453	-1.074438	0.489200	0.263976	0.420714	2.955540	0.428983	0.706387	0.973548	0.168195	-2.623491	-0.719031	-0.436596	1.417611	-1.086965	0.559315	-1.941937	-0.728472	-1.503424	-0.214308
-0.432736	-0.703251	0.805018	0.854652	-2.733390	-1.493878	-2.214371	1.017966	-0.184640	0.213501	1.494489	0.282780	0.339401	0.145321	0.261664	-1.737471	2.971473	0.398221	-0.914736	0.758000	-2.524365	0.232423	1.896265	-0.505964	0.724834	0.718732	0.067349	-1.545792	0.302370	-0.229110	2.048384	-0.317656	0.013075	2.131773	-2.668119	-0.390468	-0.564843	-0.255431	0.584226	-1.075531	-1.100939	-0.683495	0.041562	-2.771277	-0.204504	-0.528187	-1.354500	3.477863	1.637915	-2.000050
-0.850498	-1.358819	-0.434852	-0.145624	0.188595	0.305053	0.842606	1.380314	-0.632684	0.733038	-0.401339	0.756772	0.313438	0.591079	-0.209511	-0.884529	1.164195	-0.750633	-1.555740	0.306187	0.552258	-0.740237	-0.611360	-0.696973	0.232882	-1.386662	0.338513	1.780713	0.080865	0.776281	-0.101847	1.930513	-0.278079	0.416459	0.507396	-1.460437	-0.928155	-0.423287	-0.999412	-0.839517	2.273543	0.147672	-0.759789	-0.337681	0.562062	-0.939555	0.024514	-1.118594	0.179430	-0.108288
0.602864	-0.002493	-0.239041	0.891161	-0.567894	1.387066	2.424589	1.381411	0.518310	2.364280	1.190647	1.139695	-1.066448	1.540738	2.129090	1.239964	1.743978	2.128570	-1.115395	-0.347922	2.345178	-0.022243	-1.899994	1.070064	-0.676058	-1.260102	0.581939	0.962998	2.445206	1.302579	-1.075975	-0.465545	-0.576513	-0.011646	0.454145	-1.250776	-1.207654	1.035092	-0.713307	-0.359955	3.406198	2.248071	-0.028481	-0.353743	0.231090	-0.360434	0.400231	1.725520	0.036928	0.924678
0.215845	-0.643078	0.641770	0.556068	-2.686688	2.135802	0.349705	-1.632908	0.289144	2.162750	1.261960	-0.516819	-1.497592	-0.693665	0.256255	-1.536534	0.576398	0.049740	-1.523173	-0.162754	-1.566893	-0.503575	1.952391	0.762724	-0.225621	-0.406803	-2.398657	-2.306989	0.335407	2.405217	-0.253970	0.236202	-1.090321	-1.175796	0.920080	2.599541	-0.175112	-0.526278	0.561935	0.230125	2.027652	0.569329	0.545234	0.914072	1.533043	1.018014	0.441224	1.241832	0.582762	1.682519
1.431274	0.645736	1.121579	-0.542969	-0.937177	-1.343998	2.691529	-0.247785	0.191315	0.417785	-0.060606	0.360837	0.659383	-0.015931	0.524071	1.302883	0.432527	-3.206573	2.663999	1.038430	-0.773611	-0.111714	-0.744638	-0.268792	0.474180	1.907446	0.258935	0.382302	-0.823567	-2.061631	-0.011738	-0.060369	-0.898495	-0.293494	0.520021	2.224750	0.484695	-1.957133	1.153803	2.459467	-0.676226	-1.111733	-1.009088	0.488667	0.734620	1.311637	0.806189	-1.051829	-0.320993	0.143584
0.410822	-0.125865	-1.755077	0.220752	-0.731269	3.218698	0.589763	1.222345	1.756681	-0.018960	-0.328226	2.476624	1.846031	0.251404	2.881907	-0.474214	2.171663	1.078384	0.530363	1.158510	-0.716991	-2.027899	0.486363	-1.443186	0.451559	-1.656763	-1.171413	-0.243349	0.274597	2.293340	-1.104496	-0.322537	0.575019	0.169908	0.392465	-0.827552	-1.027578	0.264127	-2.175803	1.885531	-0.127068	1.801337	-0.413183	-1.884753	0.135826	0.177366	0.402533	-0.242793	0.300159	0.636554
-1.251916	-0.847655	-0.381679	-0.056549	0.720368	1.220195	0.857231	0.819508	-0.717925	-0.408881	-0.900460	1.795782	-0.492096	-1.281669	-0.215232	1.751693	-0.093306	-0.525809	-0.649663	-0.159073	-0.245222	-0.695221	-0.148078	-1.240180	-0.296270	1.370588	0.330312	0.513386	-0.709391	2.774014	-2.041045	-0.779906	0.239459	0.264828	-0.952826	0.578044	-0.725593	-2.558153	0.111134	1.107768	1.144395	-2.380478	1.582654	0.623740	-0.498036	-0.231927	-0.428211	-2.941988	-1.161999	-0.664619
-0.635505	0.875973	0.927078	0.187338	0.447706	-0.429409	2.219906	1.820629	2.952160	2.369602	-0.484330	1.371836	-1.083097	-0.269407	-0.023687	-0.812305	1.745856	1.864810	-2.155944	-1.822078	-0.149453	-0.967949	-1.550577	0.213247	0.389353	0.809677	0.337810	1.362530	0.372744	1.353813	0.740605	0.317812	-2.184372	1.130437	1.341334	-0.777565	1.873067	0.128369	-0.759008	-1.733305	1.959947	0.050766	1.147411	-3.003077	1.776556	-0.395833	-0.032642	2.493632	0.730947	-0.104098
2.372114	2.526292	0.894659	-1.245455	0.376639	-0.758055	-0.226041	0.419470	1.231932	-1.778600	-1.036543	3.168061	1.629161	-0.031273	-0.104575	1.370485	0.513412	-1.515825	2.866696	0.079811	-0.204070	0.040758	-0.663952	0.480003	-0.210519	1.882204	0.721592	-1.138120	-2.278488	-1.560673	2.521826	-0.218183	1.183975	1.786564	-0.477954	0.298063	0.955796	1.255619	0.083675	2.993792	-1.289316	-0.202413	-1.486281	0.483352	-0.045249	1.008244	1.231803	-0.457960	1.511694	-0.300795
0.265850	-1.036942	0.743924	0.598977	-1.214338	0.142394	1.617963	-2.091527	-1.876978	1.957198	2.370436	-0.959817	-0.762838	1.139995	0.074352	-0.812057	-1.171021	0.038658	-1.310546	1.142324	-1.737740	0.569934	-1.674817	1.745229	1.102769	-0.397374	0.348963	-0.661046	-3.126423	0.258672	-0.596750	-0.529253	0.642412	-2.717260	0.991992	-0.554848	0.240466	-0.399022	1.175605	-0.948466	1.387578	1.013897	0.437448	2.509719	2.191496	0.674727	0.419358	0.705817	0.391690	0.234003
-0.150416	-3.532718	-0.808677	1.250076	2.414179	-0.295055	0.629681	1.138750	0.569192	-0.667714	-2.508741	0.114129	0.914572	1.605367	0.856427	0.613740	-1.635273	-1.809011	0.557858	-0.874971	-0.030682	0.849676	-0.961106	0.069645	-0.455062	-1.283467	-0.271333	-0.076879	-0.326654	-1.235801	-2.108966	0.218548	-1.820491	0.025577	0.751901	-0.342322	0.043053	0.248427	-0.371750	2.237496	-0.103719	-0.609493	0.300046	-1.163521	-0.447397	-1.476549	0.171766	0.819600	-2.224563	0.715872
0.505120	-2.080572	-0.168568	1.458101	-0.820966	0.251253	-1.254217	-0.682183	-2.198862	-0.600093	1.216203	1.053675	0.529843	2.715470	3.496040	1.886050	0.674174	-1.264008	1.153476	0.835276	-1.836018	-1.482128	1.756908	-0.690271	-0.191633	-0.181580	-0.283017	-2.227182	-2.276618	0.113442	-2.485714	-2.402835	-1.157789	-1.826797	-0.338108	-0.575895	-0.128287	-0.833613	-1.134545	1.869174	-0.783911	1.019565	-0.075376	-1.590663	0.882466	1.682337	1.097315	-0.295100	1.184727	-0.969774
-1.624516	-0.568914	-1.654660	0.087698	0.690677	2.151636	2.303826	-2.158329	0.574590	-0.470539	0.467104	-1.434059	1.057137	-1.209094	-0.155002	1.018496	-1.927458	0.619120	0.251717	-0.551418	3.032644	-0.662556	-1.146364	-1.636670	0.316464	-0.391405	1.416607	0.053944	1.734579	2.589604	0.295073	0.209021	-2.463493	-1.092990	1.048849	0.949972	-0.165631	-2.017657	-0.188547	1.120071	1.038598	-0.906516	2.591883	2.685253	-1.421304	-0.265197	-0.953543	1.393598	-0.373143	0.628024
1.830823	0.552335	0.504958	1.641807	1.687876	1.274743	1.523213	-1.751621	0.921908	1.046585	-0.624807	-1.269962	0.217460	-1.079229	-0.747486	-0.265579	-1.428818	2.388643	-2.460244	-0.998949	3.101040	1.232212	-1.483630	3.778149	-0.109290	-0.791283	1.458582	0.591286	0.449555	-0.443876	-1.983586	0.018557	-0.423864	-2.972361	1.124241	0.382069	0.971704	0.098661	0.927244	-1.684667	-0.939560	0.049983	-0.865226	1.024927	0.739713	0.006955	1.775389	0.356842	-0.470450	1.858906
0.995286	2.290620	2.932872	-1.007658	-0.094814	-2.493726	1.368968	0.027254	0.874989	0.350927	-0.618930	0.931996	-1.518646	-0.166634	0.022932	0.760452	-1.879945	-0.038421	-1.298309	-1.186183	-1.539836	-0.719664	0.385401	2.446712	0.953078	2.674801	1.251362	-2.135566	-1.634129	-1.478888	1.988741	0.768676	-2.386084	0.813493	-2.141642	1.660223	1.554055	0.504390	0.746295	-1.452436	-0.365302	0.772425	-0.326961	-1.560410	2.489730	1.982956	-0.802343	0.610847	1.494620	-0.864480
2.404017	0.332963	0.380774	1.012368	-0.080834	1.531550	0.595571	1.194546	1.627049	-0.663331	-0.302437	-0.062792	-1.301431	2.724898	-1.665053	-1.120312	4.439827	2.739294	-0.254220	-1.473482	-2.236413	-0.953621	-0.065044	3.354486	0.463302	-2.207220	0.556146	-0.776559	-1.965329	0.317483	0.116130	1.363190	-1.575236	-0.239287	0.250039	-1.355969	0.277823	0.115651	-0.513118	0.076783	-0.682041	0.078329	-1.866264	-2.649754	2.076515	-0.121105	2.284672	-0.607434	0.449349	0.430692
-1.176673	-0.383401	-1.979858	0.667519	-0.893384	0.687566	-1.981282	1.390559	-0.650847	-0.799195	0.346578	2.909857	-0.022204	-0.179701	2.424119	1.480235	-0.221043	-3.341934	1.957749	0.417429	-1.134439	-2.602017	2.119802	-3.860421	-0.899936	-2.075341	-0.596518	-2.466226	-0.597241	0.307702	-1.351280	-0.590147	-0.560086	1.272058	-1.275247	-0.730459	-0.677257	-0.526330	-2.687215	3.782827	-0.643251	0.530416	0.046377	-1.483548	-0.154431	1.386810	-1.387396	-2.916752	0.144367	-1.644863
-1.025182	0.884204	0.513899	-1.551433	1.872805	-0.883789	0.558259	-0.698273	-0.823321	-0.051392	-0.660619	-3.461746	0.512277	0.773353	-0.732217	-1.092456	-0.644999	0.570194	-1.328158	-0.504775	0.914699	0.474871	-0.730600	-0.428304	-0.209238	0.041868	1.346012	-0.377247	-0.033985	-0.395220	0.958920	0.203890	0.155484	-0.050365	-1.027695	0.211162	0.459691	1.585651	-0.980593	-1.548516	1.270899	2.044912	2.101494	-1.716820	0.079014	-0.554481	0.115529	1.689881	-0.286650	-0.458120
-0.333308	-1.885242	-0.638370	-0.130352	-0.312171	-0.139787	0.228603	-0.284154	-0.748088	2.030442	1.220849	3.300044	0.780295	0.842185	-0.169893	0.359127	-1.552122	1.118092	-0.644704	1.554028	0.108454	1.795494	-1.429123	1.182347	1.361150	-2.455632	-0.589758	0.024827	-2.037990	0.633353	-2.504743	0.002005	1.051178	-2.286934	0.314762	-2.993866	-1.068892	-1.274918	0.164559	-1.219159	-0.188622	-1.328430	-1.984495	3.195229	0.894704	-2.539000	0.375468	4.160928	-0.641319	0.994920
-0.700969	0.600241	0.158961	-2.100246	2.765056	1.017089	-3.313380	-0.984300	-0.047719	-1.777180	-1.264693	-0.192904	1.350783	-0.447713	2.467989	0.610073	-1.976267	-2.541480	0.146104	0.268700	1.041100	-0.133630	3.375580	-2.402333	0.988015	1.209734	-1.362310	-0.361341	-0.396768	1.743836	-0.634320	1.262786	-1.965974	-2.024728	-0.034728	1.727695	0.625904	1.605084	0.301333	-0.131935	0.252841	0.299232	-0.280866	0.662884	-0.654950	-0.350082	0.548751	0.991706	-0.020041	-0.539335
1.232218	-0.426171	0.797728	-1.187536	2.747311	-0.622383	0.369331	1.736201	-1.347769	-0.449228	0.386252	0.291461	0.980343	0.410533	-0.721691	-0.409985	-1.586849	-0.892174	-1.486754	1.058504	1.182059	1.344864	-1.255483	2.289787	-0.062589	-0.957208	1.394870	0.373678	-0.166675	-1.121001	-0.614529	0.357824	1.546340	0.606902	1.749381	-0.170173	3.466678	2.498019	1.010372	-0.302419	-0.749798	2.325081	-0.969068	-1.341851	0.132236	-0.301823	0.443869	-1.615880	-1.579755	1.941238
0.575995	-0.529290	-1.501136	0.323829	-0.496309	-0.651607	1.535303	1.840353	-0.249250	1.686187	2.147012	-0.193857	0.971341	0.041824	-0.530088	1.243498	-1.807156	0.112794	-0.510295	1.874762	-1.459430	0.066040	-0.349517	-0.370262	1.584687	-0.879450	-1.668947	0.166871	0.492398	0.588629	-2.026378	-1.511687	0.866642	-0.693963	-0.540738	-1.045241	-0.835463	-0.386584	0.268816	-0.641592	0.587717	-0.500616	-0.718928	-3.422750	0.543710	-0.128913	1.307858	1.142991	1.397049	-0.236906
1.815849	2.163749	-0.448887	-0.893909	-0.025906	1.550597	0.228300	0.259964	-1.038559	-0.341373	-0.144590	0.965182	-1.670112	1.940846	-1.123979	0.517328	3.064450	0.694270	-0.738801	-1.111862	1.380722	0.136051	0.390822	0.715296	1.218921	-0.428977	0.716524	0.304902	1.076003	1.008747	0.088047	-1.202780	-1.694312	-0.013773	3.245806	0.243687	0.418555	1.403832	1.490556	-0.423314	-0.643437	0.805175	1.290819	1.962162	-0.830986	1.557344	0.220198	0.785113	0.012390	1.816275
-0.992240	0.771874	-0.214499	-0.023264	-1.015849	0.180747	-0.033292	1.392202	-1.748015	0.533035	1.682716	0.812923	-0.234239	-1.247590	-0.800128	0.988010	2.592152	-1.718607	0.974818	0.391806	-2.063931	-1.053545	2.076792	-1.591793	1.444996	2.014518	1.313187	-1.257868	0.124640	1.879698	1.141829	-2.022737	1.515554	2.022782	-0.382756	1.358673	-0.825688	0.297427	-0.126662	3.920407	-0.264710	-1.038965	1.149924	-1.311150	-0.296336	0.569513	-1.132581	0.219839	-1.012341	-0.030128
1.171386	-1.504967	1.937222	1.233607	-0.264095	-1.762332	-0.033968	0.413401	1.403432	0.629639	-0.125363	1.304013	-1.013241	-1.507826	0.135543	1.079397	2.476901	-2.605213	1.553588	-0.497091	0.111430	0.445748	0.101186	0.439374	-1.989791	2.498190	-0.917005	0.365390	0.362467	-1.769704	1.666498	-0.235467	-1.192992	2.258445	-2.742468	2.530371	-0.690064	0.750483	0.024104	2.079825	0.661194	-0.639563	-0.148729	-0.731592	0.534982	0.347757	-0.619062	1.026422	1.829128	-1.799669
-1.759655	-0.961425	-0.824054	0.357323	2.182327	1.804852	1.659870	0.813767	1.283787	0.804459	-1.999384	-0.163517	2.061237	0.100969	2.426361	-0.275768	0.014609	2.515825	-0.268769	-0.076226	0.902251	-0.633182	-1.211965	-2.040835	-0.738948	-1.638809	-0.263929	-0.800938	-1.486420	2.607766	0.231496	-1.412451	1.348034	0.701625	1.303741	-1.908454	-2.660389	-1.647672	-0.273365	-1.357323	1.112982	-0.607976	1.316454	-2.314227	-0.093495	-1.073407	-0.664199	1.807399	-0.738122	0.331560
-0.813659	-1.023433	-1.914504	1.650367	-0.286521	1.325660	4.867315	-2.230337	-1.022160	2.439788	1.906426	-2.514187	2.652728	0.333166	0.797046	2.426363	0.859118	-1.769252	1.508608	0.423798	0.559674	0.259711	-3.315413	-1.463082	-0.853495	-0.603631	0.288123	-0.542054	-1.607699	2.003256	-1.415596	0.031370	2.435651	-1.449231	4.031697	0.476187	-0.947174	-1.502941	1.594543	2.297214	0.256144	-1.821778	2.216228	0.554239	1.412953	-0.515606	-0.346745	-0.810960	-0.876756	2.859253
-1.164657	0.905554	-0.830188	1.074930	-1.526910	-0.263013	-2.928921	0.083280	-2.015821	-1.173736	1.324379	0.702640	0.434544	0.688966	-2.443600	-0.694927	0.739448	1.074253	-0.528509	-0.423773	-0.672924	-0.822091	1.550751	-0.646956	-1.436582	-0.043548	-0.477130	-1.697059	0.405607	0.766562	0.215834	0.449231	1.777853	1.096079	0.813952	-1.360369	-1.707901	-0.174049	-0.203673	-1.108841	0.514969	-1.541290	1.193078	-1.032690	-0.395735	-0.384326	-0.501696	-0.790265	-0.471715	-0.573083
1.591867	0.489353	-0.414407	-1.072613	-2.531209	0.581954	-0.941478	0.936718	1.028317	-0.376526	-1.998775	0.242500	-1.587641	3.483837	-0.218470	0.362355	0.325001	0.500645	1.481154	-0.924822	-0.821224	1.160779	-1.176634	1.509654	-1.487774	-2.297617	2.142229	1.427341	1.918022	-1.278637	-2.410970	-0.523202	-1.392843	0.132093	-1.651454	-2.352237	0.551206	-0.513677	0.194593	1.183497	-1.854199	-1.158727	-0.127169	0.558940	-1.106660	-1.340596	1.819268	-2.762178	0.588107	-0.777166
1.251377	0.204855	2.802943	0.265864	-0.810641	-2.092308	-1.282605	0.753448	0.666955	-1.183804	-0.399792	0.280940	-0.843293	-0.185714	1.313631	-1.344251	-1.223564	0.378775	0.351032	-0.546193	-1.513009	-0.129603	0.384086	1.336333	-0.795986	1.437827	0.178240	-3.953382	-0.834243	-2.297759	1.473528	1.870351	-0.467996	0.933799	-0.216435	0.604011	-0.781523	1.108398	-0.149278	-1.223714	0.662521	1.224863	-0.025050	-3.896090	1.441661	0.765748	0.501911	-2.095615	0.315533	-0.428531
-0.336326	0.413548	-0.917723	-0.314458	0.651854	-0.075994	-2.637286	1.368167	2.491151	-0.423600	-1.948892	-0.751199	-0.961461	1.693810	-1.258695	-0.976053	0.798105	1.039779	1.514075	-0.452630	-0.815290	-0.735114	0.713232	-0.203738	-0.820725	-1.704343	0.346194	0.974352	-0.718247	-0.268465	-1.142750	2.111621	-1.653151	0.767508	-1.772973	-1.728578	-1.439728	0.753277	-1.793788	2.299863	-0.389277	1.093206	0.798473	-1.850652	0.614289	-0.772088	1.383081	1.204575	1.669276	-2.016989
1.651247	-1.395040	2.761961	0.140382	0.318346	-3.159098	1.227735	-0.138005	0.071808	-0.162950	0.064391	0.028345	2.125569	0.835388	-0.082603	-0.539218	-1.364570	-1.730622	-0.177143	1.424476	-0.788407	1.548042	-3.259733	2.446766	-1.623871	0.848458	-1.372226	0.432910	-4.117984	-3.013366	0.083968	1.211261	3.086440	0.475399	-2.820807	-0.099976	1.422591	0.368135	-0.210129	-0.956476	0.857319	0.054996	-2.578799	1.182378	1.739555	-0.588499	-0.460644	-0.908956	2.382036	-1.092680
-2.282923	0.080311	-0.729997	0.534395	-0.992780	-1.171946	1.766794	-0.520550	-1.227490	2.218032	2.351607	-0.903151	-0.486375	-0.689673	-0.557921	1.331617	-1.528061	2.141313	-2.446805	0.474371	-1.087643	-0.539408	-1.341823	-1.301524	-0.632556	-0.114311	-0.860998	-0.754983	-0.353769	0.304614	-0.301154	-0.246539	1.254963	0.008864	-0.478159	-0.253576	-0.392506	1.121615	-0.819825	-1.969140	0.788357	0.990017	1.841079	-1.029583	1.033531	0.151300	-2.206125	1.129962	-1.222324	-0.443008
0.031631	-0.245783	1.506438	-1.271776	0.185757	-1.262892	-1.483710	1.804968	-0.690415	-2.126343	-2.224208	0.920359	0.436016	-0.439283	1.078753	0.635442	0.556055	2.822183	0.546910	0.410222	-2.239157	-0.767909	1.692566	0.634059	0.330394	1.906772	-0.585889	-1.380896	-2.650341	-1.568690	0.593951	0.122675	-0.620812	1.349871	-1.162791	1.241665	0.186528	1.012070	-0.464424	-0.932527	-1.103949	-1.062050	0.355369	-2.481125	1.031685	0.375489	-1.381948	-0.056405	-0.490294	-0.405091
0.039938	0.765956	1.181773	-0.752373	-1.454638	-1.189732	-0.048611	0.031904	-1.917935	0.985467	1.119825	-0.140881	2.686393	-1.255901	-1.373140	-0.381208	0.966825	1.509396	0.004728	1.979900	-2.405564	0.969474	0.706643	0.774089	1.849918	1.198282	1.623074	2.713364	-1.305621	-0.534803	-0.665304	-0.823686	2.093219	-1.069108	-2.483168	1.236592	-1.030886	1.300011	0.895544	-1.106418	0.509066	-0.753718	-0.420311	0.400679	0.479872	0.203731	-0.197996	0.516044	1.663114	-1.390832
-1.395380	-0.726487	-2.353419	-0.280793	-0.528841	-1.482116	-1.050075	0.033015	-1.677412	0.040549	-0.550154	-1.792063	1.830934	-0.719646	-0.261311	0.357183	4.381620	-2.593803	0.985352	0.683810	-0.821088	0.540830	-0.234991	-3.400981	-1.097021	-0.505393	0.352949	-0.150784	-0.234028	-0.102064	-0.504406	-0.808429	0.653206	0.100673	0.446581	-1.900568	-0.907587	0.557518	0.454586	-0.137271	-0.288119	-0.793895	1.479414	-0.528891	-1.146163	-0.333397	-0.484690	0.906280	-0.834909	-0.822474
0.058253	0.803542	-0.534652	-1.503978	-1.173353	-0.156954	-0.470303	-1.888819	-2.029867	-0.107825	0.839591	-1.102776	-1.604547	1.370427	-0.616520	-0.431016	-2.738442	-2.642561	2.226475	0.936020	0.175176	-0.462934	0.812162	-0.766899	0.653406	-0.046694	-0.212109	-2.974458	1.491747	-0.322987	1.435516	0.617747	-1.152125	-0.903348	-1.034604	0.354910	-0.813472	-2.662177	-0.573129	2.762074	-0.514464	-2.233553	-0.217453	0.859424	-0.852942	-0.522595	0.166204	1.675266	1.517794	-1.103156
-2.416014	-1.367164	-1.390825	-0.655058	0.733272	-1.383113	0.287417	-1.445036	-0.014498	0.226866	-0.477840	-0.973101	1.339565	-1.055043	-0.713804	-0.581872	-1.257546	-1.809115	0.758859	1.248529	0.590119	1.328733	-0.986288	-1.403626	0.268167	0.239231	-0.425945	-0.133589	0.326205	-0.007073	1.254522	0.533622	0.444693	0.331038	-0.134539	-1.338897	-0.776489	1.716786	0.642442	1.532476	0.366506	4.531064	0.967682	-1.112006	-0.181797	-0.368256	-1.649443	-3.469829	-1.195870	0.363940
-1.746315	1.409744	-1.833382	1.820497	-2.339226	1.200558	2.750923	-0.712416	-0.855328	1.872389	0.359022	-2.919474	-1.061255	-2.742461	-1.884708	-0.369047	0.622727	1.252782	-1.503189	-3.230736	-0.273366	-0.815650	-2.251236	-1.311603	0.838449	-1.381822	1.338226	0.178180	0.929233	1.719718	-2.223847	0.321423	1.520277	-1.992321	2.375994	-1.665575	-2.412821	0.261081	0.326840	0.909666	0.660169	-0.284911	1.322825	-1.014280	0.529515	0.194233	0.712803	0.518907	0.941255	1.931491
0.056200	1.447237	-0.621899	-0.760308	-0.089805	2.368348	-0.582363	1.590690	1.484036	-1.547408	-2.279609	1.600596	0.862897	0.213739	-0.698662	-1.044138	1.154315	2.978579	-0.942042	0.015057	-0.989732	-0.863541	1.203145	-0.322693	1.069457	-0.503429	1.896635	-2.757159	-0.332692	1.522203	0.086901	0.169897	-2.214297	0.073653	2.024742	0.434531	1.826107	-0.734714	0.532649	-1.234093	1.087406	0.140617	1.437439	-3.146871	0.455798	-0.296949	0.734173	-1.991449	0.291771	1.590667
1.657578	-1.276606	2.545827	0.371913	-1.743274	-1.462931	-0.203654	1.671602	0.841598	0.623682	-0.334380	0.773191	-1.387117	-0.348654	3.090074	-1.131078	0.490101	-1.123886	0.609085	-0.092016	-1.021503	-0.135688	0.175701	1.575704	-1.372601	-0.189729	-0.252693	1.759233	1.669563	-0.941360	-1.985641	0.969602	-2.480812	0.063694	0.082921	0.183221	-0.337967	0.291644	0.086642	-0.290143	1.016157	-0.958215	-2.594819	-1.890512	0.761421	0.351243	1.360461	-0.199002	-0.934237	-1.121047
-1.019741	-0.555204	-1.024363	-0.338278	0.163317	-0.801952	0.945817	0.967574	-0.587465	1.400030	2.582681	-0.176392	0.813396	-0.094735	-0.552775	-0.990021	0.272012	1.175381	0.113252	1.979994	-0.549675	1.105373	-1.562582	-0.672324	0.272529	-1.176304	0.489424	0.833651	0.122162	-0.545962	-2.540153	-2.227437	-0.374429	-0.671781	0.099546	-2.074258	-0.113604	-1.576191	0.787997	-0.592389	0.724172	-1.071419	1.505292	-1.703734	-0.293695	-0.770719	0.397518	-0.463279	-0.654832	1.100402
-1.560426	1.404066	0.882908	-0.206114	-1.131655	-1.984984	0.201684	0.831678	-0.899476	1.073261	2.286425	-1.837141	-0.914588	-0.247375	-0.064376	-1.326713	1.817071	-2.169689	0.423230	0.858614	-1.960882	-0.881174	-0.374935	-0.045324	0.874154	-0.307504	-0.505699	0.237187	0.279233	0.170278	0.688733	1.435846	-1.748349	1.354759	-1.970744	-0.913274	-0.106970	0.673591	-0.105757	1.130579	0.373095	1.528109	0.227195	-2.737179	1.770473	0.203919	-0.616473	0.219761	-0.370718	-1.800194
0.864054	3.242368	3.264537	0.517528	1.177894	-3.154395	0.025005	-0.724599	0.949626	-0.821323	-0.656998	-0.903015	0.639689	0.345504	-0.632370	2.369065	-0.860388	-3.368361	1.428207	-0.976107	-0.022010	1.497709	-1.502165	1.842009	-0.674886	2.983043	0.908039	-0.505560	-1.438313	-3.358344	2.372620	-1.789994	0.270825	0.760531	-1.924885	1.642464	0.118329	-0.377234	0.443365	1.715969	-1.201349	-0.413363	-0.666445	0.426216	-0.078131	-0.179272	0.885006	3.787282	0.575003	-1.504183
0.229510	-1.222152	0.301170	0.097921	-0.284790	-1.834350	0.029656	-1.170267	-0.699163	1.083213	0.685091	-0.240210	1.118643	0.366875	0.491798	-0.310854	1.609725	-2.695243	1.075216	0.866329	-0.179461	-0.139057	-0.543537	-1.000456	0.271104	0.719112	-0.298734	-0.184385	1.129764	-0.551646	0.474402	-0.712629	0.552043	-0.395120	-0.411921	-1.227087	0.775492	0.965966	0.795959	1.455218	-1.130119	1.055421	0.242280	-1.050735	-0.058328	1.160636	-0.177983	-1.387949	-0.770544	1.118751
0.122765	1.745262	1.166062	-0.510361	1.377004	0.191574	2.675096	-0.073503	0.783877	-0.218423	-0.822002	1.670191	-1.082592	0.530838	0.046977	-1.096588	-3.558290	-3.061159	0.248271	-0.654841	1.012687	0.545086	-0.478961	-0.142877	1.186866	0.404302	-0.388214	-1.955913	-2.243191	0.496549	0.399741	2.018300	-0.727364	0.117210	1.717074	0.382885	0.375536	-1.714033	0.965188	2.315245	-0.756011	-0.154342	1.569531	0.048524	1.376354	-0.192718	-0.057387	0.526597	-0.224758	0.504462
-0.725656	0.228545	-0.633660	0.630303	2.046311	3.045291	1.145941	0.214012	0.497805	-0.198324	-0.292718	-0.333989	1.462491	0.075788	1.354515	-0.016857	-4.496930	1.661513	-1.520868	-0.246275	0.109961	-0.555415	0.222136	-1.570090	0.481456	-0.343658	-1.427191	-1.604614	0.321670	2.893244	-0.715811	-1.112870	0.618326	0.236826	3.107081	-0.146137	-0.983840	2.471605	-0.429104	0.646122	1.612110	4.130352	1.222911	-3.054766	-0.023593	0.966663	-0.442292	-1.517142	-1.091356	2.779406
-2.735527	0.186908	-5.360160	1.609085	-0.475942	4.167725	0.795601	-1.585207	-1.868406	0.676493	0.991782	0.378239	0.989991	0.099476	-0.230116	-0.587630	1.950581	0.506168	1.326084	1.026456	0.886238	0.384652	-0.846299	-3.619490	-1.236382	-4.204046	0.640929	-0.564561	-0.543655	3.720744	-2.827196	1.433048	2.246129	-1.595237	2.936579	-2.767247	-3.935490	-3.346881	0.351548	2.403897	0.332750	-2.615174	3.383921	3.285860	-1.385590	-2.162783	0.484329	-0.093471	-3.380226	3.029600
0.846894	-0.528899	1.387935	-2.379478	-0.379848	-0.952731	-2.186369	-1.101697	-0.894586	-1.733918	-1.151558	-0.341725	1.661956	0.809554	1.270922	1.259078	-3.161040	1.120367	0.013668	1.799393	-0.955213	2.018411	0.318523	1.409996	-0.807432	0.364894	-0.007321	-0.450800	1.579903	-1.097006	-0.727489	-0.962029	2.414052	-0.947166	-0.743210	-0.831374	2.299657	5.188622	-0.190442	-1.367577	-3.802563	4.226977	-1.520440	-0.030410	-1.982051	-0.708185	-0.270736	1.536183	2.328787	-1.032755
-0.527641	0.642440	0.151745	-0.533150	-0.443329	-1.337574	-3.274584	0.897172	0.209712	-1.282275	-0.933213	-0.274665	-1.328737	-0.431811	-0.040230	0.173926	-1.062742	-0.237034	0.135908	-0.782964	-0.080309	-0.235816	2.332848	-0.972301	-0.331233	1.035444	0.196245	1.217883	1.126964	-0.262280	-0.532451	-0.194274	0.642848	0.739810	-0.686872	0.013848	-1.360775	0.415183	0.492181	-0.526506	0.055215	1.783445	-0.927986	0.013374	-0.871116	1.454168	-0.701480	0.852172	-0.784466	-0.904096
0.758064	0.282600	0.828208	-0.399461	-0.487810	-0.384439	-0.241962	-0.139133	-0.286408	0.452820	0.553200	-0.706893	-0.729603	0.767368	-0.166697	0.349642	-1.497095	-0.326999	1.078107	-0.042323	-1.400774	-0.172107	1.037459	-0.232998	-0.532017	1.400908	0.022109	0.625539	-0.565983	-0.905723	-2.195062	-1.217907	-0.868680	-1.191017	-0.466616	2.068588	1.923988	-1.052158	0.048091	0.937038	-0.284428	-0.964411	-1.538960	-1.362123	0.613258	1.226695	-0.076938	-0.256916	-0.206666	-1.770906
2.246085	1.126521	-0.446321	-0.065423	-0.294136	0.196648	-3.004236	-0.497662	-0.193862	-0.373525	-0.157188	-1.270753	-0.923452	2.535549	0.029849	-0.461731	-0.844643	-0.847909	1.189758	-1.115918	-0.463984	0.127160	3.243868	0.720611	0.837563	0.132229	0.937127	1.456741	0.962589	-0.679851	-0.620141	0.384230	0.925164	-1.009167	0.058761	0.811435	0.277519	-0.087213	1.059493	2.154561	-2.321540	-2.198369	-1.877516	-0.042560	0.081887	0.402981	1.289110	-1.690779	0.197347	0.894386
-0.933736	-1.360070	0.218900	-0.422399	0.957883	0.242598	-0.557089	0.522713	0.526918	-0.451278	-1.315941	1.737173	-1.343667	-0.163116	1.704982	0.890458	2.357697	-0.721753	0.277633	0.167802	-0.154901	-0.308372	1.774151	-0.967287	3.305803	0.164199	-0.950615	-1.069690	2.601085	0.602463	-0.133845	0.274243	-1.981870	-0.725367	1.006282	-0.639215	0.256900	-1.504604	0.794891	-0.822201	0.168708	-1.319764	0.123608	-1.234473	-0.795242	-0.727415	-1.446081	1.982417	-2.450290	-0.352114
-3.772687	0.986475	-2.101944	-0.148170	0.120884	0.413859	-1.402490	-0.896107	0.209497	-0.775053	-0.285148	-2.948239	0.986340	-2.433911	-1.667961	1.294447	1.072887	1.836598	0.281466	-0.414719	-2.167988	1.006370	1.410856	-3.466950	0.434380	0.238158	0.610182	1.099832	-3.070971	1.358131	2.081651	-0.069970	0.136500	1.087009	-0.044548	0.323319	-2.206904	0.132787	0.581053	-0.648381	-1.001774	0.489993	3.174671	-0.947084	-0.233310	-1.446059	-1.788033	1.503900	-1.187159	-0.126927
0.262498	1.230503	-0.353589	-1.016812	2.093332	1.099064	0.617969	-1.419709	-0.650471	-0.759329	-0.274627	-3.509091	2.548981	-0.602728	-1.414576	0.276612	0.812457	-0.972257	-0.763217	0.159463	1.438881	-0.537295	-0.207302	0.218540	-1.050002	0.413392	-0.270086	-0.560489	-0.831857	0.038425	2.214866	-0.037257	3.486752	0.592610	1.151091	1.317491	1.417128	0.702410	0.703371	-0.642209	-1.442553	0.203760	-1.643620	-1.009233	0.093903	0.589095	-0.150624	-0.492594	-0.002654	1.097478
-1.539887	-0.416669	-2.542907	0.904819	-0.366710	2.375833	1.804384	0.623047	-0.964368	2.415343	1.285164	0.202076	-0.465818	0.730507	-0.610860	0.821582	0.193219	0.672583	0.948336	-0.077371	-1.219025	-1.644176	-0.142268	-2.601439	-0.116838	-0.748450	-0.761424	-0.990103	-1.865526	2.835523	-2.607217	-0.407535	-0.439307	-0.661823	0.602772	-0.056288	-0.831776	-2.058918	0.103981	0.709106	2.842549	-1.108129	0.772109	-1.690849	2.071834	0.400176	-0.033067	-2.189071	-0.657125	1.682058
-2.644353	0.831033	-3.349250	-0.350604	0.752693	1.268648	-2.843328	-4.326575	-1.173167	-0.877659	-0.385977	-1.591028	-2.417242	-1.971657	-0.998343	-0.641364	-2.014965	1.234899	-1.121026	-1.138424	0.229209	0.475093	1.752633	-2.827823	0.188460	-1.766849	0.443892	-2.878951	-0.766961	1.372458	-1.373115	-0.271768	-2.868458	-4.295462	1.528861	-0.157321	-0.324333	0.084659	0.265962	-1.758378	-0.048512	0.012286	3.185157	4.498569	-1.067851	-0.050712	-0.293076	1.015993	-1.293961	1.895785
0.762910	-1.189557	2.597139	-0.425233	0.493604	-1.115847	-2.033187	-0.545350	0.379391	-1.683524	-1.414919	-0.030507	0.702097	0.820433	-0.564210	0.784507	0.901060	2.576186	-0.702893	0.445014	-1.858130	0.618645	1.609731	2.566793	0.450635	0.657804	-0.949466	-5.296284	-1.032425	-1.550979	0.916048	-1.167048	-0.776903	-1.041164	2.026462	0.128042	0.217256	0.039260	1.557559	-1.412249	-1.601757	-0.081210	-0.841000	-1.862497	0.373191	0.096688	0.855944	0.136123	-1.236450	0.541991
0.740317	-2.178340	-0.321563	1.249902	-0.361327	0.330251	0.728216	-0.317307	0.203166	1.031761	-0.614895	-0.784937	1.776881	0.097369	1.693669	2.392671	3.741722	-0.290963	1.866728	0.285045	-1.244291	-0.238909	0.723108	-0.466175	1.462172	-0.228433	-2.098659	0.116434	-0.555050	-0.004708	0.355773	-1.733118	-0.878747	-0.530484	1.582350	0.795785	-2.000527	0.259259	-0.305838	0.932262	0.113849	0.259844	-1.454313	-1.671136	0.636495	0.420075	1.149535	-0.227463	-0.851008	-0.229826
-0.461387	1.375959	-0.461765	0.281907	-0.550251	1.051373	-1.039739	0.898832	-0.561584	0.053843	1.657775	0.022357	-2.144563	-0.128759	2.527430	-1.120372	-0.202371	1.565492	-0.105588	-1.701063	-0.919530	-0.239275	0.138101	-0.047942	-0.006101	-1.824795	0.958999	1.961987	-2.429633	0.636503	-0.449930	1.089681	-1.760829	-0.104243	-0.342743	-1.913868	-1.218355	-0.292210	-0.815722	-0.503400	1.367927	-0.482264	1.419904	-0.287140	1.451737	-1.030497	-0.095938	-0.349592	-0.897939	-0.359901
-1.014031	0.696348	0.884542	-0.172149	0.405003	-0.485318	-0.662804	-0.486657	1.268711	-1.399760	-0.495303	-0.176469	1.034913	-0.833105	-0.292529	-0.956077	1.325248	-2.278315	0.643802	0.257100	-0.153152	-0.674615	1.217944	-1.238435	-1.947807	2.652221	0.439701	-1.184847	-1.060387	-0.948159	0.884896	0.723212	-0.574699	1.390754	-1.917338	1.845653	-0.399383	-0.739624	-0.061350	0.637302	0.511700	-0.634411	0.407594	-1.156286	0.335238	1.005864	-1.551441	-0.611817	-0.055717	-0.796954
0.363783	0.321754	0.208286	-1.472613	-1.903050	0.160654	1.831925	0.421481	1.091919	1.724554	-0.649150	0.597276	-0.107794	0.974501	-0.710670	1.962652	-2.196908	0.680105	0.820886	0.195100	-1.062989	-0.506637	-0.604794	0.846235	-0.813763	1.141951	-0.050690	0.595287	-0.006045	0.872708	-1.472838	0.001853	0.047815	-0.212084	1.923781	1.026652	1.865616	1.559045	0.542652	0.754249	-0.035778	1.456078	-0.860451	0.486675	1.364517	1.745914	-0.610013	-0.918943	-0.411117	1.022901
-0.758560	-0.242371	-1.535159	-1.252976	1.113749	-1.466418	-1.723692	1.211575	-1.879866	-0.998942	1.238965	0.044315	0.329167	2.143893	1.558091	-0.080123	-1.900532	-5.295805	4.448947	1.531211	-0.228972	0.494115	1.138147	-3.295467	0.276640	-0.942820	-0.440368	0.847916	0.033160	-0.677987	0.683689	0.309572	1.150968	1.757164	0.175054	-1.163334	-1.627430	-0.240697	-0.326469	4.400897	0.452286	1.145428	1.078721	-3.138291	-1.030439	-0.533867	-0.226133	1.811280	-0.300497	-1.300538
0.050124	-0.138639	2.022138	-0.092042	-0.556178	-1.207279	-1.269802	0.981767	1.184668	-0.273873	0.057700	0.700502	0.075623	-2.241009	1.810057	-1.394750	-1.169981	-2.179001	0.269414	0.933507	0.426873	-0.618913	1.746985	-0.014682	-0.000301	1.074112	-0.733626	0.747369	2.154016	0.187824	1.470531	1.322120	0.646828	1.565159	-1.649705	1.599218	0.371196	0.812434	0.913701	1.144834	-0.141469	1.942464	-0.794845	-0.354776	-0.351263	1.443526	0.130798	-0.028777	0.050168	-1.410162
0.758437	1.542150	-2.301886	-0.495488	0.026513	2.005614	0.822086	2.909142	0.398401	0.109084	-0.425924	1.729163	-0.203873	0.424855	-0.242268	1.327110	-1.626249	1.169523	0.278600	-0.131774	-0.039961	-0.948020	0.085492	-1.372485	1.093214	-1.410696	1.611422	-0.725009	0.527925	1.708138	0.084335	-3.223400	-1.026736	1.186726	0.485437	-1.054383	0.024652	-2.489467	-0.148956	0.868070	1.720509	-2.759887	-1.319291	-1.664599	-1.030858	-0.340611	0.936224	-1.442426	1.099714	0.179551
-0.034372	1.658409	0.306454	0.458559	-0.370434	0.417146	0.828028	-1.386143	-0.386929	0.452502	1.091210	-1.466968	-2.229013	0.816819	-1.327702	0.293584	-0.450787	1.626625	1.001154	-1.808693	0.493338	1.027560	0.268942	-0.958982	0.129647	2.138667	-1.244560	1.429969	0.341364	-0.202210	1.409014	-0.334343	-1.174016	-0.341374	0.240619	3.132967	-0.842134	1.501663	0.423264	-1.395826	-0.313143	2.487488	-0.686211	2.418811	-0.441714	0.623412	-0.492721	0.459308	-1.376870	-0.678680
-0.314527	0.797671	-3.478517	-1.436070	-1.692341	1.216333	-2.413504	-2.517465	1.573894	-1.757860	-2.966359	-2.595349	0.205482	0.232952	-2.224594	-0.004503	2.138118	-1.571618	1.092628	-0.864948	-0.849441	-0.944830	0.976240	-1.402087	-0.552339	-1.704355	0.304954	-3.059844	0.926873	1.268981	-0.101308	0.375671	1.046932	-0.984609	0.051787	-1.728107	-1.195089	1.614800	0.391863	1.024065	-1.676793	-1.491798	-0.571070	-1.876105	-1.469148	0.218111	0.561849	0.657226	0.487889	0.947149
-1.303705	1.107933	0.259555	-0.900658	0.771305	-2.222771	-2.220304	-2.565686	0.559357	-0.707334	-0.626231	-1.342132	1.659292	0.706906	-1.132904	-0.157743	-0.384485	0.777108	-0.145961	0.525839	2.961447	0.568881	1.259959	-0.315388	-0.297756	0.207574	-0.712453	-0.554192	1.367823	-1.922695	0.755896	0.579946	2.521012	-1.632449	-3.842562	-0.695081	0.661592	-2.703947	-0.583465	-0.969742	0.944750	-1.760415	0.087426	3.667662	-1.716543	0.105747	-0.199446	0.748179	0.956936	-1.571654
