X11	X49	X32	X14	X2	X15	X5	X39	X17	X20	X25	X4	X34	X26	X38	X43	X1	X36	X33	X44	X48	X18	X27	X23	X7	X47	X12	X10	X22	X40	X21	X8	X41	X29	X46	X3	X45	X28	X31	X16	X37	X9	X42	X50	X30	X19	X6	X35	X13	X24
-1.593568	0.391057	-0.942355	-1.107457	-0.373979	-1.394454	-0.911895	-0.829618	0.581245	-1.563829	0.483106	-2.069983	-1.199755	1.462854	0.941585	0.182143	-0.751669	0.840128	-0.520894	-0.850307	1.575949	-0.407941	1.364849	-0.415586	1.810580	0.450482	0.647777	-2.777251	-0.126501	0.215875	-0.169170	-0.837611	-0.191529	1.741114	0.688719	-1.690005	-0.677202	-0.437866	-1.666726	0.028919	-0.061007	0.538750	1.934354	-0.031076	0.819762	-0.183677	2.279942	-1.288991	-1.132199	-0.524388
1.423542	-0.021274	1.559037	-1.750555	1.325799	2.322202	0.784727	-0.309381	-0.901350	1.230678	2.149372	1.320832	1.592787	1.527792	0.332572	1.477916	1.271207	-2.397733	0.502641	0.810926	-0.881867	-0.706984	-0.002228	1.010972	-0.268503	-1.173131	-0.191392	-0.233760	1.966187	0.487617	-0.083063	-0.318870	0.974893	0.385363	0.362416	-0.828055	1.297667	0.051716	1.379448	-1.488468	-0.865448	0.617649	-1.557694	-0.802697	-1.298238	0.622146	-0.831237	0.548522	-1.155181	0.747829
0.534418	-0.308813	0.956811	0.253968	-1.411078	-0.497035	-0.802408	-1.818622	-0.723802	0.040117	0.707501	1.679102	-0.582079	0.409229	-1.880288	-0.147042	-1.244937	-1.023930	-1.409475	-0.433145	-1.753625	-0.971876	-0.771808	-0.283430	-2.348496	-0.334051	0.911729	-0.953472	0.763470	-0.339021	-0.991493	0.122697	-1.402976	-0.821687	-0.490573	-0.461223	1.650294	0.358563	0.862022	0.370037	0.524163	-0.214204	-1.320572	0.193413	-0.704346	2.280704	-1.460730	0.085993	-2.125055	0.201265
0.593246	-3.010034	0.981978	-0.638050	1.100117	0.238074	2.677863	-0.561657	-4.212595	2.464410	1.718855	0.670879	0.048846	2.308737	0.489345	-0.438321	-1.589643	-1.926952	-1.994946	-0.927230	-2.325153	0.732800	2.192547	2.676931	0.336479	1.026917	-1.090626	-2.341243	2.347772	2.927361	-1.629560	1.272942	0.546225	-0.897926	0.521555	2.254743	3.114883	0.899138	-0.756423	0.281710	2.448871	1.571663	-3.071472	0.193584	1.748357	0.870761	-3.127532	1.003949	-2.996259	-0.854991
0.957630	-1.899385	-4.576561	2.494965	-1.658489	1.928340	-1.582748	-1.156516	-1.018202	1.116571	-2.756413	-1.091932	-0.962096	-3.496110	-0.963488	-0.737434	-2.084089	-4.261494	0.818661	1.147222	-4.159908	0.508728	0.830328	-1.590958	-2.453679	0.190441	2.032489	-0.806905	0.945421	0.820421	-1.209250	-2.685021	-0.400046	-0.532269	-1.350920	1.050284	-1.734625	2.622055	-0.578855	-0.493872	-0.279219	-0.471002	0.344029	-0.669082	0.583319	0.345057	0.574868	-1.642841	-1.051888	0.826015
-1.788474	-2.091701	0.103582	0.151347	-0.202715	-2.019645	-0.822658	-0.036669	0.121546	0.043337	0.313939	0.902326	-2.008372	1.054689	1.176639	0.732089	-0.066704	-1.581300	-0.109842	-2.114006	-0.900829	-0.802948	-1.311366	-0.074458	-1.736296	0.447608	-0.773943	-1.198013	1.723386	2.085482	0.035017	-0.183760	-0.962701	-0.567074	-0.329708	1.595894	-0.443765	0.663784	-1.096368	1.722733	-0.547232	1.544005	0.702933	-1.562725	0.256655	-1.702297	-0.389973	-1.213526	-0.700486	1.103794
1.701467	-2.874599	1.559341	-1.715909	-0.019576	1.818391	-1.877497	0.960650	0.853264	1.006926	0.642306	-0.983347	-0.351457	-1.756319	2.727959	-1.159363	-1.203432	-2.594470	0.358807	1.098112	2.338714	-1.258089	0.440294	-2.011646	1.886711	2.530533	-1.154344	-0.660567	0.222998	0.494612	0.105398	-0.396517	-0.856736	1.638968	2.075414	0.820199	-0.982451	1.848115	-0.783695	0.577559	1.016403	-1.130744	0.427810	-1.150274	-1.406902	1.538478	1.030098	-1.796318	0.858139	-0.402333
0.029627	-0.129628	1.407493	1.399331	0.670775	0.394575	1.487788	0.000527	0.855263	0.009933	-0.477840	1.166723	0.373981	-1.237298	-1.969679	0.102207	0.687766	-1.028953	1.806046	-0.172107	-0.868917	1.104189	-0.645689	-0.017319	-3.239165	-1.321459	-1.200615	-0.709365	-0.942098	-1.752704	1.358912	1.591930	1.845307	-3.200452	-1.111170	-1.108043	0.775199	1.712366	-0.968848	-0.778786	-0.487997	-0.421785	2.716161	-0.346956	0.896190	0.126009	2.839676	-0.343780	1.146073	1.583686
-0.483750	-0.555065	1.707450	-0.760323	2.037739	-1.841278	2.478471	-0.582449	-3.005531	-0.111379	1.809983	1.021470	0.274097	1.969729	-2.019625	0.178292	-0.405057	-1.204431	0.839947	-0.556451	-1.190519	-0.776792	-1.033305	3.024826	0.023565	-0.953091	-0.371126	0.005530	-1.205301	-0.717830	1.289908	1.594238	2.041170	-1.744682	1.412617	-0.504380	5.013408	-2.001713	1.760601	1.342740	0.465831	-1.011859	-5.258819	0.396992	-0.908303	-1.997447	-3.931711	1.366126	-1.249706	-1.397469
-2.508195	-0.064254	0.690052	-1.006984	0.093561	-1.347300	0.865432	0.602664	-3.895480	1.034186	2.264247	1.337057	0.774123	1.682207	1.316765	1.190803	-1.568754	-1.008759	0.206495	-1.107524	-2.722685	-1.553339	0.253071	1.367051	0.654807	-1.361698	1.107120	-0.010604	1.825141	0.908109	-2.942049	-0.064272	0.213048	-0.257431	-0.581370	-0.583717	4.696191	-2.615933	0.338414	0.984497	-0.114334	0.575991	-3.521074	1.377976	1.462466	-2.301765	-2.411823	1.033630	-0.406728	-0.148299
0.446889	0.811502	-0.983299	0.218858	-3.104350	2.383674	-0.158445	0.398982	2.675739	-1.130488	-1.069017	-0.585959	0.040880	-1.657312	-0.489888	1.015660	0.964301	1.176776	-1.935212	-1.258070	-1.441005	-0.400469	-0.588547	-0.552012	-2.454655	-0.270286	0.650185	-1.509641	-0.112669	-1.368487	0.115587	-1.268591	-1.896091	-2.483121	2.119219	-1.590379	-1.377154	0.302625	-0.335421	-0.545400	0.159736	0.048294	3.172475	1.869194	-1.149988	1.184345	2.182658	-2.690769	-0.087302	0.900852
0.021717	1.399477	-0.219861	1.225578	-1.561165	-1.257205	-3.564974	-0.460030	1.222116	-1.914085	-2.924322	-2.562913	-1.239901	-3.665201	0.180818	0.155809	1.661601	2.214948	-0.727941	0.226055	1.875968	-1.115865	-1.480282	-2.616498	0.121586	-0.405563	-1.051705	-1.387908	-1.573913	-0.596073	1.075809	1.222151	-0.079112	2.664463	-0.735077	0.278819	-2.465167	0.002061	-2.345032	0.541199	-1.405225	-0.371831	0.023395	-0.169220	0.200605	-2.113316	-1.043842	-0.244932	0.520777	0.810044
3.252156	0.589654	1.653516	0.527427	-0.193719	3.074855	-0.647859	1.347014	3.435411	1.477657	-1.058613	2.150723	0.910465	-0.710041	0.422177	0.130135	-0.615438	1.915384	-0.059588	1.620796	1.496741	-0.920425	-0.977948	-0.657328	1.945744	-0.594832	-0.575729	0.548112	-0.269031	-0.468338	2.060716	0.974528	0.627873	3.533748	0.638029	-0.999336	0.192910	2.252056	1.578691	-0.882010	0.047187	0.857558	5.161996	-0.273671	-1.002133	2.692541	5.454183	0.673531	2.556886	1.086431
0.179617	-1.419238	1.246009	-1.085900	0.810895	1.343040	0.514256	-0.011718	-1.674268	-1.486139	0.627092	-3.395806	0.689234	0.089167	-0.019656	-2.011516	0.850567	-1.570805	0.656501	-1.662757	1.388550	-0.992815	-0.500253	1.471351	1.292040	2.074282	-0.585236	0.933411	-1.099837	0.180824	-0.381018	1.161448	1.328907	1.918313	2.463467	-0.012455	1.621408	-0.021950	-1.801011	-1.694841	2.036348	-1.022312	-1.835645	-2.127063	-0.684572	2.238011	-1.928523	1.961329	0.839195	1.052382
2.564895	-0.961092	-0.386189	-1.677908	-2.386425	3.405905	-1.126043	0.615728	4.802687	-1.026031	-0.056777	-4.758493	-0.233196	-0.804288	-1.256226	-0.543352	0.522144	-1.190816	-1.992018	0.271068	1.098223	0.524367	-0.274864	-0.144698	-0.515801	1.627350	-0.618193	0.263367	-1.407317	1.509131	1.232062	-0.085619	-0.526479	-0.513709	0.721875	-0.350528	-1.760515	1.855913	-2.866704	-0.270732	1.533777	0.014732	4.521283	0.200587	-1.039972	1.890973	5.204689	0.124929	1.187934	-0.278283
-0.528649	1.445756	0.264113	-0.961737	2.474181	-0.774632	-1.131057	2.517190	0.705687	-0.829028	0.087361	1.770129	2.076542	0.329259	2.704480	2.836559	1.688091	-1.013892	4.378332	0.951957	1.138082	1.126403	-0.463399	-1.040468	0.437812	-1.745922	0.809802	1.500746	-1.931355	-1.286902	0.956096	1.703538	0.792077	1.587892	0.050922	-2.263595	-0.414026	-1.646932	0.335782	-0.593659	1.262387	1.090852	1.114061	-2.553739	1.717111	-1.835484	-0.329709	-0.648537	1.632642	1.304801
-0.151998	1.944172	-3.599473	0.379930	1.663818	-0.915639	1.614350	1.098159	0.140970	-1.615109	0.464689	-1.177158	0.744884	1.595679	0.369962	1.522991	1.200029	1.012291	-0.098650	-0.968950	-0.411030	-0.080494	-0.043563	1.984191	2.118640	0.893815	1.454520	1.567854	-1.415742	1.511545	1.117008	-2.480494	0.372431	1.691144	0.949158	1.525704	2.321644	0.228280	-1.658934	1.118728	0.454670	0.443966	0.628695	-0.496131	0.708531	-1.671475	-0.301535	0.901511	1.180365	-0.105039
-0.636546	-0.394081	0.485882	-0.225795	-0.296586	-0.325434	-0.966863	-0.112052	-0.922288	1.791820	-0.562254	0.972393	-0.032399	-1.984423	0.072359	-0.783216	-2.022409	-2.201944	-1.727734	-1.146959	-1.222988	-0.013605	0.434734	-0.277220	-0.765853	-0.302665	-1.803995	0.511570	-0.967314	-1.564208	0.156572	0.442206	0.495681	-1.182044	-0.199996	-1.504713	0.784014	-0.056405	-1.401903	-0.919224	0.879712	-1.507889	-1.265462	0.584441	-0.863158	-0.041165	-0.825057	-0.328740	1.037679	-0.668026
-0.284820	-1.048931	-0.459038	1.577545	-1.091477	-1.415214	-0.151506	-1.224097	-3.446321	4.392326	-0.584455	-0.588250	-0.735903	-0.044622	0.571003	-0.802725	-5.376273	-0.046529	-1.188725	0.268672	-3.455036	0.545167	0.536580	-0.889792	-0.611080	-0.757915	0.301228	-1.046410	1.292213	0.640984	1.083174	0.329101	0.925212	-1.178064	1.265914	-2.536173	0.274098	-1.786508	0.511332	0.446391	0.490582	-0.475413	-1.739612	0.912804	0.567449	-0.195333	-0.622133	-1.178119	-1.581529	-0.755857
-1.239199	0.077527	-1.836678	1.523035	0.169572	-1.810684	-0.562829	0.831769	-0.226560	0.543267	-3.185110	-1.752066	-0.042462	-1.819748	-0.340726	1.253395	-1.254445	0.293027	0.768256	-0.675622	-2.113732	2.078273	1.819765	-1.512043	-0.915913	0.820085	-0.340800	1.936862	0.234693	1.972470	-2.053174	0.512783	0.780039	-1.389604	-0.191391	2.988274	1.333499	-1.529260	-0.670173	1.598447	-0.153724	0.331312	0.424600	-1.412947	0.527632	-1.737671	0.156301	-1.335474	1.556425	-0.034870
-1.899701	1.210162	-2.215036	-0.336471	0.190522	-0.492713	-2.943722	1.389755	1.936659	1.334488	-1.544963	1.753306	1.095540	-0.995859	1.322910	-0.756444	-1.096477	0.214658	1.084623	1.130891	0.725161	0.654410	-1.673419	-2.642875	1.483520	-1.477130	0.509819	-0.166467	1.144228	-0.653550	0.804313	-1.488776	-1.662697	3.579312	0.469068	-0.276319	-2.906602	0.484747	0.806473	-1.120049	0.336213	-0.946091	1.972416	-1.023489	1.254192	-1.507639	1.041695	0.793365	0.328644	0.713895
-0.094197	0.009580	0.859058	1.108598	2.085486	-1.307706	2.704725	2.085988	-3.580647	2.127560	1.356032	1.202250	2.777980	1.047548	-1.410694	1.017295	-2.088670	-0.257305	-0.078661	-0.252986	-1.627416	0.153784	-0.707373	2.349254	-0.662165	-1.547121	0.957943	2.182729	-1.113703	0.312752	1.649357	0.319999	2.913189	-3.265915	-0.932795	-1.102531	2.181058	1.339248	0.715561	-1.479218	-1.411669	0.734070	-2.537915	-0.600076	0.249185	-0.854803	-1.917568	0.219493	0.938302	-0.156741
0.060365	2.887038	-3.082453	1.781546	-1.177643	-1.204195	0.443413	-1.737297	1.002612	-1.174165	-2.116450	-0.327695	-2.027616	-1.816439	2.297687	-0.395212	1.756462	2.402926	0.989557	-1.379625	-1.122379	-0.267583	-0.054629	0.428745	1.001511	-0.437074	1.683692	-0.738095	-1.604728	-2.123488	0.419501	-3.472002	-0.705464	0.324173	0.160834	-1.619569	0.508493	0.904431	0.504223	1.561911	-0.794582	-0.817751	0.843522	-0.506823	-1.128714	-2.030756	0.129204	-2.619915	-1.178703	-0.069546
-0.444242	0.036927	-0.733168	-2.796138	-1.058916	0.344725	-0.286539	-0.721024	-0.639890	-0.150358	-1.456589	-2.285610	0.432426	-0.418829	-0.918937	0.579576	-0.922055	2.948765	-0.883491	0.806312	-0.158965	1.093751	1.298315	-1.424606	-0.875462	1.205756	0.013073	-2.055762	-0.522674	0.823136	-0.586949	0.402544	-0.703464	-1.483352	1.824353	-0.115590	-1.531063	1.588689	-0.718837	-1.610569	2.382618	0.008863	-1.912115	-0.906872	1.479443	1.049439	-1.684238	-1.837868	-2.128909	-1.121806
-1.423405	-0.283291	-0.214986	1.170634	0.523556	-0.501753	-0.043596	-0.285763	-0.965485	-1.408718	-1.338586	1.515293	-0.612204	-1.436298	0.530738	0.783410	1.656687	-0.469238	0.900425	0.493874	-0.490476	-0.480047	1.563733	0.550404	1.033907	-1.339221	-0.816956	-1.104511	0.693559	-0.567749	-1.471325	1.497841	-0.412747	1.757198	-0.294472	-0.357601	1.992950	0.172186	1.440376	1.451541	-1.305653	0.567625	-0.265453	0.763304	1.128846	-0.795936	-1.117716	-2.176611	-0.541313	0.556109
-2.619586	-1.138341	0.537163	-1.906387	-3.531495	-0.836020	-1.795102	0.365874	-0.733774	-0.573029	1.895575	-0.070188	-2.032601	0.685002	0.322640	-0.138402	0.169693	2.938409	-1.011400	-0.749810	-0.627969	-0.477554	-0.389549	-2.316527	-3.521590	1.340537	-0.233116	-0.782665	0.256106	2.798247	0.083580	0.063673	-2.690251	-0.106008	-0.206959	4.134480	-2.223581	-2.239732	0.176484	0.699447	0.806615	0.541295	2.272200	1.858604	1.063126	0.254912	0.293373	-1.186155	-0.281530	2.204203
0.799697	0.748082	-1.131921	-0.052226	-0.962742	1.028013	-1.048596	-0.459796	1.583289	0.596814	-1.825021	0.516529	-1.103832	-0.754932	0.064921	0.511395	0.611252	0.970047	-0.169185	1.033369	-1.798419	0.329608	2.413461	-0.303183	-1.480450	0.088303	2.201351	-0.485026	0.837099	-0.299021	-1.487031	-0.877675	0.281662	-0.056224	-0.689428	-0.466978	-0.381307	1.672161	1.957127	1.196015	-0.237182	1.260274	-0.754851	0.280313	1.573771	0.261426	-0.142873	-1.666101	-1.164608	0.312381
1.089527	0.770464	-2.895863	0.786081	0.584420	1.497867	-0.469874	-0.402828	-0.486510	1.018556	-0.770810	2.082022	1.444158	-1.504395	-1.168171	-0.188750	0.292493	-1.657717	0.680046	2.054561	-2.357466	0.213864	0.197518	-0.311167	-0.779900	-0.178578	1.590757	0.502155	1.803514	-1.094224	0.217608	-1.600209	-0.679275	-0.236926	2.160374	-1.681525	-0.685960	0.723719	1.745481	-0.594932	1.881309	0.696933	-1.178367	-0.188156	2.101230	1.957797	-0.597735	-0.067703	0.864403	-0.281389
0.413149	0.089426	2.766659	-1.273511	3.176915	-0.365841	-0.499010	-0.619243	-0.050262	0.234039	0.545308	1.981720	0.949342	0.428395	-3.096119	0.653408	0.383374	-1.139014	1.796389	-0.117253	-0.325784	-1.169099	-0.964719	1.138935	-2.309264	0.194261	-1.622965	-1.060199	1.139936	-1.038084	-1.021232	1.623442	2.590626	-2.329671	0.507602	-0.584314	1.230802	1.425618	0.983532	-0.453747	0.400011	-0.232432	-1.818138	-1.833091	-1.584371	1.453087	-0.029088	1.901192	1.287933	-0.897712
1.545632	1.908134	-0.930486	1.768212	0.559451	2.882908	2.156774	-0.209349	1.183188	-0.114495	-0.040164	0.414269	0.515170	-1.015234	-0.199926	0.913080	1.403522	2.579864	2.401833	1.811919	-0.065983	0.294289	1.104363	1.402306	0.263074	0.720649	1.272303	-0.738011	-1.071837	-1.007488	-1.033077	-1.799264	-1.426889	0.033360	-2.637345	-0.147088	-0.583928	2.658187	0.263389	-0.085532	-1.299587	-0.696440	1.499911	-1.564427	-1.536013	1.686483	0.054959	-1.944822	-0.241636	-0.152612
-1.006199	0.952910	-3.332935	-0.947073	-0.670942	-1.037075	0.113184	0.230210	0.701533	-0.053364	-0.416106	0.486416	-0.343723	-1.409944	1.772622	2.108340	-0.247894	-1.232291	-0.149137	-1.006768	0.994191	0.700954	-0.674008	0.287307	3.173536	-0.788390	0.362577	2.485428	0.257720	0.570008	1.240468	-0.847986	-0.329189	3.676542	0.487878	-0.634541	0.148414	0.368817	0.197943	1.596535	0.985903	1.380471	2.140449	0.746645	3.203013	-1.664705	1.857561	-1.995975	1.847740	1.005593
3.026703	-2.976497	0.618459	1.424019	-0.637782	2.435589	2.566109	-1.544389	-1.148851	1.645906	-0.152131	-1.198882	-0.039961	-3.090023	0.589441	-0.672424	-2.313487	-2.168854	0.441595	-1.045833	-2.783275	-1.341634	-0.590138	3.696718	-0.419269	2.226866	-0.260877	-0.380447	1.050068	1.584108	-0.534997	-0.324717	0.021542	-0.715682	-0.655754	3.029417	3.300063	0.854343	-1.202600	-1.354049	-1.217029	-0.697803	0.887050	-1.891922	-2.174254	2.525483	1.450989	-0.712665	0.335091	1.570482
0.196837	-0.556678	0.367412	-0.937350	0.137796	0.607720	-0.139655	0.273830	-0.497630	-0.303223	-0.160437	-2.039001	-1.816690	-0.446490	-0.823437	-2.397489	-0.125259	-0.971177	-0.814600	1.199284	-0.569257	1.530152	0.931746	-1.420549	-1.568157	0.955005	1.274758	-1.166964	-0.600241	-0.482587	0.254042	-0.638198	0.349210	-1.454652	0.039189	-0.974359	-1.632415	-0.552764	-0.206014	1.890139	0.475508	-0.830122	-1.077099	0.388901	0.133777	0.457725	-1.080532	0.406108	-1.834752	-1.553966
0.802591	0.676057	0.550515	0.554578	2.097719	1.254417	1.422426	-0.054854	-0.788031	-0.732844	-0.154232	-1.461872	0.162902	-0.688686	-3.671435	-0.600428	1.069588	1.092749	0.961994	1.702199	-0.819672	-0.152297	0.044705	1.096836	-1.343032	1.817951	-1.040904	-1.417651	-0.079657	0.083359	-0.500399	0.452378	2.523540	-3.856124	2.019428	1.503026	-0.059273	0.622071	-0.537152	0.065566	0.765090	-1.279899	-4.412166	-2.250076	-1.890684	1.270864	-2.357782	0.773112	-0.491593	-2.114626
0.457929	-0.717435	2.361284	0.863229	0.531252	1.807586	2.984063	0.187691	1.486815	-1.199307	1.871722	-1.996318	0.933659	-0.697076	0.096460	-1.285400	1.946194	2.680620	3.437787	-0.062132	2.526286	-2.537965	-3.902061	4.115488	2.791280	1.684834	-0.523879	1.370828	-1.379861	0.068070	3.550227	0.161966	1.705263	1.818148	0.633765	1.081707	2.263901	-0.494782	-0.493430	0.041189	-0.802646	-1.532797	-0.391030	-3.201022	-1.746424	2.337770	0.601541	-0.473319	1.599997	0.748597
-0.151304	-0.920400	0.820165	-0.613422	-1.037380	0.072581	0.553369	-0.019236	-3.195873	1.290914	1.485696	3.491520	-0.052506	2.072391	2.344070	1.739476	0.166086	-1.646518	-1.598576	-1.439412	0.317635	0.250602	1.060294	0.646333	2.388845	-2.115017	0.245874	0.489883	1.431744	0.548596	0.502113	1.074001	0.286944	1.768710	-1.493218	-0.916203	2.130719	0.683487	2.060811	0.447534	0.559704	2.502022	-3.606707	1.996078	2.246457	-0.743250	-3.154013	-1.039256	-0.471703	0.391988
1.936648	-0.480627	-0.573862	0.257542	1.680863	3.075164	1.424784	-1.138731	1.826070	-0.027002	-0.530910	0.695110	-0.437970	-0.685789	-1.400401	1.260044	0.736311	-1.828675	2.880628	-0.470597	-1.004994	-0.196577	1.800446	0.074899	-0.888592	0.310052	-0.039715	-2.403502	0.319287	0.004258	-0.536304	0.308273	1.379445	-2.117082	-0.566620	-0.211487	-1.099096	1.044618	-0.028952	0.627999	0.197222	0.930027	-1.174524	-1.799218	0.249515	2.672485	-0.323312	-1.019392	-0.716432	0.613879
-1.080968	1.098759	-0.908641	0.576239	-2.221271	0.558378	-1.629019	1.848823	0.186496	0.276748	-0.178397	-0.851469	1.208528	0.257118	-0.475024	0.268026	-0.768774	1.958796	-2.453789	1.817118	0.270681	0.592697	0.970098	-1.646455	0.620680	-0.079637	0.301554	-1.320781	0.368084	-0.795758	-1.722622	-0.939414	-2.884712	1.224804	-1.642818	-2.562639	-1.610752	0.286919	-0.405130	-1.757803	-0.502659	0.579128	-0.644211	2.710505	0.561431	2.546295	-1.436295	-0.399522	-2.049035	-1.403339
2.054248	-1.817565	0.514613	-2.229452	0.047371	1.916103	-0.443072	-0.232435	-2.056490	0.445588	1.090546	-2.825647	0.070776	0.815316	-0.993868	-1.226564	-0.120412	0.086574	-0.322355	-0.397477	-2.039027	0.342260	0.202339	-1.558393	-0.834917	2.049600	-0.335057	-1.445657	-0.281687	0.926872	-1.727697	-0.476871	-0.806471	-1.784542	0.981805	2.172096	1.685133	-0.040061	-0.249354	-0.723250	0.224989	-2.199576	-1.909599	0.989966	-2.236909	2.752724	-2.736606	-2.765063	-2.157272	-1.309819
-0.534128	-0.699857	-0.177699	0.333505	-0.188876	0.065754	-0.463944	-1.756896	-0.418172	0.885283	0.323690	3.757181	-1.838699	2.246044	-0.309416	1.085251	-0.347934	-1.278529	-0.780158	-0.599968	-0.731648	-0.472523	2.028638	-0.558998	0.320048	-1.357742	-0.233616	-2.588585	1.646279	0.206444	-2.781728	1.779990	-1.221844	-0.812195	0.489840	-0.398909	-0.104181	-0.898967	1.539601	-0.156150	-0.867541	2.625942	0.432691	0.776786	2.194362	0.725406	0.089380	-1.197965	-2.612722	-0.194746
-1.237759	1.085882	1.840453	-1.224588	0.946087	-0.973326	1.630247	0.613428	-1.492415	-1.115091	2.485430	-1.717642	1.201083	3.129315	1.081789	-0.447394	0.270674	2.971884	-1.630769	-0.656449	-0.129771	-1.269921	-0.062580	3.418903	-0.595773	0.347873	-0.847059	0.617861	-0.036422	0.660570	-0.175537	0.199489	-0.731809	-0.492059	-1.432583	0.614807	3.061209	-1.437685	-0.867033	-0.437956	-2.051759	-1.065292	-2.021874	1.896243	-0.727010	-0.760275	-1.806208	2.368477	0.388665	0.327676
-0.172084	1.359093	-1.528806	-0.193635	-0.568730	1.483872	-2.717822	2.467223	0.420596	0.621759	-1.615934	0.731146	0.168308	-2.769441	1.258559	1.045583	0.828059	0.406544	-0.582948	1.110323	0.027909	0.195423	-1.032073	-3.111026	-0.367572	0.093130	0.289617	-0.219715	0.799884	-0.456932	1.608463	-0.112869	0.270598	2.412297	0.979426	0.713919	-1.790597	2.024350	-1.318747	0.233477	0.606375	0.229267	-0.405360	1.989930	1.887682	-0.483485	-0.323172	-0.412755	0.143469	-0.349121
1.643581	-0.189204	1.246389	-0.796677	0.951376	2.312666	1.226459	0.639876	0.286904	2.073074	2.136255	1.511782	1.504267	4.239847	-0.639416	0.516000	-1.121752	-0.890575	-1.786352	-1.357985	-1.264200	-1.976240	0.582754	1.372331	-0.618372	-0.738055	-1.502564	-1.102733	3.200110	0.518028	-0.755407	0.379033	2.484349	-0.568210	-1.978321	-0.257049	1.832974	0.130857	-1.749473	-0.827500	-1.391056	0.584344	-1.977086	-0.110656	-0.184022	2.090992	0.920944	2.967664	1.718848	0.468873
-2.386629	1.959003	-4.286944	-0.775593	-0.845888	-1.304033	-1.049960	-0.326209	0.312454	0.371002	-0.513357	0.329909	0.737100	-0.682740	0.670130	1.973278	0.726444	2.154612	-2.390558	1.742692	-0.867337	0.577028	1.024426	-1.223302	1.020041	-0.210251	1.581067	1.560349	0.252895	1.584094	1.049714	-1.219007	-2.456486	1.672137	1.284255	1.213904	-0.525146	-2.175323	-0.935324	-1.715037	3.505279	1.908683	-0.132561	0.744736	4.854143	-0.283999	-2.392665	-1.319119	0.211132	-0.255604
-1.413639	1.320909	0.553506	0.786110	0.046640	-0.920338	-1.723020	1.810397	1.249879	-2.423776	0.020603	-3.224472	0.792682	0.970660	0.490115	0.552106	2.150224	2.107219	-1.991768	-1.283367	2.257375	-0.195669	-2.398001	-0.784948	0.410250	0.037778	-1.464104	1.217321	-2.846201	-0.910738	0.612820	1.373816	-0.116623	0.811668	-0.137745	0.310830	-0.668421	-0.018640	-3.527538	0.819109	0.118184	-1.722389	-0.630775	-1.385652	0.252145	-1.536598	-0.704449	-0.117211	0.919847	-0.778986
1.301376	-0.286330	0.580558	2.153708	0.720764	0.833316	0.385232	0.115083	-3.510249	1.288927	-1.131965	-1.701604	0.803546	0.845013	1.381013	0.346364	-0.999956	1.279037	-0.370113	0.307032	0.069165	-1.748885	-0.204674	1.310161	1.782679	1.023606	0.105432	-0.198259	1.231760	0.679650	-0.415892	0.746844	1.552608	-0.535711	-1.024499	0.532082	2.562173	0.273800	0.357364	-1.386562	-2.315435	0.217017	-4.230666	0.814065	-0.773420	1.566516	-2.174038	-0.543998	-1.062567	-1.928450
2.003975	0.774244	0.829331	0.198378	0.073090	2.070167	0.112552	-1.576697	0.837691	0.533915	0.522352	-0.333188	-1.356022	0.661952	-0.066142	-0.215892	0.498187	3.421063	-0.785557	-0.904145	-1.800782	-0.378125	0.298527	0.294607	-1.455984	1.158385	0.205185	-0.432269	1.307747	0.222571	0.535378	1.803930	0.900346	-0.947870	-1.548303	-0.529110	-0.600410	1.783317	-1.263206	0.883508	-1.888522	1.211818	-1.402087	1.275430	-1.008129	2.373691	-0.455435	-1.680848	-1.486017	0.125948
1.523518	-0.864678	-0.136336	-0.259133	0.494942	3.352098	1.119184	-0.823557	0.802691	2.856723	-1.756048	2.565887	-0.920382	0.659622	-2.475971	-1.457015	-1.902637	-4.214934	0.641563	-0.067031	-2.159564	-1.625041	-0.389177	0.116496	-0.784337	-0.896199	0.383653	-2.737313	1.176551	-1.406508	2.067051	-0.882954	1.838317	-1.925181	-0.749945	-2.540657	0.917958	0.757468	0.509987	-0.165900	-0.503169	0.575276	-1.123311	-0.813287	-0.437641	1.437803	1.386182	0.617099	-0.915849	-0.626460
0.825281	-0.439363	-0.457980	0.974436	1.908147	0.339502	-1.171575	1.852208	-1.057102	-0.153907	-0.311269	-1.740725	3.046360	-1.530058	0.281675	-0.450473	-0.529914	-1.501877	0.632383	1.909087	0.949173	-0.208903	-1.740842	-1.580346	0.226737	1.118197	0.287740	3.020848	0.229128	0.773591	0.953500	-0.769278	1.378066	0.712728	0.716252	1.471983	-0.930832	0.743540	1.076604	-2.614390	-0.625586	-0.816787	-0.780647	-0.018648	-0.551474	-0.221110	-0.950742	2.218228	2.215677	0.547849
-2.430366	0.521281	-1.029271	0.867309	-1.239584	-2.813228	-0.172165	-1.034074	0.367313	-1.936068	-0.686122	-0.844969	-3.571129	-2.679624	-0.341217	-3.156371	1.150838	3.591014	0.134389	-2.027169	-1.268792	-0.722097	-0.955274	0.008670	-3.214690	0.775722	-0.738397	-3.880005	-1.766119	0.430698	0.205086	-0.250108	-1.806454	-3.169202	-1.623515	3.624406	-1.805470	-1.177922	0.268623	3.592604	-1.586887	-2.386928	1.078062	-0.256097	0.505434	-1.665361	0.329440	0.215350	-3.408077	-1.958387
-1.532976	-0.961379	0.732578	-0.681656	0.279220	-1.613830	-2.741757	0.197668	3.794164	1.013519	1.241167	0.191489	0.588369	0.305763	1.611891	-1.249410	-0.623857	-1.993276	2.109994	1.084912	3.378821	0.347658	-0.405087	-1.808024	1.855128	-0.011995	0.579814	0.782960	0.260937	0.173055	0.138816	-0.525994	-1.043782	1.339975	2.355686	0.863833	-2.470716	-1.294944	1.077596	0.742924	1.011527	-1.399532	4.147030	-1.611457	2.544269	0.432443	3.662333	0.672050	3.068893	-0.951986
0.244331	1.445932	1.447133	-0.074457	2.169578	1.094168	-1.969681	-0.423633	0.954081	-2.572868	-1.188132	-1.948586	-0.288862	-0.714465	0.751308	-2.070215	2.245458	0.849355	-0.233078	0.327755	1.470265	0.240478	-1.731913	-1.084026	-0.182724	1.399780	-0.682838	-0.308926	-2.106618	-1.909850	1.643855	0.924634	1.207433	0.803034	0.636942	-1.407524	0.896641	1.888968	0.341695	1.690258	-0.383976	-0.922820	0.651993	0.884637	-0.725557	0.755780	0.735163	3.358373	-0.309631	-0.999253
2.657188	-1.959761	2.040379	0.518364	-0.467135	2.191115	0.325845	-1.449733	-1.938649	0.005747	1.205131	-0.668808	0.160242	0.981367	1.234825	-0.435455	-0.274032	-2.271922	1.166047	-1.085122	0.203204	-0.724602	-2.335878	0.887346	-1.122336	1.711019	-1.546283	-0.209462	-0.803308	0.358850	0.830530	0.432216	0.372519	-1.118827	-0.105985	0.995610	0.910670	0.674386	-0.124885	0.268523	-0.749540	-0.927510	-3.150969	-0.165057	-2.222375	3.110550	-1.992893	0.311431	-0.624988	-0.798044
-1.328215	-1.270204	1.518187	-2.573733	0.751325	-1.012374	0.326316	0.816952	1.940281	-1.226194	0.869253	-0.968296	0.726908	3.928504	0.940400	-0.303277	2.100911	-1.833799	-1.020733	-0.316402	0.431133	-0.033064	-0.105617	1.699682	0.261661	1.137814	-1.421857	-0.733880	0.414357	0.272090	0.025259	1.362579	0.003512	-0.603800	2.350450	0.683878	0.129246	-1.092600	-0.285603	-1.580939	1.898495	0.402372	0.964403	-0.178898	0.325635	0.708661	0.829043	1.844983	-0.790820	-0.209074
1.221965	0.822191	-0.080215	0.554568	-0.969479	3.971665	0.661620	-0.618286	-0.034470	0.448744	-0.058456	1.277627	0.061242	-0.761435	2.093128	-1.363165	-0.034849	1.895025	-1.657036	-0.625356	-0.027946	-1.335129	0.232461	0.422048	1.458887	1.579533	-0.778926	-0.204965	0.627710	-0.290007	-1.016528	-0.744559	-0.488235	1.203468	0.796784	0.191492	0.071454	1.631354	1.382942	-0.922880	-0.891642	0.067100	-0.368738	2.189266	-1.890204	4.599085	0.021780	1.223710	-0.603772	0.594499
0.554611	-1.083163	1.096397	1.813063	-0.596789	1.217982	0.034539	0.413926	-2.331816	2.725819	-1.599894	2.036180	0.982163	-2.698677	-0.216516	0.182761	-2.081703	-0.411645	1.185602	1.238967	0.315021	-0.084158	-1.509189	-0.092177	2.717007	-0.915847	-0.779935	-0.203091	0.482427	0.279018	0.419992	0.878986	0.537221	3.061340	0.905396	0.894072	0.677110	-0.353793	-0.364463	-2.362534	-0.794530	-0.270921	-1.785235	-1.608073	-0.864377	0.690963	-1.052976	-1.588788	-0.499897	-0.537027
0.770764	0.044939	-1.754405	-1.576673	-0.567314	-0.355137	-2.478024	1.208738	0.778190	-0.971634	-0.307737	-0.352258	-1.191946	0.009178	-2.079349	-1.592919	0.383520	-0.101988	-0.514982	0.373161	-0.224396	-0.964023	0.394020	-1.552397	-2.049218	0.894752	-0.447508	-0.544467	-0.360614	-0.410096	-0.741926	-1.320412	0.207356	-0.503468	-0.889092	1.574348	-3.282451	0.235674	-0.216918	0.148962	-0.502150	-0.994188	-1.114310	0.167649	-0.129365	0.325294	-1.797377	-0.984285	0.647701	1.009502
-0.555514	1.551465	-0.495070	-2.374061	-1.699937	0.456151	-0.382193	0.640745	-1.166301	-2.611940	1.258827	1.977229	0.183262	-0.125690	-1.512235	1.061973	3.307340	2.762211	-1.969411	-1.647667	0.429006	-0.905969	-0.710435	0.490484	0.511310	-1.225872	0.713416	2.309605	-0.565477	-0.278500	1.284224	-0.610554	-1.495433	0.365626	0.387978	-0.706392	1.328333	-0.900325	0.156950	-0.011990	0.496588	0.867651	-3.552555	1.251240	1.786788	0.746641	-4.123565	-0.152347	1.275196	-1.001717
1.145290	-0.718636	0.007740	-2.048450	-1.438208	0.413355	1.002051	-0.808817	1.582213	-0.393467	1.557944	-0.692680	-0.431439	0.639894	-3.119727	-0.886923	-0.662893	0.497122	-0.190717	0.420296	-0.813878	-0.804411	1.276079	0.855304	-1.460708	0.227285	0.825026	-1.085066	0.796577	0.802863	-1.464904	-0.873937	-0.671609	-1.589658	1.867607	-0.688366	-0.978596	0.582511	-1.313387	-0.704560	0.629050	0.044612	2.797410	-1.593280	-1.123801	1.169208	3.178834	0.680463	-1.639707	0.052677
0.415344	-0.426275	0.745142	1.509955	-1.081231	0.319080	2.180668	1.272630	0.138101	1.810320	0.801433	1.941246	0.960717	-0.877201	-3.734497	1.991903	-0.898959	1.066930	-2.891077	-1.729403	-2.635896	1.094919	1.205088	2.353105	-2.525735	-1.655907	-0.507997	-1.048859	2.395429	-0.275034	-0.507406	1.194507	-0.120029	-3.476073	-0.726850	-2.406015	1.096494	0.761952	1.809435	-1.980097	0.670449	1.447732	0.709717	2.805431	-0.279903	-1.027020	0.661400	-2.065926	-0.604947	0.872326
3.374907	-0.915874	1.965852	-0.247726	1.142944	1.628511	1.292192	-0.502032	-1.040616	0.937461	1.300779	0.460073	1.208411	-0.236346	-0.483825	0.887944	-0.495688	-1.427679	0.744837	1.081916	1.303744	-2.534036	-1.090816	1.634348	0.648562	-0.144666	0.993465	-0.022671	1.168430	0.082830	-0.500970	0.939010	1.126414	-0.196625	1.040811	-1.825400	0.448648	2.519888	0.347355	-1.255814	-1.320531	1.076369	-0.380886	-1.354343	-2.027067	1.060659	1.284112	-0.512846	0.829704	0.614504
1.268667	0.478143	-1.153896	0.007840	1.020092	2.094375	-0.265855	0.941643	0.924917	3.215109	0.881869	1.984393	2.032951	0.529866	-2.087179	0.384991	-2.333081	1.415858	0.222968	-0.505366	-1.870321	1.140980	-0.090955	-1.164569	-1.856076	0.179563	1.007140	0.019955	1.410940	-0.349260	0.392583	-0.252373	0.316678	-1.747627	-1.360370	1.049254	-2.857788	-0.586828	1.592548	-2.236521	-0.979634	-1.221673	0.332290	0.787416	-1.145072	0.998880	1.949990	-2.093929	-0.215696	-0.481027
-0.992225	0.290550	-0.119746	2.899374	0.051318	-1.640131	-0.308019	-0.078935	-3.827727	-0.708337	-3.447220	-0.232169	-0.204353	-3.511041	-0.833718	0.086278	-1.263919	0.090122	2.608811	2.581439	-0.332263	0.466859	-0.798984	-1.092507	-0.107350	-0.375112	0.318332	-0.059926	-0.126654	-0.212486	0.243789	1.239065	-1.086163	0.666393	-2.355151	-0.791752	1.394145	-1.785339	-1.034417	0.938573	-3.552913	0.850561	-1.406602	-1.420166	1.264329	-1.205477	-2.142663	-0.059801	-0.854392	-0.251904
1.291524	-0.410994	-1.392439	0.139833	0.923804	1.237878	1.392750	-0.105671	-2.898465	-0.893553	-1.066742	-3.206858	1.063001	-1.554768	-2.269069	-1.451973	-0.512434	-2.507419	2.432610	-0.191192	-1.305367	-1.131805	-1.283742	0.893981	-0.272279	1.309423	0.252706	0.677562	-0.977878	0.250018	1.062319	-1.713063	1.001752	-2.166404	0.497242	0.984261	2.261170	1.406097	-0.221007	-1.023719	-1.356623	-1.693825	-4.360768	-0.830244	-2.592086	0.213921	-2.396941	1.446726	-0.439221	-2.649571
1.613277	1.737659	-3.119225	1.257016	-0.991019	0.162244	-0.586833	1.113246	0.212885	0.813351	-2.528936	0.716797	0.446443	-2.578954	1.839884	1.657195	-0.468575	-0.579459	1.051403	1.618921	-0.109913	-0.332374	1.194759	-1.586020	1.333249	-0.092212	0.686606	-0.338281	1.298543	0.483787	-0.896475	0.023735	-0.525263	1.502357	-0.337357	-0.049132	-2.015170	1.969543	1.048101	-1.052628	-2.197759	1.673584	1.179168	-0.377500	0.449934	-0.389995	1.540541	0.012728	0.469683	0.276558
0.167452	1.264306	-1.341266	1.967216	-0.703309	-0.877600	1.220514	0.804054	-1.970989	0.127377	-0.103406	0.006197	1.350196	-0.603675	3.215776	-0.566666	-1.608796	0.878758	-1.945660	0.388911	-0.173646	1.679005	-1.755693	1.340332	1.327801	-0.779881	-0.733195	0.562792	-1.133961	-0.035619	0.686232	0.029969	-1.204539	0.969984	0.057956	0.449504	0.019960	-0.972135	0.515851	-0.783736	-1.474329	-0.546125	0.900905	2.036249	0.545621	-0.441415	-0.786842	1.427272	-0.422539	0.707983
0.486607	-1.293839	0.569299	-1.816920	-0.740799	-0.454791	0.250291	1.744205	-0.766771	0.702095	1.381332	1.291433	0.738508	1.862597	-2.107007	0.384626	-0.951368	-4.528287	-2.096173	-0.726098	-2.701005	-0.120459	-0.410583	0.726669	-2.040751	0.102745	0.035855	0.843905	-0.182514	0.318480	-0.608908	-1.047067	0.328926	-1.104307	1.674227	0.789421	1.085852	0.539880	0.960551	-1.132939	0.805329	-0.259817	0.985710	1.900505	0.660906	-0.016893	0.764639	1.163081	1.118298	0.791254
-0.491754	0.471673	0.615257	0.105302	-2.084172	0.386452	0.379663	-0.567119	-0.501602	2.274349	0.405265	2.918088	-0.867583	-1.651908	1.285946	0.048522	-1.276037	1.253955	-0.054475	-0.971687	0.817220	-2.126755	0.172053	0.589734	0.381087	-0.614440	0.718376	1.065353	2.533282	1.057905	0.658437	0.043712	-1.775839	0.520140	0.138735	1.459252	-0.727547	-1.664748	3.015752	-0.522575	1.122634	0.968291	-0.645475	0.538338	0.242821	0.012088	-0.104160	0.453896	0.445364	1.474404
1.176327	3.584853	-1.546009	0.705822	4.228024	1.887259	0.929274	0.522690	-1.234065	0.135719	0.128697	0.994585	0.695221	-0.746285	-0.268193	0.597651	0.420975	2.865219	3.070538	0.454305	-2.093494	0.177549	0.427385	1.813372	-1.437652	-1.460400	1.338484	0.348326	-0.136991	-1.833440	-1.148690	-1.812932	3.547400	-1.014418	-0.671602	-3.022419	1.239740	1.147402	1.963223	0.764287	0.035843	-0.244487	-2.052307	-1.715833	0.189402	0.846401	-0.124912	2.110469	-0.337360	-0.413543
1.628039	-0.708803	0.250388	-1.062921	-0.265856	3.473259	2.307698	1.766040	-0.800019	-2.167010	3.161460	-1.970127	0.625832	3.019590	-1.289124	-0.251738	2.234184	-0.320299	-2.496223	-1.992125	-0.753689	-0.081557	0.695689	1.938211	-1.788425	1.556541	1.115489	1.887264	-2.449368	0.996452	-0.580815	-1.310402	-1.528196	-3.049293	0.908014	0.451997	0.745100	-1.304938	-1.290433	1.130590	0.144097	0.326570	-0.283753	1.024022	-2.300491	2.006486	-2.138805	-0.121942	-0.016788	-0.156872
2.384241	-0.319304	-0.649927	-0.981199	0.131212	1.732374	0.144984	0.105179	3.088499	-0.460231	1.885057	-1.234670	0.142385	-0.723331	0.951052	0.833191	1.839947	-1.525054	-1.351134	1.397723	-0.980177	-1.601932	1.212353	1.308952	0.466582	0.690473	0.573256	-1.206124	0.824553	0.463321	-0.146008	0.042172	-0.873302	-0.013981	0.801903	-1.734666	1.320723	0.749710	-0.577971	-0.786199	0.490004	1.321438	1.054401	0.151505	0.856687	1.564011	1.668159	-1.608240	-1.310322	0.637523
1.947550	-1.848376	2.783679	-1.658253	-0.894130	1.009296	1.442251	-0.171295	-1.931763	2.300612	1.819344	0.798286	-0.365901	1.488271	-1.675647	-0.212437	-1.296731	1.000662	-1.527868	-0.378545	0.440853	1.185256	-2.023597	0.861770	0.196735	0.066609	-0.115742	-0.592194	-0.253293	0.749544	1.682466	1.243816	0.903765	-0.223768	1.828055	-0.173342	0.675240	2.989822	0.750431	1.828166	1.363583	0.097320	-0.049247	1.172530	-1.164797	1.880112	-0.436147	-1.703544	1.116956	1.160984
1.045377	1.055743	-1.141472	1.346128	-0.999762	0.303377	-0.567165	-1.369505	-0.518551	-0.636574	0.001618	0.148432	1.168786	0.506495	0.341871	0.237675	1.272851	-0.715248	-1.793203	0.196497	-1.923268	-0.070059	-1.019872	-0.311131	-2.227252	-0.789624	-1.343963	-0.592902	-0.866635	-1.656482	-0.489967	-0.765195	-0.301508	-0.299293	-1.340477	-0.403543	-0.056036	0.975341	0.884559	-0.777104	-0.715360	-1.139527	0.809872	2.261883	-0.692442	-0.950395	-0.470155	0.459002	-0.499733	2.026368
2.685976	0.469742	0.547241	0.611350	1.425909	3.132996	1.736257	-1.369657	-3.122589	2.829210	0.850013	0.554699	0.937262	0.401098	-0.390591	-1.348182	-2.082311	4.817598	2.132827	-0.612298	-2.975643	0.255798	-0.001162	2.016836	-0.980635	1.239142	1.402330	1.235894	0.710704	0.848213	1.134197	-1.170914	0.051279	-2.428739	-0.685844	0.191424	2.593988	2.145819	2.022806	-0.377981	-0.698024	-0.530944	-2.385329	0.426454	-1.630300	3.046940	-1.337080	1.038895	0.505184	0.266007
-0.835995	-0.869674	0.749033	0.943768	-0.385717	-0.271776	-1.369199	0.094720	-2.823950	1.604114	0.808005	1.871852	0.193189	-0.376534	0.396262	-0.413220	-1.739910	2.379235	0.298852	-0.879835	1.315633	-0.481148	0.669321	-1.199988	1.763610	-0.064699	-1.191216	1.356585	1.867142	2.462367	-1.062097	0.648370	-1.821449	0.449644	-1.232346	3.298939	-0.032769	-0.292747	-0.785627	-1.002237	-0.961128	0.836843	-1.443535	0.358485	1.066513	-1.200765	-0.944391	-0.572053	0.851954	-0.212615
1.038700	0.364541	0.974482	2.167129	0.984834	1.446328	0.686553	0.350878	-0.821271	-0.462671	-0.766392	1.409211	0.480952	2.206824	0.320908	-1.014738	1.294075	-1.572865	-0.469600	-1.211798	-1.528223	-0.667163	0.523124	0.825435	-1.317596	-1.120605	-0.885288	-0.235160	-0.045587	-2.343921	-1.608843	0.172220	0.705017	-0.332966	0.037625	-1.208983	2.217644	1.752059	1.119975	-0.186521	-0.319426	-0.907171	0.512433	1.251853	-0.704924	1.957412	0.644290	1.421407	0.620354	0.782303
-0.597919	-0.983671	1.032808	-1.984069	-0.144020	1.413426	-1.478274	0.514229	-1.345304	0.219122	0.925598	0.325392	0.700927	0.397688	1.353680	0.205835	0.583519	1.453309	1.082655	-0.674602	0.809925	-1.026686	-0.636476	-0.084274	0.411126	0.359418	1.761877	-1.283834	1.249077	1.519500	-0.140559	0.092121	1.611808	-0.116069	-1.969458	0.458696	0.670049	-0.598200	1.010334	-1.580144	-0.436313	1.513977	-4.299613	-1.794950	0.977216	1.713306	-2.914873	-1.042387	-2.691926	-0.336721
2.042477	-0.454736	-0.364343	-1.044046	3.854112	3.615559	-0.574666	0.325497	3.078054	-2.466170	0.243403	-1.993297	1.168694	1.417152	-0.435421	-1.471704	3.214979	-1.952752	3.971242	1.791648	2.610528	-1.336495	-0.872548	-0.081637	-0.156916	1.491408	-0.495921	0.231809	-0.340281	-1.202594	-1.464116	-0.544519	3.421217	-0.324775	1.948126	-1.321517	-1.417721	1.393432	-1.540733	1.000152	0.300655	-0.362438	-1.728905	-2.213309	-0.824696	3.335432	0.309384	2.195464	1.284836	-0.186304
-2.615216	2.446486	-2.693324	-0.437414	-2.440270	-1.155090	-0.481944	0.959552	4.288342	-3.009529	1.049480	1.738007	-0.986203	-0.479211	-4.499088	1.036614	3.504382	1.770216	-2.190711	-0.794556	-1.181328	-0.051539	-0.213336	-0.167461	-2.971355	-1.437197	2.241294	-1.312995	-1.479099	-1.502083	0.693863	-2.052689	-0.663404	-2.808913	-1.508386	-0.081418	-3.752606	-0.054156	0.247624	-0.316402	0.609037	0.289545	0.594846	1.151176	2.043349	-1.689848	0.883357	-0.163682	-1.509111	0.192584
0.769436	-0.093950	0.303707	-0.252147	3.944275	-0.585149	1.964693	0.446590	-0.040755	-0.236854	0.526772	0.017913	1.276256	-2.048043	-2.238865	0.014399	-1.194603	0.419664	3.293391	-2.618718	-0.446724	-0.056009	0.369894	2.564086	-0.892695	0.211865	-0.669988	-0.007052	0.674259	1.768901	-1.420063	0.635493	3.830933	-2.427298	2.551891	1.338103	2.493230	-1.450057	1.247903	0.775260	1.154258	0.835884	-0.204373	-0.719895	-0.176865	0.004100	2.005212	3.146066	1.640401	-0.598261
0.416285	-1.367983	0.835558	-0.164321	1.664167	-0.218792	1.121018	0.211367	0.866939	0.481690	0.541547	0.178125	0.634341	3.006690	-0.772960	-0.246227	-1.045781	-1.697549	-0.079477	0.943119	1.095748	1.297498	0.397080	1.253091	0.014869	0.940573	-0.036381	0.238642	-0.120558	0.654421	-0.648940	-0.395932	1.678283	-0.668226	-1.135091	0.742290	-0.769225	1.113385	0.798088	1.158353	0.127272	-0.417177	2.694418	-0.540122	-1.829994	0.772823	3.393903	0.600921	1.284937	-0.070829
1.063099	-0.733066	1.166612	-1.689500	-0.899911	0.986216	0.144508	0.163957	-1.195437	2.349558	0.961830	1.413000	1.425827	1.589787	1.199351	0.087088	-2.048433	-1.864121	-1.172436	-0.746730	0.467922	0.066032	-2.221618	0.438202	2.221164	-1.238391	-1.178717	1.342360	1.646621	0.272967	0.680011	0.568837	0.194091	2.643342	-0.949594	-0.223788	2.721004	1.387810	1.335456	0.648222	-0.236508	-0.209567	-0.760940	1.251967	-1.204271	0.158321	-0.785015	0.014365	1.117608	1.116282
-0.164084	-0.538942	2.052807	1.128574	-2.051341	0.923576	-0.514456	-0.167639	3.258950	-0.475445	-0.607353	1.559334	-0.562696	0.542490	2.032697	0.308217	1.034549	-1.702769	-2.283653	-1.636348	3.315429	0.935200	-1.349542	-0.513670	0.871286	-1.046235	-1.215642	1.371788	0.320704	-1.829825	0.561054	1.685421	-0.460604	1.159182	-0.703901	-1.472765	-1.765573	0.575725	0.799953	1.168628	-0.496011	-1.158923	4.801251	0.853877	-1.840894	1.218511	4.161494	-0.650457	2.946589	1.357094
0.351237	-1.348191	0.452710	-2.046343	-1.231497	-0.661123	-1.479432	-0.077737	0.793016	1.078634	-0.366824	0.363874	-1.546488	-0.774240	4.041365	-0.888646	-0.407296	0.642587	0.057157	0.510436	-1.271681	-0.587433	1.731215	-0.223008	-0.686363	-0.044176	0.512274	-1.706925	0.880128	1.547715	-1.283586	-0.700658	-1.183974	-0.266361	1.526702	1.726799	-0.077080	2.232253	1.171163	0.762793	2.527883	-0.220966	-0.181155	1.736414	-0.303952	-0.383061	0.456853	-1.124469	-0.638379	-0.965128
0.722864	0.302406	-3.535818	-0.103812	0.457222	-0.169045	0.057581	-0.171578	1.340416	0.127725	0.592196	0.368898	0.506498	-2.854813	-0.096375	-0.192065	-0.146818	-0.428857	1.205287	-0.502491	-0.931406	1.507129	-0.352384	0.300514	0.347167	-0.270668	1.675389	2.624135	-0.806022	0.571273	0.174454	-2.830954	0.449123	-0.425488	-2.916148	1.309983	-1.377105	0.250281	0.669142	-1.395683	-1.925668	0.008707	1.496937	-0.850887	0.560002	-1.134359	1.611806	-0.398053	1.673000	-0.741467
-0.045378	-0.483396	1.173384	-0.294331	0.190132	-0.042773	-2.084168	-0.916377	1.488873	-2.586688	-0.667342	-1.000296	-1.867562	0.453743	0.055042	-1.223521	1.269469	-0.532484	0.883543	-0.833553	3.000441	-0.257377	0.715959	-1.191954	1.414667	0.360919	-0.087835	3.457402	-1.236467	-0.505867	0.227414	0.196973	0.216208	2.365400	-0.116775	-0.429077	-0.656812	-0.246951	0.126352	2.912590	-0.338981	0.146370	0.623317	-1.149829	0.347691	-0.706068	-0.077119	1.263890	2.511820	0.209855
1.238567	1.269517	0.029941	1.356409	-1.034017	1.033690	-0.033921	0.569934	1.257671	-0.631999	0.291071	1.242919	-0.091209	0.779528	-0.925295	-1.143475	1.945660	0.437165	-0.250120	1.020620	-0.175082	-1.448189	-0.257599	0.363923	-0.060440	-0.776840	-0.049482	-0.192086	0.402922	-2.520795	0.026525	-1.155502	-0.557846	0.139788	-1.657928	-1.906806	0.385922	0.753645	1.270841	1.089713	-2.508127	-1.330655	-1.855460	0.702386	-1.604870	0.795274	-1.150544	0.343234	-0.897249	-0.718747
-3.623094	1.250153	-1.951556	0.206726	0.011464	-4.014941	-0.772087	1.695741	4.567794	-1.462044	0.770659	-1.469251	1.326484	1.084010	0.061741	0.752870	2.192882	-2.637746	-0.618716	0.543730	0.857640	-1.909107	-1.832619	0.151720	-0.168925	-0.935358	0.459156	1.297278	-2.077019	-0.447879	2.226559	-1.984274	-1.101006	0.366351	0.998482	0.884988	-1.212554	-2.567162	-0.773489	-1.019371	-0.064217	-1.539145	5.043025	0.839798	1.391605	-3.819005	4.576395	1.238044	2.035797	0.521627
1.173387	0.086057	-0.178298	-2.414361	-0.075779	0.293095	-0.539537	-0.574409	1.329675	-0.344924	3.150678	-0.921233	-1.343796	1.403247	1.908092	-2.016764	0.626929	1.818069	0.004868	-1.913737	0.020690	-3.960988	0.295317	2.188238	0.137486	0.951321	-0.973063	0.071818	1.238805	1.143065	-0.489880	0.572474	0.857749	1.362994	1.605100	0.118571	0.065024	1.876114	-0.873277	1.395176	0.218152	0.262613	0.528725	0.332151	0.046462	0.016330	2.777911	-0.043550	0.853958	0.061551
1.415369	-1.333993	0.897440	-2.776039	0.242465	0.686103	0.469512	0.558235	-0.618922	1.374848	2.594139	2.446591	-1.572583	1.795313	2.681490	-1.041719	-0.265843	-0.329072	1.058686	-2.314499	0.176475	-0.562935	-1.377017	0.582056	0.854481	-1.014129	-1.454743	0.952855	0.402900	0.013082	1.309314	0.555520	0.670065	1.197552	1.186858	-0.198133	-0.548698	1.738393	-0.160090	1.818001	0.881448	-0.114192	-1.721623	-0.701857	0.496219	0.421115	-1.016651	0.245085	1.962903	-0.231378
0.360158	1.356374	-0.441374	0.042457	-0.450010	-0.060326	0.388332	-1.057724	1.270508	0.946849	-0.866202	-0.138387	0.598158	-1.003040	-2.456008	0.745081	-0.416303	0.908638	-0.452305	1.699425	-0.702505	1.705020	0.582339	-0.578090	-2.055033	-0.339372	0.682596	-0.704545	-0.449627	-0.301253	-0.424587	-0.346216	-0.477151	-3.653661	-2.107486	-0.304515	-2.068144	1.128049	0.393903	-1.873657	-2.218401	-0.544759	2.833676	-0.461253	-1.153408	-0.521762	1.033355	0.009290	1.125633	0.596567
0.607197	0.076404	-0.875689	1.896744	-0.591981	0.636059	-0.653946	-0.597202	-0.123582	1.224676	-1.667560	0.843787	1.167629	-0.809036	-0.666403	2.064266	-0.921848	-0.817234	-0.290172	2.561588	0.421388	-0.197546	0.956179	-0.924644	1.981786	-1.307916	1.378379	0.811229	1.781360	0.196755	-1.831603	-0.760910	1.512998	2.644322	-0.824154	-0.532928	-0.665077	0.601571	0.076845	-0.648743	-0.872779	1.254756	-0.543825	-0.756297	1.531092	-0.903765	0.313777	-1.892503	0.182341	1.198953
0.592291	2.037930	0.080600	-1.598560	1.358695	0.593431	2.505412	0.378151	-1.398208	-0.422472	1.303848	1.075879	0.112507	2.555572	-1.949471	0.339139	1.183204	3.554257	0.066389	-1.730433	-0.224132	-0.016456	-0.341192	2.377772	1.102376	0.083734	-0.063616	-0.140421	0.799661	-0.409357	-0.311624	0.272976	1.868255	-0.981181	1.230569	-0.800451	3.178975	0.451585	3.064294	1.927402	0.453306	0.269591	-3.205531	1.221036	-0.401100	1.406390	-1.584361	-0.783422	-1.146321	-2.090807
2.047893	-0.492927	1.680064	-2.046478	1.068821	2.461310	-0.723025	-1.290966	-0.248306	2.709015	0.474012	5.830929	0.392289	0.248301	0.267172	-0.288381	-1.504351	-0.678835	1.071439	0.926126	0.368294	1.141278	-1.367957	-0.757738	-1.249140	-1.226890	0.787420	-0.454395	2.132527	0.386316	1.077060	-0.569209	2.077830	-0.493726	-1.077754	1.577728	-1.563591	1.356059	4.670216	-1.383775	0.317269	0.670592	0.489135	0.057920	-1.235113	1.902792	1.285267	2.519271	0.775422	1.462719
0.755530	-0.938953	1.531570	0.643771	1.812551	1.530088	1.296628	-0.813041	-1.023228	1.226778	1.433706	0.353102	0.541340	2.060974	0.484391	-0.645715	-1.631154	1.277910	1.240831	-0.319498	0.708245	0.849079	-0.430044	2.353532	1.717174	1.058614	0.724973	-0.023158	-1.201855	0.398785	1.751911	0.037612	1.499772	0.877157	0.061878	-0.025067	2.523606	0.946289	0.628633	-0.018386	1.000234	-0.194600	0.156997	-1.347356	-0.711277	2.731609	0.672035	-0.540310	0.904593	0.495956
0.831237	-1.312893	0.254001	-0.510539	-2.575305	1.334752	-1.054241	-1.559750	1.139335	0.598744	0.157742	0.365141	-3.364940	0.764391	0.386717	-1.139327	0.207689	-3.473346	-3.401287	0.781497	-0.449529	-1.156091	0.718577	-0.490210	-1.132153	1.331823	-2.160872	-1.848819	0.569240	-0.727460	-0.374179	0.569117	-2.242794	-0.888185	0.538854	-1.256436	-0.545405	-0.457902	-0.064433	1.451193	0.395079	0.493476	-0.001783	2.241664	-0.444210	2.036170	-0.880866	-1.200047	-1.593372	0.920375
-1.293077	-0.714434	0.159106	-1.300243	2.321123	-3.232417	1.307760	0.180578	-1.129620	0.869290	1.714764	1.312144	1.074219	-0.254764	1.485753	0.384468	-0.785039	-2.205104	4.093909	-1.136348	1.521228	0.996676	-0.418210	1.719208	3.364050	-1.293507	-0.022311	2.370270	1.582645	1.022488	0.471650	-0.025792	1.647082	2.028930	0.125878	0.400084	1.490233	0.535642	0.639486	0.783286	0.717963	0.454057	-1.500968	-2.880571	-0.074394	-3.169473	-1.409674	1.574088	0.848378	0.194409
1.841430	-1.300656	1.498751	1.211401	-1.392025	1.755273	1.191164	-0.257382	3.093486	-0.466689	0.677420	1.432033	-1.557126	0.960797	-1.948126	2.058883	1.095581	0.320033	-1.356295	-1.040793	0.008767	-1.676578	0.296288	1.992646	-1.855569	-0.174972	0.986785	1.589105	0.493420	-0.075502	-0.279788	-0.236015	-1.956990	-1.347158	2.741342	0.572481	-1.295623	0.576273	2.016320	1.483363	-0.075126	1.635492	3.706225	0.622973	-0.659365	2.159479	3.482173	-3.007254	1.276524	1.174349
-3.266164	1.227617	-3.531675	3.836120	-1.642678	-3.720996	-1.450868	0.117934	-0.359024	-0.429286	-2.094409	-0.191301	-0.100835	0.562866	0.063846	0.007990	-1.817955	-1.005691	0.104881	2.314092	-1.406274	-0.101961	-0.959792	-2.043328	-0.746350	-1.300719	0.551965	0.892900	0.069105	-0.550057	-0.010767	-0.978276	0.097174	-0.197166	-1.286346	0.651706	-1.042989	-2.698602	0.036723	-0.868686	0.258558	-1.073326	1.644477	-2.030677	1.901000	-4.077467	1.718523	-1.434311	0.685159	-0.105100
0.286688	-0.471108	1.369153	-2.040274	2.146893	-2.018599	-1.795126	1.722486	-1.211305	2.622340	0.890414	0.911238	1.798718	0.822262	-1.973494	0.109267	-2.449302	-0.364261	1.806395	1.564541	-1.623005	0.022943	1.479083	-1.267294	-2.093146	0.336935	-0.184927	-1.228629	2.194024	2.707178	-1.895989	1.468247	2.516140	-1.983717	3.320200	1.519910	-0.513682	-0.299335	0.184272	-2.009483	1.968769	0.460509	-2.088926	-1.007445	0.637428	-0.626533	0.299139	3.064241	-0.364050	-1.693844
