X36	X30	X42	X46	X44	X21	X37	X20	X22	X9	X23	X39	X32	X18	X11	X43	X50	X7	X2	X28	X4	X19	X12	X29	X16	X13	X15	X17	X27	X34	X3	X48	X6	X26	X33	X24	X8	X1	X47	X40	X35	X41	X31	X5	X38	X45	X25	X10	X14	X49
-1.529405	0.175351	-0.089544	0.798013	-0.731985	0.291967	2.156080	0.550739	-0.090012	-0.314593	-1.194604	-0.343689	0.179396	1.048690	0.412520	1.017905	0.833918	0.435564	-0.855566	0.210899	1.012571	2.372769	0.387936	-0.852009	0.948288	0.217888	1.025210	-0.745837	-0.916061	0.941922	0.871226	1.091568	-1.774410	0.003471	-1.198235	-0.465479	0.127939	0.173442	-1.239010	-0.002745	-0.577335	-0.602181	-0.158392	-2.361577	-1.067598	1.585835	0.023979	-1.429826	-2.157299	-1.857301
-1.064377	0.808655	-0.815076	-0.920693	0.202599	0.839930	0.331184	0.090388	-0.596001	1.213494	1.343595	1.155533	0.479716	0.411142	0.126501	1.186500	-0.190865	-0.608620	-1.484582	-0.871521	-0.014332	1.089333	-1.691461	1.621587	-1.595403	-0.808332	-2.300523	-2.989777	1.104852	1.349258	0.216334	1.604274	0.674265	-0.274331	-0.197291	-1.128175	-0.531659	-1.239564	-0.047811	0.415919	-0.662515	-2.073670	-2.480855	-0.783254	1.195741	-1.246412	-0.316359	-1.413913	1.584144	-0.721222
1.405829	-0.403146	-0.427272	1.315629	-1.652306	0.138857	0.091617	1.009037	0.786243	-0.354066	-1.743713	-1.183320	-0.204049	1.117695	1.008990	-0.050961	0.414561	1.387154	1.059618	2.183475	-2.477945	0.771072	-1.166952	0.472490	-0.393541	0.322448	0.593725	-1.387702	-1.371103	-0.959887	0.733797	-0.158552	-0.819564	-0.177546	0.280044	3.375333	0.529688	2.289347	-1.717184	0.771235	-0.899032	0.075113	-1.244127	-0.252898	-1.086791	1.716148	-0.177931	-1.325915	0.362725	-0.545570
1.015642	-1.444920	0.065428	-0.582569	-1.254904	-0.256345	-1.028171	-1.136019	-0.109475	-1.868312	-1.669960	-2.190253	0.270186	1.236591	1.220442	-1.914732	-1.242806	1.390399	-1.201405	-0.837758	2.408243	-1.128286	0.724381	0.421650	0.512376	0.706720	-3.434871	0.150668	1.327976	-0.974936	-0.407012	-0.970546	0.194250	0.173034	0.807581	-0.680005	1.066542	-0.708207	2.098825	-0.425669	-0.151422	-0.078115	0.189682	0.967864	-0.058081	0.507466	2.955637	3.156466	1.703755	-0.734868
-0.404566	-0.448932	-0.329440	0.540202	3.439781	0.671425	0.475330	0.997277	-0.879790	-0.600456	-0.597958	-2.518710	-1.293056	0.156529	0.580592	-0.725238	-4.507913	-0.869593	-0.616475	0.799065	0.176601	1.518997	-1.300350	-0.363500	0.628285	-0.588020	1.076313	-1.097955	-0.221261	3.214247	1.723807	1.405741	0.884981	-0.047002	1.334045	0.096576	0.858442	0.001755	-1.102460	2.177257	-0.135767	-0.782204	0.637331	-0.517699	2.269568	0.681692	-0.641721	-0.120365	-0.405848	1.303399
-0.332128	0.603308	-0.272699	1.494692	0.408690	0.704542	2.588802	-0.814504	2.154726	0.124030	0.678777	0.060289	-0.600652	-0.776870	-1.686134	-0.543813	0.251492	-1.839332	-0.605942	-1.555930	1.142974	-0.642405	0.171810	-1.753687	0.372058	1.010480	1.551833	0.473241	-1.893131	1.017141	-1.042450	1.724420	-1.739901	0.726928	-0.616372	0.675678	-1.555861	0.611686	0.897440	1.044315	-1.190778	-0.036774	1.773398	-2.850351	1.872151	0.389534	-1.061993	-1.020671	-1.075418	-0.297812
1.565062	-1.084292	-0.049524	-1.227118	-0.378975	-0.085113	1.103760	-1.156409	-0.767228	0.260778	0.693956	0.664178	0.504031	0.117774	-0.623102	-0.133479	-0.284811	-0.342435	1.074994	0.602190	-1.039957	0.820184	0.446444	0.646334	-0.174026	-0.173496	-0.653695	-0.289502	-0.621646	4.114242	1.328395	0.593739	0.308227	-1.129464	-0.942551	0.547778	-0.196545	-1.035031	0.135987	3.386037	-0.178994	-0.191102	0.418091	-2.830804	-1.399969	0.733245	0.221363	0.926116	0.374162	0.200691
-0.094616	-1.780935	0.016619	1.603535	-0.965116	0.149366	0.251587	0.348911	0.534080	-0.433280	-0.115343	0.121910	-0.193996	0.783255	0.529950	-0.030261	-0.411985	0.479792	-1.785206	1.246729	-0.249066	0.738524	0.527816	1.173939	-0.939554	0.397078	-1.769788	2.399047	-0.173852	2.233299	0.967556	-0.903236	-1.300930	-1.916439	0.921857	-0.400296	0.344714	1.442361	2.468809	1.770524	0.807866	1.039828	0.787985	-0.021322	-0.903868	0.869683	-0.499907	0.485661	1.526865	0.545756
0.567378	1.276783	-0.567263	0.345133	-1.896219	-0.447077	0.874385	0.157561	0.444024	0.092988	-0.136570	-2.604826	-0.398328	1.231603	-2.209888	-1.534505	1.662643	-0.031253	2.978910	-0.292567	-0.188544	0.073041	-0.529252	-0.376661	-1.067392	0.075994	1.432522	-0.295607	-0.728253	-2.498104	-2.190845	0.081845	0.194319	1.748874	-1.818567	1.872045	0.226981	-0.081743	-0.880736	-0.917677	-1.128583	0.020797	0.091664	-1.317278	-1.173809	1.068600	1.455640	-1.004550	0.918020	0.194952
0.748801	-0.153990	-0.299948	-0.394523	-0.060222	0.568280	1.587840	-0.800590	-0.196339	2.107893	2.400414	1.664503	0.657340	-0.081384	-0.483307	-0.686215	1.704492	1.819484	-1.078695	0.843680	2.177598	-1.108353	-1.071299	1.570600	-1.341921	-1.640057	2.414994	1.297663	-0.850485	-0.179184	1.801780	2.126960	2.554311	-1.952732	-1.637756	0.884419	-0.508680	0.107846	-1.253709	0.166008	1.333282	0.022153	0.164194	-1.987148	0.683145	-1.481412	1.537836	-0.530612	-0.136153	-2.019500
-0.781869	-1.815620	-2.962533	-1.383599	-1.671444	0.811006	-0.315248	1.030313	-0.688364	-1.676918	-0.595641	-2.648970	-0.548238	-0.282844	1.149263	-2.071798	0.653683	0.254813	-1.055983	1.708365	-0.648428	0.450869	-1.555526	1.657488	-1.411031	-1.389467	1.232353	0.165411	4.144244	0.154659	0.016917	-0.229519	0.171207	-0.272752	1.565828	-0.447604	-0.046192	-2.182716	-1.364228	-0.838147	0.972516	-1.127535	-0.224391	1.793403	-0.168062	-0.607206	0.662870	-2.100802	0.281893	0.098174
-0.847927	-0.916354	-0.795543	-1.732074	3.224387	1.257560	2.066514	-0.628386	-2.971261	-0.558195	-1.540600	-2.964086	-1.047863	0.331777	2.787448	-0.164299	-1.632427	-1.228184	-0.719452	0.046182	1.095709	3.216227	-1.469150	0.142744	-0.803600	-1.055036	-0.694679	-0.162427	-1.024993	-2.435426	-0.071666	0.504653	2.183729	-0.359796	1.730864	-2.123472	0.742689	-1.088883	-2.739000	-2.929965	-0.324023	-2.098295	-1.217262	-1.217693	1.611263	-2.334296	-0.453064	-0.312266	2.555380	2.249196
-1.321021	-1.441545	0.903387	0.366520	-0.576455	-1.173247	-0.123128	0.771728	0.484017	-2.228866	-1.755546	-1.644951	1.003501	0.972451	1.706561	-1.759717	-0.963678	-1.438759	1.595749	-0.173193	1.836964	-0.923330	0.446140	0.606723	-0.254373	-0.436591	1.740088	-0.579665	1.480423	-1.638447	1.689085	-1.251312	-0.958018	-0.190496	1.202252	-0.412439	1.525810	-0.142273	-1.886931	-1.736479	0.146235	1.259553	-0.203326	0.576034	-2.216826	1.035960	-0.621484	-1.544098	0.327039	0.680562
-1.315252	-0.235100	-0.320331	-0.723185	-0.118630	0.676875	0.241570	0.523974	0.012722	-0.183249	-0.452940	1.176564	-0.423385	-0.677879	2.320469	0.454382	0.082392	-2.251749	-0.919185	-0.661991	-0.508228	-0.056440	-0.628580	-0.972290	0.577935	-0.400636	-0.358961	-1.572569	0.063178	1.511619	-0.794049	0.247187	0.309928	0.513581	0.973015	-0.427818	0.467214	-1.481977	1.771449	1.097855	0.429920	2.028873	0.178818	-0.953132	0.672448	0.187939	-1.942284	-0.918216	-0.550574	-2.035364
-0.595591	-0.743582	-0.480092	-0.216662	-2.130211	-0.991338	0.219365	0.807890	2.037431	-1.219860	-1.179402	0.997415	-0.086114	-0.348579	-0.137301	1.189427	0.540706	-0.269711	-0.708740	0.186609	-1.030196	-0.642692	1.225084	0.846201	0.934038	-1.072941	-0.857229	1.349040	0.258304	-0.073633	1.007144	0.878592	-3.302792	-0.697181	1.491311	-0.558518	-0.099427	-1.263398	-1.231710	-1.172769	2.301625	-0.263581	2.980811	-1.343839	0.309237	1.507083	1.000285	-0.773291	-1.018499	-1.976510
2.776622	-1.519920	-0.343607	1.216515	-1.175027	1.326816	1.081393	-0.394759	0.543760	0.321672	-0.240522	0.238316	0.104767	0.733140	-0.351230	-0.787095	0.623321	3.984325	0.750921	-0.389962	1.393724	-1.019924	2.142428	0.505689	1.955409	0.394987	-1.624653	2.678798	0.973725	1.215768	1.585635	-0.043209	0.321303	-0.776025	0.735546	1.913381	0.861094	0.879626	-0.005976	1.673642	1.287430	1.508831	3.249016	1.304002	0.045125	1.683045	2.880684	2.812958	-0.365564	-0.156536
-1.485942	1.036857	-1.149820	-1.308550	0.431532	0.026666	0.420694	0.650242	-0.107449	0.045307	-0.551740	-0.125439	0.144777	0.419659	2.441287	-0.232581	0.634050	0.256392	0.846385	-0.081622	0.225589	0.094095	0.477141	0.964845	-0.047567	0.305394	-1.358051	0.259523	2.572444	0.447850	0.032893	0.639743	0.248979	1.383054	1.147192	-0.583370	1.316224	-1.051720	-0.097725	0.681192	-0.067196	0.645555	-1.969803	0.691558	0.879322	0.344494	0.234143	-0.402201	0.388398	-0.137242
-0.127338	-1.478168	-0.393290	0.688717	0.092756	2.351518	-0.944416	0.103495	0.279630	0.554390	-1.523987	-0.466006	-0.468521	-0.449061	1.642666	-0.155507	1.363404	3.239338	-0.396958	-1.004059	1.103939	1.289784	-1.406039	1.136703	-0.376532	0.286411	-0.717983	0.980746	-0.583151	0.552210	1.715058	0.415532	1.550325	-0.229108	1.132402	0.684424	1.160578	0.324694	-1.278647	0.438740	0.858772	-1.120391	0.195757	1.756301	0.185196	-0.077789	1.492798	0.351752	-0.557854	0.283076
0.054162	0.036351	-0.150795	-0.180970	1.768047	3.395910	-0.323157	0.865288	0.074650	-0.165012	-0.451570	-0.876789	-0.303844	0.359898	0.906907	-0.051204	-1.228907	-1.310266	-2.672435	-0.133142	0.731991	-0.895999	-0.221633	-0.806091	0.529597	0.399919	-0.852551	-2.410041	0.926101	0.798652	1.413681	-0.195242	0.495400	-0.020012	-1.069579	-0.470570	0.363167	-0.514035	-0.146066	0.275689	-0.716129	0.299471	-2.517382	2.264295	1.519975	-0.656913	-0.462365	1.279315	0.312958	1.909135
1.282875	0.563299	0.452583	-0.260505	0.774541	1.068936	-0.805452	1.260331	-2.103938	-1.060583	-1.555407	-2.616385	-0.597497	0.996531	2.355167	-0.292712	-0.962396	1.991927	0.053825	0.641321	-1.271229	1.273968	0.933268	-0.231481	0.660533	0.647974	-0.056882	1.466688	-0.278166	-1.316419	-1.672428	-0.660627	2.321677	1.103452	1.191169	-0.359135	1.398999	-0.617233	-0.113678	-0.331015	0.483869	0.486823	0.375882	0.792135	0.767306	-0.834709	1.435876	4.259351	2.070719	2.207287
0.044144	0.454180	0.471058	1.564298	1.611473	-0.001596	-0.814082	-1.289071	-0.621774	-0.393356	-0.377225	-1.809559	0.533893	0.833129	-0.718641	0.345710	-2.086733	-0.295397	-0.583885	0.367995	0.811156	-1.140220	1.045611	-1.187240	-0.888307	-0.712561	-1.550879	1.586248	-0.551574	-0.057816	-0.819443	-0.363725	-0.846453	0.445947	0.227493	-1.232359	0.199150	1.043852	2.562470	-1.334654	-1.149579	0.189296	1.790287	-0.265932	0.022941	-0.026971	0.475024	0.181639	1.025520	2.772006
-0.468243	0.881394	0.044002	-1.823553	-0.114224	-0.554005	0.528696	0.172486	0.969868	0.612311	1.118512	-1.108599	0.682254	0.395866	-1.559442	1.225535	-0.607747	-2.583721	0.651916	-0.817519	1.031179	2.239227	0.145534	-0.390691	0.655025	-0.870682	1.454351	-1.400086	1.742306	0.700341	-0.456426	-0.317052	-1.487469	-0.205773	-0.595542	-1.521887	-0.930193	-1.022281	0.243953	-1.327049	-0.526513	-0.251842	-1.878448	0.248980	0.225871	-1.084862	-0.036566	0.214216	-0.990722	1.171757
2.431183	-4.035962	0.363712	-2.000414	-1.014269	0.852175	2.248672	-3.022465	1.059370	-1.599944	0.276742	-0.137807	0.796247	-0.462439	-0.232556	-2.907598	-1.387450	0.370180	-1.230400	-0.944026	0.412004	0.637033	4.098976	-0.735817	2.567298	0.215699	0.439325	1.001588	-1.290198	2.495293	2.231293	0.437255	-3.184782	-2.466712	-1.817110	-0.049405	-1.051033	-1.305337	0.872114	1.347151	0.849117	1.845791	0.532851	-2.325393	-1.025462	2.287789	0.668100	3.090668	0.388653	-1.843466
-0.289518	0.168980	0.222342	-2.116173	0.359051	0.519577	0.407599	1.685684	-0.573342	0.281101	-0.938121	-1.859013	-0.581668	0.547183	-0.050359	-0.215163	0.029031	-2.699438	0.591094	-0.513655	-0.670583	-0.999463	-0.766975	-0.387230	-0.176473	-0.304407	-1.588093	1.252830	1.282567	-0.159486	1.039361	0.854582	0.585391	1.122847	0.556937	-2.447817	1.609821	-1.711351	1.702476	-1.589819	-0.309790	0.803858	0.223577	0.956907	0.312652	-0.198734	-1.157784	-0.014613	-2.005431	-0.479153
0.568950	-1.281411	-1.378254	-0.371454	-1.742334	-0.117814	-1.039018	-0.554150	-1.599029	-1.517622	-0.514712	0.337664	-0.144795	-0.084606	1.134952	-1.158911	-1.353680	-1.910202	0.125286	-1.774944	0.554142	-0.034130	2.076459	1.157490	2.231651	0.595910	0.612584	-0.393083	2.163733	0.066601	1.579295	-1.214279	-0.397112	-1.701413	0.694314	-0.955514	-0.435830	-0.054774	-1.088783	-0.202062	2.444726	0.652634	-1.992306	0.770382	-1.376175	-0.361692	-1.389735	0.779523	0.454254	-0.905378
1.053210	0.473350	-0.210484	-0.610323	0.927020	0.808225	0.258799	0.585092	-0.092439	1.039603	-0.939368	0.653325	0.550147	0.576081	-1.371099	0.069758	-0.572925	2.075683	-0.325529	0.158452	-0.603898	-0.036949	1.079551	1.000182	1.237203	1.128488	-0.429536	-0.637037	0.628634	0.967684	0.811669	-0.156131	1.048954	1.462141	-1.644606	-0.512394	1.020712	-0.988199	-3.137614	0.940808	2.155321	-0.769511	-0.895331	1.941661	-0.818734	-0.484612	2.928413	1.624946	0.667840	-0.486063
0.113037	-0.173194	0.817173	0.378137	0.794414	0.373260	-0.374092	-2.065454	-2.103544	0.729263	1.413196	2.241632	-1.119694	-2.249085	-1.768216	0.425235	1.222390	-3.563599	-0.282828	-2.528889	0.716514	-0.519649	-1.971321	0.275011	-1.671846	0.084693	-0.547429	1.990524	-1.198191	-0.961190	-1.096519	0.324630	2.891657	-0.969646	-0.223173	-0.274798	-2.588575	0.564759	1.232067	0.151928	0.226998	1.166196	0.378907	-1.267295	1.032147	-3.982469	-3.091619	-0.467560	-2.005309	-0.029946
0.470754	0.991327	1.889023	0.162353	-0.721805	-1.167676	0.947492	-1.099879	4.167862	1.353699	2.696249	1.111388	1.125463	0.529085	-0.204475	1.970250	1.695896	0.025925	-1.562782	0.375700	0.627310	-0.725993	1.080858	-0.664101	1.574512	0.102127	2.092431	-0.966752	-1.143647	0.426815	-0.499134	-0.334876	-4.003681	-0.340242	0.096005	0.025297	-1.454822	-0.332613	-0.325010	-0.739987	0.219327	0.741115	0.735629	-1.730064	0.465874	0.973861	0.480112	0.002936	0.499897	-1.794933
-0.809029	0.661003	0.272111	-2.267077	-1.750339	1.646734	-0.594731	-0.039934	2.188823	-0.343376	-0.462796	-1.782822	1.454761	2.218505	2.671063	0.026011	2.249707	0.720392	-0.508996	0.396766	0.821121	-0.758532	0.680678	0.609095	1.430768	0.970599	-1.350462	2.222463	1.486608	2.388793	-0.577646	-0.584561	-2.455971	1.285966	1.632480	-1.728847	0.286944	-1.288183	0.334760	0.393528	0.051112	-0.326423	1.342112	-0.860002	-1.573873	0.375716	1.960585	0.288518	2.150850	0.673242
-0.638263	1.848825	-0.589532	1.939704	-2.117511	-0.904066	1.282328	0.434931	-1.733411	-0.184231	-0.999198	-0.953489	-1.212965	1.218318	-0.144507	0.541983	1.793658	-2.700513	2.478727	0.281052	-0.359852	-0.513409	-0.126830	0.606066	-0.697949	0.589227	-2.948727	-1.188432	-0.659443	1.723030	-1.573838	0.517294	2.222612	1.266665	-0.860719	-0.719431	0.309629	0.791837	0.944192	1.961086	0.230472	0.880402	-1.790008	-1.120941	-1.627188	-1.019453	-1.778538	0.870215	-0.246811	0.386241
0.623256	-0.045074	-0.406287	0.681510	-1.240861	-1.654511	-2.658865	-0.481829	0.947870	-0.156829	0.602190	1.373087	-0.234034	-1.325424	-2.005247	1.364359	0.661486	0.133764	1.578433	0.316559	-1.573950	-1.618717	2.140711	0.217512	0.974845	2.452398	1.899553	-0.157627	1.710011	0.441210	0.275919	0.424100	-1.062950	0.066900	-3.436711	0.872278	-1.079235	1.364425	1.841571	1.719647	0.660450	2.463169	-0.924067	3.055735	-0.131818	0.855746	-1.136457	1.799446	-1.987376	-0.650753
-0.836738	-0.328557	-1.978530	-0.300807	3.563370	0.600810	0.309565	-0.303301	-3.018729	-0.475591	-0.742434	1.069587	-1.782428	0.282131	-3.034956	-1.113448	-3.128848	2.140629	-0.035887	-0.715408	1.320813	-0.124157	-2.971621	-0.883396	-1.884484	-0.337635	-0.224705	0.132774	0.552480	-0.114578	-0.988943	2.583070	5.554022	-0.588540	-1.600968	-0.578718	-0.216939	-0.505367	-0.217001	0.399271	-1.795973	-1.362847	0.615778	0.592579	3.049501	-4.628410	2.437539	0.127174	-1.954439	0.918155
-0.682280	0.106543	1.032996	0.716799	-1.718783	-0.029564	1.767995	0.309357	2.135495	0.381722	1.417232	0.634517	0.675424	0.470064	-0.548764	-0.113737	-0.003093	1.421450	-0.336512	0.819078	-2.085451	1.144981	0.279150	-0.813808	-1.291471	0.817664	-1.757952	1.341690	-0.316397	-1.999590	-0.012325	0.018623	-1.963825	0.153282	-0.593319	-1.435244	-0.616052	0.698444	0.364166	-2.931807	-1.866967	0.321817	1.034521	-0.198266	0.544806	-0.241958	0.718047	-0.632886	0.584035	-0.811616
1.361316	-1.133135	-0.387698	0.449814	2.118999	-0.570213	1.154540	0.644110	-3.715045	-1.075989	0.398648	2.218189	-2.256551	-0.756794	-2.417969	0.174979	-2.121438	-0.567464	1.843672	1.206403	-2.922311	-1.004158	-2.358824	0.612620	-1.452784	-1.547427	-1.636545	-1.344564	-0.446294	0.596303	-0.346883	0.950991	5.299961	-0.307582	-1.066985	1.895952	-0.100997	0.428759	0.504343	1.625821	-0.860928	0.919245	-1.742858	0.181190	1.211172	-2.691670	-0.639008	-0.548513	0.107900	1.464903
0.189627	0.025946	-1.402825	0.861321	-0.196161	0.279606	-1.181893	-0.293003	0.965271	-0.820006	0.780789	4.057821	-0.552757	-2.704545	-0.926245	-0.049449	-0.148400	0.481663	-1.282627	-0.095438	1.087081	-1.452769	-2.388021	0.408563	-1.998374	0.501534	0.445388	0.563376	1.149990	-0.788592	-2.240052	-2.032298	-0.335744	0.326088	1.788001	1.123124	-1.410912	1.386177	-1.335034	0.194849	0.585576	-1.756435	-0.051165	2.199132	-0.666397	-0.552535	-1.344447	-1.706521	0.294473	-1.550447
-1.342548	-0.934303	-0.756533	1.187788	-0.657714	-0.115735	1.525585	2.555875	1.244361	-0.756276	-2.026498	-2.288606	-0.150614	2.702040	3.210352	1.095248	-0.167685	2.330842	-0.844244	1.228352	-0.722923	-0.327074	-0.393147	-1.648987	0.296236	0.563099	1.158998	-0.187128	-1.570465	1.582642	1.509836	0.145144	-0.307055	0.682530	0.871976	-0.643593	3.013912	0.985405	-1.775902	0.158909	-1.453769	-1.820600	-2.026119	-0.987518	0.935989	1.644827	1.375146	-1.084746	1.323143	0.952734
0.256760	2.564664	1.174422	-2.282115	-2.469374	0.021289	0.530036	-0.301987	2.516492	1.894874	2.510694	2.628738	0.998684	-1.222787	-0.630540	1.278502	2.434144	-0.842561	-0.359619	-0.797360	0.597171	0.051115	0.832529	0.589830	0.268252	0.740292	-0.367266	-0.947229	0.359343	-2.251046	-1.489063	0.546925	-0.840160	1.808658	-2.835830	0.432563	-0.672431	-1.660702	-1.000307	-1.787506	1.007412	1.241579	-2.860795	0.881267	-0.657329	-0.641209	-0.603389	-0.966252	-0.139908	-0.596846
-0.666680	1.534197	0.787038	-2.958973	-0.491595	-0.570177	0.850093	-1.521966	0.585766	0.398168	0.059354	-0.840905	-0.286070	-0.594254	-0.291920	-0.448080	0.493198	-0.672286	-0.740571	1.122431	-0.361260	0.720931	0.108966	0.514596	1.762744	-0.651528	1.724614	0.176256	0.870596	-0.940232	-2.509796	0.926951	-0.633521	0.897439	-0.221228	-1.661292	-0.514753	-4.414730	-0.288746	-2.933618	1.511899	1.138843	1.356208	-0.294633	-0.751050	-1.172573	1.515886	1.061381	-1.399634	-0.032020
0.017052	-2.242376	-1.477569	-0.107068	-1.915018	1.673314	-0.285315	0.195402	-0.689078	-0.758904	-0.238637	2.071681	-1.504681	-2.721890	0.345448	0.391479	-0.144869	-1.007650	-0.474374	0.688803	-1.075988	-0.378089	-1.557815	2.064054	0.717793	-0.357505	1.036408	-0.407354	0.821195	2.385186	2.957194	0.438309	0.159162	-2.619765	0.268480	1.603523	-0.789440	-1.030088	-0.543502	2.696194	2.760650	0.632477	0.392277	0.654712	-0.068186	-0.580945	-2.710486	-2.824755	-1.033826	-0.568021
-0.638835	0.938139	-1.507348	-0.443208	1.449273	0.231840	-1.255880	1.223349	-1.909717	1.443457	-0.054837	1.126534	1.047143	-0.782242	1.944468	-0.525768	-0.480731	1.632109	-0.444709	-1.060928	1.076750	-0.723808	-0.266716	0.383182	-0.638752	0.260005	-1.808005	-2.034186	3.352685	0.558388	-0.273446	-0.498725	1.060763	1.247734	1.350865	-1.213541	1.882709	-0.900373	0.935684	0.127860	-0.380646	-1.983636	-1.512332	3.135928	1.271383	0.077120	0.193552	0.833098	1.251043	-0.387209
-2.059575	0.926611	0.292503	-1.284586	-1.146911	-0.357798	-0.287825	-0.497830	3.545836	-0.549343	0.058301	0.749378	0.575973	0.669925	0.607698	-2.162027	-0.622222	-0.728487	-2.071609	-1.549083	0.738332	0.192580	-1.781859	1.271517	-1.359415	-0.161221	1.819641	0.814962	-0.310099	0.036746	-1.091064	1.418505	-1.952669	0.838194	-0.539100	-0.995125	-0.524185	-1.715113	-0.187507	-1.634432	0.295499	-0.476406	0.407072	-1.945256	0.187692	0.441756	0.816248	-3.027846	-0.572223	-0.829591
-1.621224	3.588972	1.966496	1.782797	-3.841349	-1.189649	1.677242	1.591202	1.936033	0.837224	-1.878878	-4.430253	1.065563	3.220912	2.818909	0.618551	2.669947	1.101823	1.332563	0.803215	-0.201246	-0.561452	1.073825	-1.102005	1.166569	-0.027355	1.872380	-0.111746	-1.854051	-1.679951	-1.602724	-1.143190	0.131569	3.695244	2.394880	-1.374248	3.534904	1.442320	-1.550726	-2.711423	0.170873	0.209373	-0.453654	-0.948133	-2.383427	0.572551	0.158520	1.350633	0.012757	3.311599
0.907362	-1.850831	1.367623	-0.384983	-0.849575	-0.502673	0.570470	-0.616880	1.183824	-0.518810	-0.746094	-1.238629	-0.081748	-1.319594	-0.179801	0.082520	-1.193765	-0.963147	0.492654	-0.984487	-1.403651	0.749121	2.078819	0.385670	0.086284	0.361134	-1.107119	-1.758354	-0.427377	0.853274	-0.114388	-1.095993	-1.715068	-0.644705	-0.591441	1.223671	-0.674192	-0.757146	0.372941	0.894676	1.113134	1.820617	-0.157717	-0.140920	-0.807379	1.659801	-2.115428	2.221770	2.127959	-1.251498
1.188973	0.049946	-0.065818	1.444043	0.047878	0.704486	-1.646471	-0.820578	-0.194380	-0.294377	0.916661	0.774523	-0.163324	-0.498786	0.406986	-0.688796	0.758217	1.137462	0.095120	-1.629971	0.930580	-0.346148	1.784529	-1.043051	1.453002	0.906019	-1.157454	2.150158	-1.079003	0.729888	-0.353882	0.114882	-1.138176	-0.123842	-0.326154	0.279851	-1.014623	1.360390	2.585395	0.656052	1.533777	0.493009	3.494819	0.262074	0.030536	0.077076	-0.782133	1.825822	-0.723026	-0.714656
-1.700119	-2.842168	-0.549995	-0.749689	-0.168195	-1.706972	-0.863415	-0.392608	-0.920715	-0.618114	-0.666733	0.834500	-0.786405	-0.596195	0.686676	-0.081141	0.900105	-3.874312	2.558233	-0.131413	-0.043104	0.967583	0.571067	-0.518504	0.725331	0.298710	-2.260157	2.813823	0.619339	2.470311	4.091479	-2.892956	0.298743	-2.424591	1.694651	-1.448983	-1.284421	0.139343	0.515766	1.381056	-0.187740	0.529177	3.103021	0.401838	-1.744820	-0.493241	-1.972699	-0.493903	1.860367	-0.807564
-0.220472	-1.182954	1.442800	0.269769	-0.003988	0.220972	-1.110572	-0.346574	-0.080579	-1.287724	-0.371265	-0.150602	0.987896	0.066578	-0.559459	-1.374498	-1.260744	-1.628731	0.856779	-0.851875	0.317213	-0.569095	-0.852399	-0.991072	0.284718	-0.419199	-0.459815	-2.019700	-0.795123	0.071049	-0.462121	-0.820723	-0.145488	-0.119356	0.081355	0.139758	0.290042	0.501930	-0.934984	0.421154	-0.180759	1.085915	0.275326	0.690296	-0.634516	0.360808	-1.991587	-0.011120	-0.241677	0.170691
0.137235	0.176073	-0.412821	0.571647	2.055684	0.164015	1.262407	0.595257	-1.053983	-0.312106	-0.869762	-2.208688	0.429205	0.563498	-0.043103	-2.352192	-1.629933	-0.858015	-0.332935	-0.117427	1.278622	0.871372	-0.570161	-0.867862	-0.770451	1.245333	-0.771195	0.692594	0.305748	0.353888	-1.664037	1.191835	-0.608676	2.007685	-1.000938	0.578628	1.196994	0.240181	-1.328446	1.069103	-1.001892	-1.133143	1.549878	0.729964	0.808187	2.030557	-0.476094	-0.960294	-0.645629	0.400094
1.917787	0.425472	-1.037422	-0.369085	1.723979	2.686023	-0.895614	-1.575441	-0.820725	0.699984	3.335643	2.545046	0.617272	-1.579508	-2.480569	1.969839	-1.515776	-2.540559	-2.150179	-2.249174	1.217024	1.148159	0.207171	1.177333	-0.322937	2.062705	1.096944	0.702094	2.214022	-0.733301	-0.578237	1.382989	-0.029620	-1.438164	-2.551136	1.846034	-2.293762	0.314807	-1.104656	1.477271	0.921147	1.099081	0.648903	1.833752	2.563876	-0.620128	-2.202686	0.365146	-0.244700	0.027559
-1.177654	2.074735	-0.202509	-0.176478	1.042492	0.890258	1.374437	0.248045	2.081232	0.867415	-0.905566	-2.131687	0.352228	2.026518	0.661035	1.812539	-0.092005	0.289423	-0.001804	-0.621338	0.254413	-0.197511	0.093489	-2.723397	-0.379993	0.788905	-2.221802	-1.753633	-2.522953	0.886786	-0.145558	0.104943	0.055965	2.029659	1.347804	-0.767247	1.742763	1.152503	-0.121709	-0.339084	-1.148685	-2.172253	-2.600758	-2.008131	0.188588	1.544667	0.653834	1.040224	-1.068686	1.584613
-1.100909	-1.078413	-0.558793	-0.000815	-0.004666	-0.626198	0.002995	1.785990	-2.078733	-1.428214	-1.861718	-1.788701	-0.943462	0.787812	2.641971	-0.343395	-0.278314	3.491397	0.407019	-0.184647	0.298721	-0.356365	-1.343453	-0.894037	0.557764	-0.859961	0.197078	0.726305	0.409154	-0.125558	-0.627941	-0.680998	1.891564	2.145552	1.574972	-0.538690	1.883012	-0.203558	-0.986327	-0.000616	0.394188	-1.004344	1.644709	-0.395372	0.708176	-0.280142	1.407154	-1.797333	2.088584	1.799894
-1.876106	-0.550092	0.647884	-1.956392	-1.081865	1.026438	1.594421	-0.326104	-0.305585	0.509726	1.350528	-1.514676	0.085709	2.596537	-1.682559	0.657405	-0.373009	-0.461262	-0.199181	1.259811	-0.736264	0.436314	-0.584461	-0.415808	-0.641087	-0.031699	0.424841	0.345839	-0.468648	0.740417	2.997910	2.414042	1.477550	-0.125847	-1.240723	-4.462575	0.152030	-1.899721	-0.717054	-1.489707	-0.754810	-0.693746	-1.289564	-2.928986	-0.235764	-2.662062	1.704890	0.303067	-1.981553	0.876414
1.526122	0.576113	0.861328	0.306161	1.108087	-0.566866	-0.026864	0.035677	0.416613	0.469931	-0.427483	1.677979	1.040770	-1.144581	-0.254809	-0.429682	-0.416185	-1.725223	-0.133283	1.080810	-1.252202	-0.024696	-0.090590	-1.413145	1.332149	-0.402119	-0.640889	-0.498577	-0.896409	-1.160896	-0.964225	-0.271901	-1.100311	0.804179	-0.898081	1.558680	0.039741	-0.102856	-0.116096	-0.243645	-0.331943	1.000354	0.206398	0.202091	-0.307875	1.690594	-1.570294	0.811065	0.614909	-0.711047
1.726213	0.115624	0.972463	1.488356	1.649503	0.711599	1.746914	-1.025169	1.392180	1.099064	1.246587	1.301296	0.099001	-0.357265	-1.115912	2.078568	-1.756273	-1.477549	-1.189475	0.018227	-0.897773	0.143230	2.063340	0.980625	0.753478	1.719213	-0.792795	-1.093340	-1.071554	0.653649	1.487394	2.330377	-2.400941	-0.971566	-2.170476	2.215980	-0.882702	0.878293	0.518795	1.630223	1.328110	2.366240	-0.831052	-0.608531	0.992384	2.642313	-1.402994	1.221458	-1.004824	-0.148704
-2.876151	1.438746	1.453211	1.373771	0.895662	-2.213083	1.764891	0.104731	0.780765	1.261543	0.985153	-1.445723	1.366365	3.990798	1.028040	0.513352	-0.519613	3.070854	0.171309	1.451299	-1.225990	1.254139	-0.756650	-1.672563	-0.836123	0.162254	-2.076841	-1.469256	-1.860733	1.292613	1.070456	0.219958	0.612552	1.439946	2.936436	-2.431116	0.823107	1.598119	0.606033	-1.259502	-1.573307	-0.821188	-0.883905	-2.878941	0.875303	-0.727970	3.292545	-0.553897	-0.164784	1.093590
0.995714	-1.435097	1.854697	-1.371787	-2.462973	-1.864418	-0.147188	-1.195292	1.270678	-2.007392	-1.112489	-1.126728	0.925812	0.206669	0.508577	-2.662023	0.436892	2.628111	0.784270	-1.601705	2.144231	-0.668204	2.354576	0.005422	1.397970	0.840580	-0.310374	1.920393	-1.070415	0.376724	-0.906674	-1.033360	-3.211747	0.062886	-0.202868	0.458615	-0.153966	0.136381	1.582471	0.597706	0.859503	1.762451	2.681538	-1.004240	-2.402962	2.201911	2.085198	0.386724	0.744170	-0.921074
1.421223	-1.064692	0.898388	-0.365642	-0.300504	1.350859	0.399638	-1.169179	0.159657	-0.880379	-1.618667	-2.345338	-1.583457	0.170992	-1.506688	0.909874	-0.261776	-0.977593	-0.987158	-0.223104	0.426885	0.177028	1.546532	0.640954	0.992960	1.749920	-1.984815	-3.787062	-1.928008	0.082245	-0.209287	1.559696	-0.329230	-0.361335	-0.420485	-0.753576	-0.592251	0.604623	2.683520	0.197440	1.810497	1.141746	-3.453567	-0.783597	0.565473	-0.206870	-0.572867	2.654301	-0.966861	0.380673
0.780757	1.908531	-0.354974	-1.247989	0.843276	-0.377489	-0.571505	0.535200	1.097867	-0.834195	-1.397121	0.297885	0.613634	-0.163481	1.398644	-1.026690	0.275780	0.682847	1.362151	-0.092923	-0.522909	2.394108	2.690147	-0.863914	0.233531	-0.052333	-2.276695	-2.185993	1.157164	1.141047	-2.535987	-0.546016	-1.462587	2.215760	0.006097	1.462304	1.078177	-0.631279	1.772297	1.030949	-0.811747	0.238783	-1.618528	0.771916	-0.302343	2.616455	0.682157	1.924614	0.250515	-2.128814
0.989613	-0.679204	-0.797194	0.623901	-1.241271	0.204739	0.074666	-0.565222	2.761118	1.819028	0.122037	0.467861	0.403757	-0.517005	-2.045775	1.542756	2.738392	-0.918542	-0.067637	1.881785	-1.735302	0.938823	2.238261	1.168419	0.584948	0.107378	-0.103027	0.489354	0.411402	1.420649	2.149505	0.441467	-2.786699	-0.895979	-1.130535	0.316977	0.146959	-0.098876	2.172430	0.059402	2.502037	0.375545	1.325124	0.479743	-0.878784	0.963599	0.219253	1.470254	0.733947	-0.843982
2.725063	-2.260826	-1.259025	0.546678	-0.004202	1.714872	-2.148781	-2.015056	-0.358086	-2.086164	-0.925042	-1.734129	-1.926891	-0.746354	-0.590844	-2.168916	-1.533135	0.352104	0.036123	-1.236051	2.307381	0.538427	1.877573	2.491230	0.874796	-0.575459	-0.812291	0.766952	0.881184	-2.311608	-0.394761	0.418801	0.091017	-2.078833	0.263758	0.649223	-1.522070	-0.285706	1.962237	-0.944358	2.586754	0.432600	1.060569	0.403591	-0.143004	-1.479303	0.549720	3.395342	-0.563667	0.343263
-2.213443	-0.099331	1.707375	-0.208168	-0.863117	-0.005498	-1.663879	0.255316	1.288336	0.803244	2.562564	1.424662	2.107501	1.308834	1.111059	1.325751	2.126610	-0.655446	-0.596180	0.764484	-1.054847	0.160667	0.722970	-1.229894	-0.036483	0.514525	-0.207510	0.002949	-1.362630	1.107032	0.608412	-1.230854	-1.839270	-0.955762	-0.549690	-1.477177	-0.390480	0.222264	0.718560	-0.454892	-1.761984	-1.690313	0.158318	-1.301233	-1.266848	0.620672	-0.050100	-1.028676	1.534073	0.373210
0.981548	-1.133066	-1.515322	0.937000	0.474702	-1.485539	-1.421508	-0.318631	-1.329760	-0.092378	-0.843441	3.000815	-0.214625	-1.328260	-0.727607	0.746975	1.789986	-0.404387	0.637848	-1.762559	0.449015	-1.644507	0.289434	-1.603656	0.089283	0.665303	-2.437929	0.988402	1.468735	1.632040	0.706494	-1.261538	-0.329088	0.334519	-1.953454	1.805374	-0.024385	0.679961	-0.100864	3.476739	-0.666845	1.360310	-0.924373	2.586933	-0.302571	1.778940	-1.131995	0.122317	-0.214553	-2.053495
0.372907	-1.939856	0.265902	-2.634288	0.720145	2.147089	-1.313676	-1.457852	-2.171986	-0.313767	-0.379540	-0.837705	-0.712118	1.487922	-1.393391	0.551743	-1.402420	-0.680308	-0.992693	0.077239	0.928423	0.157647	1.214714	-0.072218	0.282244	2.548031	-1.242361	-1.139985	-0.336176	1.791519	-0.254375	1.902105	0.937802	-2.394929	-2.660991	-1.346391	-0.563114	-0.921127	2.836641	2.286636	-1.167592	1.672503	-3.753759	-0.879713	1.099973	-1.016422	1.751245	1.129267	-0.072922	0.204623
-0.743775	-2.786609	-1.339435	-0.481331	0.316537	-2.043649	1.234426	0.651955	1.178418	-2.050988	-2.682731	-3.948003	0.020294	0.400500	3.200244	-1.659894	-2.053615	1.122208	0.806204	0.867517	0.202605	1.291419	0.720391	-0.915324	-1.063186	0.486932	-1.252226	-2.363858	-0.643423	-0.351506	1.201278	-1.534299	-2.436463	1.017171	-0.477591	1.364837	1.473790	0.596520	1.098100	0.034956	-0.906901	-1.367143	-2.210965	0.740101	-0.933827	2.774735	-0.457357	-1.536941	2.235024	0.745492
0.424390	-0.132431	-0.314389	1.354192	-2.219328	-1.125472	-0.804760	0.261301	1.799178	1.199090	2.362272	4.579369	0.370751	-1.685297	-0.466317	3.092317	0.278275	0.451340	0.573345	-0.203043	-1.980230	-0.964423	-0.159444	0.871563	-0.051472	-0.208451	-0.521608	-0.169016	1.539799	2.000615	0.307597	-0.478638	-0.717344	-1.086438	-1.574426	2.547556	-1.117923	1.765657	1.653877	2.374113	1.030141	0.107427	-1.867928	1.808657	-0.550455	1.021370	-0.764048	-1.361072	-0.859826	-2.021064
0.623752	-0.654826	-0.041440	-0.776706	-1.790202	0.044867	-1.100234	-0.910807	1.605797	-0.620452	-0.124705	-1.007235	0.425133	1.595406	-0.920227	-0.211459	1.094351	1.961231	-0.794408	0.891263	-1.044998	0.762230	1.199898	1.799630	-0.153591	0.025005	0.500916	2.626547	0.571874	-0.255143	0.526548	0.225258	-2.213834	-1.380681	-0.941578	0.587760	-0.064763	-0.821115	0.889045	-0.431093	1.174624	0.915131	3.453426	-0.101599	-1.512845	1.130171	2.361943	0.998859	-2.174827	-0.508724
-0.544861	-0.857027	-0.536169	0.418560	-0.263698	-0.899031	-1.869559	-1.940349	-1.357251	-1.423000	0.467241	0.061048	-2.209996	-0.891364	-3.165726	-1.608328	0.451962	-1.601815	0.088564	-1.031141	-0.204619	0.227922	-0.544275	-0.199404	0.238965	-1.336637	-0.399494	-1.696145	-0.486357	-1.679504	-0.523607	1.059745	-0.463771	-1.830506	-1.429491	0.519912	-2.162338	0.409087	-0.634680	-0.739760	0.980949	0.495852	-3.383746	-0.086618	-0.594032	-0.790622	-0.448065	-0.067296	-1.759491	1.061464
1.813720	0.781639	1.342240	-2.457011	0.610923	0.045642	0.163546	-1.226221	-0.404575	-0.068952	-2.093133	-3.303297	-0.436104	2.314006	-0.475048	-2.093573	-0.957805	-0.862896	-0.888494	-0.313321	1.575776	-1.001241	0.933727	0.150467	0.820689	1.137013	-2.949455	-2.283948	-0.665808	-2.196076	-2.514233	1.696646	1.411556	0.185968	-0.332051	-1.599565	0.537228	-1.562351	1.084203	-1.534646	-0.111344	2.067472	-3.340844	-0.957313	1.952833	-2.128438	0.408468	3.118614	-0.034763	2.188982
-1.751547	-0.005272	-2.230331	0.436816	1.490981	0.105200	-0.746575	2.206164	-0.178183	0.521506	-0.886945	0.103417	0.292365	-0.204122	-0.516217	-0.555012	-0.428722	0.249446	-1.505879	0.649826	-1.069024	-0.557504	-1.873814	1.203897	-2.613838	0.048377	0.598792	0.805181	2.287243	0.271086	1.456673	0.969382	-0.968146	0.407389	-1.463565	-0.767497	0.784898	-0.435139	-1.681708	-0.163674	-1.178075	-1.701623	3.017562	2.006819	0.735157	0.717796	0.905870	-3.710097	-1.034529	-1.076812
1.272479	-0.480739	0.392195	0.411203	-2.858773	-1.026611	-1.482266	-1.148316	0.937123	2.468605	2.339860	2.280088	0.354971	0.089730	0.858855	1.836968	2.891386	-3.536672	1.205770	-0.441266	-0.518917	0.489424	1.964478	-0.948144	3.191120	-0.642220	0.934693	1.011404	-0.862697	3.050705	3.586710	-2.040714	0.335471	-0.798765	0.651701	1.137717	-0.889623	0.945011	1.365617	1.720507	0.649994	1.261005	2.363353	-0.334509	-1.872927	1.038773	-3.067337	3.536795	-0.253640	-0.073398
1.592400	-0.860458	-2.058378	0.645991	2.707515	1.791908	-1.349735	0.639766	-2.690475	1.600381	1.185676	1.113126	2.138661	-0.870643	1.063893	0.507826	-1.075832	2.040937	-0.374451	0.557669	0.117598	1.754668	-3.180509	2.288487	-0.827466	1.113648	0.350562	-1.809989	1.992265	1.932911	0.854848	-0.905599	3.729373	0.535190	1.790972	1.806869	1.128538	-0.512281	-0.448411	3.034697	0.729407	-2.459372	0.661992	2.962917	0.735692	-0.819179	1.729838	-0.206743	1.079345	2.014451
1.530315	0.881990	-0.859476	2.567847	0.392939	-0.351114	-1.700668	0.633737	-0.771220	0.593241	1.857871	2.548005	0.708749	-2.299127	-1.670706	0.597284	0.813877	-0.201026	-0.908887	-1.047782	-1.196676	-0.365655	-0.719241	-0.103079	0.275761	-0.790164	-1.301111	2.442048	1.346366	-0.696367	-1.392885	-0.346710	0.748620	-0.164416	-2.241163	2.658947	-0.912145	1.843860	-1.310178	1.142619	-0.555985	0.073786	3.871120	2.943903	0.571704	-0.784155	-1.982715	0.312371	-0.786398	0.040554
1.062576	-0.241721	1.026745	-0.132644	-2.514250	-1.432278	0.384950	-0.173177	2.256278	0.883434	1.567575	-0.046996	0.978822	0.060409	-2.910295	1.951945	2.642723	-1.234749	0.254769	0.705473	-0.410732	0.917315	2.062798	-0.004468	1.245704	0.160940	0.294306	0.677187	1.101803	1.747708	0.985255	-1.293042	-2.029373	-1.098140	0.097048	0.369742	-0.787368	-0.225022	0.034717	0.591699	0.527987	1.636699	0.701657	-0.531824	-2.252153	1.424765	0.781986	-0.207764	-1.884160	-0.223721
2.563306	-2.558453	0.122048	2.283375	0.118715	0.030356	0.462367	-1.509811	-2.125024	-0.663472	1.865720	2.543167	0.243908	-0.990516	0.388449	-0.625749	-1.294087	0.287869	0.058510	-0.029497	-0.594655	1.468857	0.768934	1.347814	-1.301046	-0.931945	-0.270408	-0.574075	-0.676437	-0.243837	0.676765	-0.372611	0.844219	-3.381486	0.811704	1.508577	-1.159340	1.725165	-0.584462	1.023214	-0.215646	0.932166	0.678515	-0.027760	-0.798472	-0.498304	-1.840956	1.034426	2.239035	-1.191886
-1.636682	1.338649	0.319563	0.657782	-1.739074	0.102138	0.889536	0.703066	0.843665	0.209809	-1.428459	-3.044740	-0.491191	2.246936	0.116411	-0.518400	1.809946	1.605008	0.679326	-0.486804	0.784623	1.781271	1.813658	-0.369539	0.218414	-0.398376	-4.274628	-0.267223	-0.516315	-0.081704	0.189501	0.786909	0.022178	1.141889	-0.907047	-1.985872	1.191168	-0.028617	0.592644	-1.800260	-1.243079	0.019354	0.387453	-1.088541	-1.445926	-0.325419	2.220030	0.871243	-0.381181	1.341417
0.361214	0.962411	0.275808	-0.407290	0.524842	-0.536511	0.416260	-1.041240	1.748687	0.754951	0.303815	0.287880	0.847645	0.112539	-0.465742	-0.733366	-0.567182	2.989142	-0.162944	0.012501	1.250470	-0.260935	1.478916	-0.819769	-0.433500	0.063331	-1.070289	0.871635	1.798088	0.065142	0.884773	1.572441	-1.072251	0.692146	0.129023	-0.496282	0.139243	-1.709392	2.190004	-0.981240	0.034942	1.008878	-1.239840	-0.282993	1.406853	0.542447	2.502291	1.397565	-1.674500	-0.290804
-0.628569	-1.111611	0.217302	-0.828352	0.256215	-0.000995	-1.976702	1.310698	1.668031	1.028137	0.628848	2.987499	0.712917	-0.027271	-1.202970	-0.175431	0.391372	-2.254468	0.511453	0.494598	-0.216330	0.308834	1.965486	1.088770	0.943896	2.304265	1.559371	-2.144580	0.832249	-0.469043	1.557974	0.554640	-1.830278	-0.530717	-1.968211	-1.082186	0.498332	0.314928	-0.114760	0.042840	1.504517	1.614082	-1.597734	2.338490	0.513468	1.826438	-1.417234	-0.175248	0.642430	-2.015439
-0.677355	-0.098898	1.063091	1.775098	-2.451081	-3.506284	-0.783323	1.734232	2.468099	-0.525457	-0.410980	-0.592886	2.120140	1.566553	1.029227	0.004171	0.931827	0.562523	2.141282	0.105944	1.214266	0.631032	1.597961	-1.296149	-0.103659	1.720284	-1.421740	0.591266	-1.472631	-0.283989	-0.699045	-0.773644	-4.199047	2.082981	-1.159850	2.942781	0.738308	2.715824	1.919948	0.506590	-1.547008	0.497869	-0.348803	-0.307024	-1.197978	4.199991	-0.328351	-2.694558	2.404856	-1.708305
-0.902878	0.383484	-0.121912	0.611348	3.164014	0.990202	1.107439	0.407335	-2.313748	-0.203897	-0.722493	-2.179586	-1.521429	1.849821	-0.370309	-0.446548	-3.287493	-1.607012	0.835374	0.445073	-0.425392	0.778783	-1.598009	-0.839317	-1.090938	-2.390319	0.916961	-0.122114	-1.262246	-0.401904	-0.681207	0.629485	3.237023	0.468932	2.027033	-1.635199	0.293485	-0.544335	-0.692622	-1.835513	-2.172111	-0.508291	-2.286994	-1.636173	2.125425	-2.477886	0.353799	0.753049	1.438202	1.507109
-0.518011	1.307670	0.275186	-1.150093	0.020921	0.167457	2.071582	-2.634318	-2.611062	-1.179125	1.513132	3.065313	-1.208450	-1.034872	-1.060430	-1.656156	-0.398681	-2.778712	0.515031	-1.636252	1.192169	-1.444014	0.171811	0.075601	-1.091827	-0.192215	0.080837	-1.423724	-1.494202	-0.572615	-2.380991	2.571083	0.673507	0.470315	-2.708117	-0.337541	-1.975491	-0.738181	-0.910392	0.160908	0.490134	1.029335	0.101549	-2.712337	1.122938	-1.379316	-1.514230	0.259897	-1.734911	-2.670101
-0.746634	1.146927	-1.106816	0.168054	2.200628	1.584765	-0.339455	-0.890194	-0.350112	-1.095601	-0.946081	-2.826734	-1.681739	2.510961	-2.756599	-1.494483	-2.939226	0.713522	-0.952279	-0.535418	0.282542	-0.663572	-1.966691	0.661252	-1.701781	0.412604	2.091399	2.449565	0.950658	-1.129016	-1.806415	1.711624	1.307618	0.886751	-1.770152	-1.966823	-0.635939	-0.407034	-2.019642	-1.561325	-0.419380	-1.646621	0.787779	-0.868649	1.243806	-1.873927	3.033416	0.301095	-1.198428	2.309494
-0.911203	0.055594	-1.310239	-1.449343	1.412105	1.108004	-0.923414	-0.782875	-1.924777	1.801649	1.128566	2.024008	-1.866733	-1.366221	-1.782001	0.314583	0.819834	-2.041979	-1.383211	0.336721	1.218666	-0.839392	-3.206041	0.613457	-2.513394	-1.467992	-1.419074	-1.568697	1.041971	1.065225	1.038341	1.636703	1.985685	-1.212959	-0.362762	-0.435786	-0.414563	-1.915811	-1.645155	1.283289	0.539530	-2.085814	-1.451185	0.698500	2.205556	-0.632155	0.087061	-0.805091	-0.908029	-0.387177
0.203558	0.450780	-0.640691	-0.367674	0.958581	-0.661318	-3.304230	0.355069	0.742387	-0.998410	-0.656993	-0.127717	0.124043	-1.218312	-0.053348	-1.612259	-0.507365	-0.118102	-0.392985	0.425482	-0.142581	-0.059866	0.505965	-0.482092	1.235788	0.051677	1.113012	3.329393	1.754987	0.312011	-0.783518	-0.392954	-2.181884	0.325901	0.922600	0.441298	-1.174457	-1.037868	-0.592376	0.238608	0.519852	-0.475531	1.767774	0.341126	0.545135	0.754850	-1.093178	0.030378	-2.327873	-0.818878
0.604135	1.469524	0.732907	0.367139	-1.416637	-1.000293	0.619957	1.957159	2.679589	1.171220	-0.974145	-2.663466	0.207936	2.465140	0.365395	0.863839	2.424929	-0.299551	-0.801227	1.070362	-1.969413	-0.565466	0.896606	-0.728397	-0.166837	0.073794	-0.114181	1.203937	-0.613367	0.284519	0.974024	-0.049076	-2.440817	1.162845	1.178876	0.662985	1.477281	-0.420785	0.780459	-0.245264	-1.414395	0.635980	1.774484	-1.063821	0.469546	2.509119	0.393971	-0.967944	0.073945	0.877316
0.652371	-0.762891	-1.681785	0.532097	0.394096	0.856302	-1.812523	-0.254297	-1.625496	-1.703162	-2.958307	-1.461658	-3.597146	0.631647	-0.903408	-0.887070	-1.293823	1.466787	0.572300	-0.665969	0.440203	-0.681740	-0.348442	0.221808	-0.792595	0.435369	1.916560	1.357243	0.221696	0.479516	-0.048621	0.327505	1.568741	0.206161	-0.132730	0.064539	0.442369	-0.384771	-2.088891	1.211532	-0.732855	0.036699	1.867785	0.199049	-0.578965	-0.063042	1.110932	0.986387	-1.454722	1.216437
-1.320936	0.040255	-0.349912	0.527464	-1.697070	-0.954908	-0.076062	0.772759	1.192556	0.609241	1.251367	1.760471	0.310272	-0.678373	0.501342	-0.425380	1.953911	1.460793	0.046166	0.948259	0.003806	0.277897	0.899015	0.145029	0.289009	-0.753481	1.529704	0.442748	1.083296	2.135664	0.444829	0.287083	-0.801245	0.545805	-0.877485	-1.413072	0.434752	-1.321064	1.101240	0.309956	-0.472682	-0.831077	1.651234	-1.558729	-2.293952	1.238488	1.098097	-0.150988	-1.307425	-0.500805
-0.061182	-1.428418	0.456439	0.004196	0.340099	0.529465	0.162305	0.634904	0.572707	0.576756	0.781131	2.333772	1.572172	0.532469	-0.220377	1.002100	0.403611	-2.245152	0.258252	-0.417581	0.793102	0.249856	-0.937405	-0.215133	-1.005423	0.119487	1.327546	1.305393	0.670796	0.519631	0.781211	1.896430	0.778636	-0.709870	-0.900877	-1.280644	0.250432	-0.781216	-2.173778	-0.167874	-1.496094	0.641444	1.700499	-0.566683	1.182065	-0.871302	-0.710721	-1.920628	1.330340	-0.197598
-2.882109	-0.066907	0.822301	-2.278526	-1.230857	-1.342278	1.633557	-0.648301	-0.571996	-0.427969	-1.054620	-2.704708	0.031623	2.708405	0.679375	-0.928816	-0.021196	0.419257	1.121614	0.183561	1.792072	-0.111171	-0.650085	0.126020	-0.350575	-0.279341	-1.232754	-0.703303	-0.803305	-0.644017	1.444075	-1.416022	-0.106067	0.494148	1.095775	-2.985991	0.092556	-1.047818	-0.131761	-1.904291	-1.431901	-1.604238	1.253596	-1.257315	-1.451299	-0.782322	2.030902	-1.181891	0.260243	2.551172
-2.319319	2.413462	0.692203	-0.050532	0.904052	2.640690	0.160177	1.217447	0.923002	0.493593	0.783801	0.950907	1.266853	0.491393	0.170891	2.098850	-0.488815	-1.581647	-2.886757	-0.090589	0.610800	-0.435640	-1.504139	-1.887564	-0.283549	-0.593851	-1.234438	2.155330	0.498977	-2.848772	-2.990984	-0.138827	-0.127199	2.999052	0.304029	-0.654446	1.163223	0.345684	2.380559	-3.182480	-1.412023	-0.982737	3.144002	0.785744	1.415615	0.098612	-1.193416	-1.042913	-0.473642	-0.305625
-1.166496	0.423880	-0.617841	2.287737	-2.653497	-1.132124	1.942693	1.607011	3.866866	-0.802182	-1.085360	0.301447	-0.350395	1.850495	-0.028382	-0.880811	0.728224	-1.967553	0.819166	2.512669	-1.209905	-0.435904	-0.338677	-0.784807	0.062574	-0.594949	-2.989912	-0.009462	-2.748450	1.953588	0.447296	0.031708	-2.177956	0.244300	-0.629460	0.337489	0.579937	1.834602	0.431675	0.107452	-0.891921	-1.607701	-1.873934	-2.506616	-1.603848	2.476602	-0.132339	-3.128921	0.829146	-1.017117
0.454683	-0.420912	0.425550	1.195438	2.355523	0.171587	-0.154452	-0.988328	-1.698022	-1.745748	-0.817110	-1.074614	-1.548970	1.683921	-1.568412	-1.470139	-3.015133	0.513315	0.425709	1.019421	-0.758242	0.005650	-0.105201	-0.102529	-1.085695	-1.017894	0.611734	-1.857032	-1.714598	-1.087970	-1.716624	0.704088	1.698695	1.894613	-1.832367	-0.862595	0.123733	1.510874	-0.930296	-1.520517	-0.097787	-1.189280	-1.331207	-0.096231	-0.488707	-2.503512	1.504511	1.715426	-0.015061	1.956208
-0.400781	-0.474842	0.346906	-0.287967	0.841172	-0.980077	1.741002	-2.244450	0.841318	0.069436	0.919607	1.676513	0.360910	-0.869157	-2.055966	-0.591724	-0.498947	0.216440	0.269833	-1.835796	0.490247	0.708686	0.195363	0.705549	1.728176	2.089494	1.103424	1.032387	0.596817	2.547381	-0.171539	2.067941	-0.444131	-0.782732	-2.446767	-0.937392	-1.072954	-1.064811	0.115158	1.583908	2.026787	1.189052	0.869498	-1.868019	0.895264	0.138508	1.084116	0.828661	0.275499	-1.158798
-1.108777	0.601072	0.318811	0.321284	-1.126303	-0.598579	-0.014550	-0.115544	1.173808	1.301396	1.201079	-0.961898	-0.001468	-0.372515	-1.331782	1.467418	2.296814	-2.450333	1.069707	-0.261642	0.091156	-1.415453	1.770832	-0.316009	-0.037422	0.069235	0.946944	1.986322	0.413948	2.231638	-0.399346	0.184728	-0.478761	-0.105378	-1.534998	-2.066973	-0.073168	1.045202	0.343677	0.598735	-0.460402	1.260674	3.089079	0.175004	-1.192735	-0.089284	-1.378672	-0.189046	-1.742224	0.388827
-3.950226	0.694315	1.333819	-1.537297	-1.012591	-0.065682	0.937081	0.139577	1.511952	0.714482	0.744282	-1.678288	1.572329	1.105310	-1.223917	-0.609566	2.305368	-1.078856	-1.600953	-0.111727	0.340655	0.561984	-1.472331	0.707083	-0.431031	0.150028	-1.068543	1.169638	-0.671680	-0.355522	0.189433	1.209681	-1.361555	0.464326	0.476422	-2.226462	0.733150	-1.709891	-0.969570	-2.549288	-0.303592	-3.021244	1.972356	-1.212634	-0.306830	-0.176486	1.065677	-1.968941	-1.104534	-0.229953
-0.831469	-2.048462	-0.606278	-1.806107	-0.582191	0.522946	-1.570474	0.328527	-0.178088	-0.514631	-0.655322	-0.524691	0.429830	-0.420368	0.364760	-3.103904	0.840030	1.940252	-0.216578	-0.713934	1.149552	-0.908056	1.071272	3.204378	0.249918	0.060717	-0.713889	2.982265	1.698930	0.513512	3.264628	0.293194	-0.961678	-1.067556	0.516579	0.369707	0.018968	-1.428729	0.409132	0.739226	2.409021	-1.790484	0.985627	1.262182	-0.250451	0.658363	2.536541	-0.967799	-0.564360	0.156515
0.181886	0.398864	0.612933	0.844983	-1.663125	1.634489	0.765052	-0.409603	0.263130	1.323516	1.397877	1.549019	0.729910	0.159365	-1.370295	0.818739	2.395200	-1.449566	-0.335059	-1.384402	0.865432	0.627690	-0.188761	-0.957514	-0.557998	0.388622	-0.762501	3.385328	-0.761340	-0.592263	-1.196408	0.966514	0.656084	-1.653124	-1.105549	-0.791588	-0.616747	1.062631	2.786513	-0.854191	-1.180961	0.099186	3.397362	-0.305169	-0.009875	-1.721846	-0.941484	-0.257443	-2.413241	-0.292058
0.302719	-0.907956	0.960467	-1.163267	-1.980465	-1.196589	-2.215299	-0.486580	1.148375	-1.612667	-0.418256	-0.597710	1.787354	0.671041	0.342542	-3.058780	-1.369162	0.452304	0.266966	0.070634	0.199831	0.771880	1.590526	2.007862	-0.515272	-0.084660	-2.902722	0.161035	1.736076	0.593664	0.453926	-2.781083	-2.968230	0.267834	1.428604	0.004359	0.058589	0.479157	1.884922	-0.327499	1.052513	2.214432	0.823192	1.475539	-2.153823	1.503516	0.345470	1.790013	1.747860	-0.980387
1.109615	-0.163839	-0.910804	2.933303	2.472129	2.642185	-0.672413	1.283808	-0.386751	-0.040445	-0.487347	-0.446865	-0.469141	0.330010	-1.530792	-0.486422	-0.471463	-0.172633	-1.832874	0.719137	-1.224134	0.447280	-0.170607	0.999640	-0.204174	1.055878	-2.647270	-1.779829	1.336368	-0.220985	-1.307772	-0.746109	0.315047	-0.067711	0.386417	1.000407	0.445075	2.639982	1.545649	0.698734	0.448581	0.564127	-2.218382	2.192741	1.375399	0.460768	-0.686968	-0.357950	0.053850	-1.218540
-0.232280	0.778420	2.484206	1.110422	0.493815	-2.174588	0.074314	0.889195	-0.266706	0.064732	-0.290867	0.312106	0.065113	1.316310	2.719702	1.280200	-0.631622	-3.268965	2.723128	-1.408697	1.067354	-0.283448	-0.500613	-0.378612	-1.371968	-0.402102	-1.779591	-3.077097	-1.887501	0.247544	-0.080572	0.394324	0.899527	1.780614	0.970189	0.738891	0.849311	2.877625	0.590966	0.977696	-2.000568	1.753196	-3.642233	-0.509999	0.777480	1.317437	-2.978532	0.405374	1.723467	-0.804010
0.016241	-1.054962	-1.375277	0.209878	-0.025893	4.081437	1.052800	0.253226	-1.976473	-0.926388	0.875960	1.016272	-1.149780	-0.458790	-0.591427	-0.955922	0.571192	-0.982107	-3.140748	1.083938	0.011001	0.282017	-1.620163	0.755834	0.087693	0.650190	1.899815	0.421652	0.983632	1.395960	1.324186	1.489172	2.041918	-0.191005	-0.875651	0.474423	-0.893968	-0.980949	0.144365	2.002112	0.146965	-0.018384	2.310020	-0.407029	3.068875	-1.438838	-0.753873	-0.366241	-0.099202	0.151027
0.744502	-0.314392	-0.611236	-1.100103	2.986546	2.617333	1.091726	0.438716	-2.245653	0.504000	1.042471	1.301768	-0.331318	-0.722379	0.224268	0.362460	-2.233002	0.016359	-1.477953	-0.511642	0.109391	0.951470	-2.472277	0.663486	-0.085141	-0.538420	0.882356	1.044049	0.197907	1.793371	0.734570	1.249743	3.456029	-2.187947	0.456387	-0.059909	0.368522	-0.858744	-2.234266	1.409746	0.619777	-0.519538	1.077882	-0.475052	2.201855	-1.115778	-0.166172	-0.294370	0.243896	0.575451
