X48	X27	X33	X9	X23	X39	X14	X44	X20	X10	X31	X37	X11	X49	X41	X24	X4	X42	X13	X15	X25	X16	X1	X8	X36	X43	X22	X32	X19	X28	X50	X38	X5	X35	X2	X21	X46	X34	X40	X3	X17	X12	X18	X29	X7	X6	X47	X26	X45	X30
2.888419	2.293216	0.947749	-2.024621	-0.245533	2.601392	-0.113668	2.073543	-1.305425	1.661861	1.790825	0.021277	1.032300	2.542246	0.058883	-2.041894	-0.949525	2.992438	-1.562644	-1.304770	-0.665658	1.147218	-2.729740	0.151066	1.082374	-1.432023	0.754569	0.255454	1.144088	-1.993966	-0.484169	1.171934	1.840515	0.627156	0.428840	1.665052	-1.530298	1.178837	2.071296	0.017592	0.127496	-1.570912	1.470851	-1.272522	-0.509481	0.137312	-0.316030	-0.071446	-1.031705	2.003854
0.056551	-0.187075	-0.161062	-0.673935	-1.506603	0.783443	2.197888	-1.575946	2.380783	0.495713	1.846819	-1.170627	2.371796	-1.246147	1.604644	1.724003	1.604501	2.800119	-0.444576	0.919507	1.980110	0.176363	-1.361775	-1.347577	4.143853	-0.941547	-1.759210	-0.005055	2.974922	-0.377720	-1.232574	-0.503856	-1.249681	-0.003712	0.483733	0.528470	-1.559885	3.441677	0.781119	-0.074527	0.158756	-0.203080	0.287101	0.180225	0.499955	1.751398	-0.166649	0.364447	0.373807	0.042514
-1.068058	1.298972	-1.687233	-2.691013	1.610682	-0.168836	-0.989476	-0.967767	-1.026687	-0.328939	0.482885	1.233286	0.117302	-0.023959	-0.734620	-1.134581	2.689959	-0.678967	-1.157434	-1.110864	0.285007	0.801001	-0.177928	-2.359752	0.381772	-2.334718	0.893907	-1.252839	-0.739345	0.106421	0.315441	0.524331	0.591166	1.318193	-2.303137	1.576558	0.712852	2.487571	1.200572	1.756520	0.603961	-1.462900	1.170465	0.229645	0.126389	-0.768351	-2.153460	0.162534	0.104268	-0.255561
1.738939	-0.174553	-0.010615	-0.221245	-1.449604	-1.395673	-1.073976	0.289064	-1.103555	0.955469	-0.343995	-0.334484	2.165536	-0.193308	-3.939579	0.469438	-0.744223	0.610010	-0.301981	-0.726912	0.752790	-1.504978	-1.853385	-1.405255	-2.506608	-0.647197	1.516989	0.634989	-1.790559	1.291857	0.618502	0.132353	-0.978170	-0.797316	0.574348	-0.032075	1.039692	-2.327742	-1.412652	-0.825751	0.836893	0.257820	-0.040627	-0.680034	-1.131541	0.248569	-1.339322	-0.032191	-0.416618	2.419204
0.563326	2.041987	1.450213	-1.472793	-0.547834	-2.090849	-2.749701	0.709284	-3.809845	0.746093	-0.450067	-0.736599	-0.291219	0.533818	1.969346	-1.098774	-1.508567	1.147228	-3.185436	-0.854441	1.203978	-0.599609	-1.580027	0.016771	-2.026233	-2.948391	0.191864	0.713156	-1.141232	0.216227	0.130047	-0.962556	-1.379140	-1.385968	0.384783	0.657010	0.863111	0.685398	0.442166	1.047353	-1.129988	-1.307480	0.907375	0.686495	-1.682986	-2.648910	2.341178	-1.629339	0.465149	0.156643
-0.139488	1.785653	1.007982	0.388370	1.318417	-0.257648	0.061785	1.375712	1.419010	-2.257342	-0.160035	-1.783681	-1.128795	1.390450	2.009433	-2.724094	2.040899	0.811867	-0.086923	3.194406	-3.621388	-1.600630	1.100075	0.476107	1.191959	-0.572321	-1.146284	0.325491	-2.300550	-0.356317	-0.706820	-0.672947	1.338257	-0.633991	-0.628462	1.330407	0.745773	0.527905	-0.677357	1.648940	-2.333177	1.301585	-1.479194	0.399649	2.376322	0.257692	0.753832	-0.537821	0.380661	0.890426
0.914878	1.750595	-1.383360	0.054701	-0.508501	-0.259673	-0.467253	0.658572	0.686100	-0.731872	2.044465	0.263533	1.565259	0.092283	-1.102796	-0.134676	0.330341	1.785629	0.380433	1.230891	-0.475565	0.471766	-1.315299	-1.471164	-0.323937	0.150023	-0.303224	0.482637	-0.073226	0.926064	-0.128483	-2.103675	0.709725	0.807086	-1.691200	0.429047	1.103841	1.201815	-1.831684	0.034207	-0.089426	1.011857	-0.356774	1.267635	0.322144	0.199686	-1.395456	1.587088	0.131848	-0.086807
0.426883	-1.637078	1.230424	0.669340	-1.159683	0.066691	-0.056484	0.246366	0.360853	0.185916	3.299874	-0.679721	0.898223	1.940649	2.045703	-1.213125	1.616553	2.258273	1.465720	1.944227	-1.516452	-0.504271	0.406067	-0.161423	0.263223	-0.226863	1.381936	-0.215458	0.613966	1.387903	-0.445864	0.843207	1.802438	-1.379842	0.712092	2.759633	0.774176	3.238651	0.661185	1.783529	-0.836394	-0.398545	0.713880	2.367239	1.665903	1.243394	-1.763376	0.214077	0.088084	2.309531
-0.884372	-1.259428	1.894903	-0.199227	-0.162044	1.058070	0.200705	-0.069229	-0.970556	1.212272	1.771522	-0.571852	0.663157	0.920318	-0.247492	-0.789808	1.071892	0.724690	0.871524	-0.024319	-0.065531	-1.089294	-0.642861	-0.926452	0.496048	0.167664	1.809790	0.222101	-2.042319	-0.436052	-0.165464	1.300904	2.323776	-0.022832	3.495227	1.510403	-0.043768	0.817281	0.177949	1.470120	1.547850	-0.051156	-0.412960	-2.019929	-0.719355	0.397322	-2.852578	-0.466330	-0.372350	0.579897
-0.317014	-1.657352	0.052359	-1.280491	-0.988003	0.889884	2.088375	0.573970	1.293283	-3.075005	1.358365	-0.020747	1.185905	-0.583675	-0.678867	-0.438321	-1.861524	0.828309	1.389682	0.623601	-0.533390	-0.369308	-0.771922	-0.915595	0.883685	-1.505880	-0.852177	-0.183740	0.543796	0.649726	0.021662	-0.235094	0.812944	-0.944023	-0.372289	0.449609	-2.335364	1.723204	0.351260	-1.739197	-1.166945	-0.822930	0.347719	1.344935	0.674926	1.862035	-2.089580	0.496828	0.704110	-0.587372
0.741189	1.951984	1.116906	-0.474917	1.001895	0.794392	0.494007	-1.513755	1.615858	0.659775	-0.782704	0.973654	-1.070176	-1.812694	-0.037652	1.198168	1.187817	0.397568	-1.788585	2.034345	0.654144	2.378189	1.305459	-0.348557	2.132015	-0.810183	-2.738005	-0.611916	0.838304	-0.354971	-0.419670	0.474066	-0.272918	0.128664	1.319808	0.005432	-0.797422	-0.735349	1.395866	-0.852158	-0.656717	0.569579	-0.097490	-1.532874	1.094805	-0.678874	0.343183	-1.004756	1.201981	-2.183279
0.390889	1.790598	-1.296206	0.739271	0.883838	1.724946	-1.072520	0.071253	-2.134759	-0.975341	0.897907	0.525215	-0.798418	-0.086777	-0.648557	-0.757779	1.510007	0.468449	-1.895541	-1.021003	1.039511	-1.004080	-1.278482	0.134121	-0.548875	0.109447	0.347400	-0.321858	1.960878	-0.312611	0.944874	-1.714217	0.255521	1.694285	-1.404703	0.905572	1.875543	-0.487244	1.194471	-0.474649	0.818291	-1.046582	-0.116451	-1.240640	-0.001380	-1.192982	0.436487	-0.016408	1.843181	0.559138
1.879386	0.517769	-0.242159	-1.931686	0.654582	-0.292097	-1.607659	-0.603266	0.014827	-1.422847	1.104967	-1.122252	0.404037	-0.190187	2.818677	-1.623738	0.603318	3.602111	-2.193968	-0.889734	-0.649288	-1.049688	-1.632475	1.391455	1.230763	-1.240200	-2.007261	-0.519921	-0.101570	0.267196	-0.360462	1.311026	-2.386479	0.207502	1.095146	1.399623	0.446423	0.196469	0.150335	2.320374	-0.970701	-0.039770	-0.301909	-0.639288	-0.672566	-2.554264	3.390576	-2.062249	0.735551	0.867336
-1.240188	-0.566071	-0.755509	0.339386	0.557394	0.975961	-1.090063	0.223302	-1.179858	-0.967821	1.702813	-0.850018	-1.483088	0.422517	0.304256	-1.458427	-0.981969	0.181419	-0.011861	-1.073124	-1.356625	-0.324658	-2.140244	-2.935001	2.317729	0.189912	-0.401102	1.506985	-1.325071	2.239681	-0.157653	-1.084081	0.982044	-0.599557	-1.650996	1.647928	-0.979228	2.356361	0.880647	1.080856	-0.998797	-0.615999	0.534944	0.772507	-2.528413	0.469496	-4.150277	1.322115	1.824488	0.402154
-0.698085	1.012620	-0.194641	-1.832295	-0.273189	-0.371653	-0.335017	1.448226	0.338677	-0.641918	0.302711	0.784888	1.403545	0.415188	2.260132	2.293133	0.811457	1.761073	0.035732	-1.530020	3.104475	-2.128221	-0.068502	-0.200868	1.102380	-1.389139	-1.883623	-0.470813	-1.997292	1.573844	0.725189	1.392889	0.790620	0.358718	-0.201799	-1.074658	-0.391630	1.081070	-0.233127	1.642347	-0.172648	0.851453	-1.294692	1.059397	-1.272428	-0.318492	0.003126	-0.108342	1.301373	-1.561547
-2.288644	-1.977026	-0.126358	1.255160	0.122165	-0.852159	1.651891	-0.475109	2.902544	-1.100556	-1.247123	-1.866588	-2.297123	1.523688	1.473130	-1.087649	-0.884319	-1.259693	1.704855	0.273622	-0.143789	-1.238429	-1.235858	-0.433433	1.003123	1.574596	-0.552989	-1.312116	-0.721080	0.443090	-0.164767	1.626010	1.992667	-1.397577	-0.019487	-1.669334	-2.062259	-1.434283	-1.961663	0.844074	0.201984	2.330326	-1.947110	2.020298	-0.031883	0.841284	-1.188596	1.333950	-0.325871	0.853347
-0.201334	-1.167146	0.717505	0.880473	-0.894494	-0.273303	0.981844	0.210877	1.010210	0.708748	0.196613	0.219720	0.509780	-1.921907	-1.546507	3.001691	1.049227	-1.426593	1.773212	0.021497	2.549712	1.254368	0.706297	1.740142	0.834738	0.083423	0.075720	-1.006063	0.844476	2.391629	-0.614018	0.200178	-1.300586	-0.058240	0.667744	-1.160639	-0.409074	0.854044	-0.741711	-1.140296	-1.201113	0.743499	0.259895	1.692043	-0.418991	2.319171	1.064131	1.327305	0.779811	0.153021
-0.339896	0.420506	1.728740	1.634383	0.089068	0.250720	-2.045387	-0.512526	-2.561800	1.199201	-2.910961	-1.143985	1.356263	-0.049416	-0.969444	1.351375	0.918602	-3.083553	-1.481366	-0.693846	1.401000	-1.815707	-0.415971	1.742664	-1.869557	0.464106	0.858143	1.167185	-2.189331	-2.541492	-0.533032	-0.305848	-1.775511	-0.884913	2.028532	-2.151938	1.968719	-2.962441	-0.492753	-0.519061	0.320410	-0.270716	-1.061525	-2.180431	0.894245	-3.211039	3.219486	-2.016657	-0.747663	1.217479
1.425896	1.791762	0.942188	-0.414573	-1.238851	-0.142027	-0.939682	-0.281220	-1.630719	-0.138211	3.000473	1.659894	2.698450	-0.637490	0.748643	-0.843128	1.202408	1.264805	0.525843	2.209309	-0.701015	-1.896515	-1.611023	-0.070256	0.039915	-1.886613	-1.160702	-1.331581	-2.939566	-1.665763	-0.198932	1.430190	-0.882593	0.932255	0.093138	2.489942	1.883366	0.622383	0.756032	-0.600708	-2.059630	-1.554877	-0.591127	-0.326508	1.459603	-1.969742	1.516704	0.215597	0.599380	0.972037
1.373523	-0.065813	-3.218290	-0.222431	-0.474958	-0.906058	1.253909	1.157610	1.237363	-2.413101	0.486267	-1.168171	-0.482324	-1.642909	-2.802523	0.757600	-0.526949	0.716028	1.668139	1.401948	-0.954424	1.092973	0.990284	-1.386699	-2.291622	0.434138	0.277961	0.307981	0.354679	0.334429	0.095358	0.092507	-1.150387	-0.725005	-3.090324	-0.322719	0.058730	-2.409281	-0.439536	-1.636672	1.118541	0.043075	-0.256915	2.300663	-0.769766	1.782582	-0.365636	2.263206	-0.465488	-2.098539
0.916523	-2.162039	-2.535159	-0.189347	0.104158	0.982880	-1.374857	1.849450	-0.295459	-2.126210	-0.300202	0.700097	-1.309687	1.004904	-1.311094	1.079911	-2.304813	-0.394180	2.753160	-2.717461	1.232768	0.079231	1.706372	1.335936	-1.500700	-0.430661	0.586540	0.400087	-1.226521	0.009262	0.698286	-1.844333	3.136007	-0.218092	-1.554111	-0.903740	-0.234595	-0.517198	-0.442810	0.286935	0.134031	0.119271	0.224561	0.133087	-1.601965	-0.852508	-2.317262	0.993534	0.041114	-1.206490
1.098777	-0.511392	-0.231787	-0.574203	1.954914	-1.410046	3.144705	-0.945203	2.678300	-0.199420	-3.037138	0.019340	-3.327355	-0.251353	-1.737481	-0.676150	1.934133	-1.488964	2.302531	2.626937	-2.529053	0.800903	-0.632020	1.065258	-0.463329	-0.815451	1.793209	-0.797606	1.194001	0.299658	0.513902	-1.728986	0.608146	0.758299	-0.192843	-2.114145	0.463154	-2.752922	0.363349	-1.028425	0.076196	0.041362	-0.046967	-1.355586	2.855237	4.454445	0.597981	0.521905	1.268688	2.367576
1.116221	-0.158024	0.561972	0.460871	-0.180418	0.255983	-0.587805	0.939487	-1.055301	0.902143	0.791659	-1.597862	0.015113	-1.148194	-0.452789	1.367911	-3.053830	0.235674	0.587039	0.099134	0.333671	2.442633	0.873486	1.269581	1.999877	1.282884	0.180119	0.549179	3.312928	0.578345	-0.565581	-0.909817	-0.203475	0.034812	0.807231	0.788896	-2.453473	2.523468	1.422148	-0.012817	-0.461515	-0.409932	0.504450	-0.797079	-1.310697	-1.575030	0.768429	-0.605368	0.545120	-1.441606
0.241485	-0.856271	-2.258517	-1.299091	1.566681	-1.195886	4.271926	-0.689582	4.141540	-1.039099	-0.987088	-0.104143	-2.846609	-1.658373	-2.732440	-2.014566	-4.279286	-1.734729	0.071372	-1.350090	-1.674863	0.561864	0.536213	-0.093590	1.112098	-0.384551	1.258369	1.334993	-0.084814	0.309547	0.432986	-1.584180	0.185949	1.318702	-2.375642	-0.848971	-4.290540	-1.873266	1.166533	-0.360731	1.118447	0.071055	0.488906	1.341401	-2.887943	4.250683	-0.839204	2.135532	1.069964	-0.745405
1.445640	0.176285	4.313007	-0.990031	0.784450	-0.872796	0.351761	-0.491964	-1.777224	2.602121	1.430900	-1.658329	0.093823	1.414674	-0.174458	0.862726	1.591867	0.694016	1.598765	1.874976	-0.250299	1.473449	1.733576	1.862140	0.301322	-1.897707	2.569111	0.381376	-0.175696	-1.076140	-0.267593	2.356064	2.256902	-1.937312	2.463002	1.663070	1.164508	0.610419	1.935102	-2.329483	-0.096199	-2.823875	3.271643	-1.153162	2.529076	-0.269274	0.577732	-1.125275	-1.014749	1.627161
-3.185193	-1.420096	0.695609	-0.913087	-0.108262	-1.175246	-0.412246	0.104056	-1.263936	1.707739	-0.001810	-0.946951	0.728284	-0.234183	2.400811	1.424175	-1.058612	1.230632	0.948424	-1.170146	1.420506	-0.829442	1.232364	-2.711432	-0.820376	-1.811481	1.109138	1.698564	-1.742562	0.138742	-0.327746	-0.158946	-1.013459	-0.878422	1.656301	-1.493891	-0.180764	-0.569232	0.830163	1.570114	-0.042154	-0.334471	-0.458846	-1.625699	-0.413296	-0.246264	-1.460896	-1.467975	0.663226	0.359754
1.334818	-0.958168	-2.137524	2.287769	0.663406	0.538868	-0.390615	2.040857	0.998761	0.472743	-0.133149	-2.205163	0.255813	0.070088	-2.516843	-0.458053	0.874468	-0.975403	0.600411	1.121806	-1.571313	0.220905	-2.076902	0.483377	1.453909	1.818920	1.617310	0.345766	0.374546	0.513030	-0.858138	0.676731	0.904417	-1.590753	-0.295246	-1.424923	0.520930	0.803140	-2.309719	-1.548512	0.749809	3.067366	-1.578430	1.329825	0.999327	-0.673826	-0.939723	1.138782	-1.345745	1.777208
3.054560	-0.601292	-1.010633	0.480726	-0.838286	0.937349	-1.313053	-0.397768	-0.067165	-1.354707	-1.538451	-1.267188	0.216108	0.151827	-3.589292	-1.694400	-0.529010	-1.542073	-1.270720	-0.576985	-0.319533	-2.933268	-5.521134	0.359741	-0.643585	-0.198478	-0.397346	0.348476	-1.505705	-2.788970	0.356595	0.918239	-0.302373	-0.672629	-1.086545	-1.269070	-0.066727	-1.393868	1.649142	-2.609996	-0.769841	-0.658330	-0.221265	-0.590153	0.731146	-0.508097	-0.010323	-0.013280	-0.433714	3.631903
0.207386	-1.407394	0.441315	-0.916259	-1.194161	-0.489970	-0.788602	2.014046	-1.044913	1.993069	2.401115	-0.957302	0.975084	0.812008	1.723313	-2.162978	-1.575623	1.517762	0.072615	-3.471081	-1.571546	-2.504712	-1.288245	0.560524	0.112728	-1.400188	0.776427	1.467098	-2.490589	-1.584532	0.783823	0.540844	0.671911	-0.994134	0.168806	2.709122	-1.638569	1.391477	-0.243293	3.075256	-0.244129	-0.426283	0.797564	0.103258	-3.173172	0.127652	-0.695365	-0.214365	-0.089677	0.559394
-1.786174	1.454919	0.357333	1.742752	0.145469	0.470551	0.855383	0.814599	1.552476	-0.446025	-0.604127	0.667245	0.742392	2.085638	0.785956	1.383917	1.576738	-0.350049	0.840702	2.976171	-1.058690	0.877075	-1.126021	-1.627383	-0.654700	2.901845	-1.152896	-0.455852	-0.517349	2.372423	0.629964	-0.788009	3.218307	0.529516	0.189662	-0.531400	1.178780	-1.726933	-0.156573	-0.284362	1.697985	1.300266	0.347599	0.843087	1.975327	0.850755	-2.610277	0.480662	1.563226	0.659408
1.060852	-0.018823	0.905021	-0.663247	-0.216907	-1.607296	-1.859686	-0.917914	-2.888089	3.258535	-0.523766	0.595915	1.067571	-0.699482	-1.912270	-0.036553	1.081177	-0.570282	-0.181374	-0.439142	1.032398	0.873621	-2.144948	0.349792	-3.006894	-0.348315	2.940159	-0.447802	0.769355	1.932006	1.030797	1.179903	-1.996357	-0.433090	2.076063	-0.902487	2.620091	-0.859154	1.309027	-1.134623	-0.413290	-1.768585	0.946013	2.231747	0.967575	-1.566083	1.365203	-1.123598	-0.427360	2.527667
-1.648197	-0.341520	-0.518453	1.010819	-0.202071	0.562829	-0.956397	1.685262	0.354071	-1.599351	-1.065368	-1.059712	0.102918	-1.240471	-1.476624	2.031887	-0.294694	-0.878522	-0.410328	-0.245397	0.134882	-1.122005	1.803789	-3.795252	-1.475928	0.983271	0.894519	0.045934	-2.140682	0.680086	0.037288	1.653207	-0.973040	-0.981932	-1.172322	-1.609222	0.669612	-0.125475	-0.714888	-1.666711	-0.161754	0.890442	-1.477985	1.333975	1.234354	0.105521	-2.801685	0.567549	-0.322310	-0.615571
0.563371	-0.516109	-0.805207	-0.626384	-1.522700	1.048353	0.563426	-0.099847	0.620824	-2.113190	1.396102	-1.310568	0.318908	0.218158	-1.389011	-2.098871	-2.055436	-0.170794	-0.743850	-0.736926	-3.518299	1.552132	-0.946899	0.440022	-2.220436	0.256222	0.752636	-0.340621	2.090163	2.717542	0.844614	-0.309761	-0.144621	-0.922761	-1.054131	1.792031	-0.397012	-0.368284	1.173805	-0.118955	1.640783	-0.821083	1.495528	2.535773	-1.749714	-1.375521	0.381102	-0.551470	0.810501	-0.133429
1.375511	0.033031	0.144990	-0.355414	0.010780	0.359088	-1.389595	0.004161	-1.474595	-0.915025	-0.113984	-1.189795	1.338027	0.175127	1.910638	1.380985	1.362694	1.211282	0.410461	2.230893	-1.311242	-1.031901	1.701326	1.637293	-0.735915	-0.907787	-1.648291	0.676964	-1.291021	1.033181	-0.476734	-0.375168	0.268959	-3.004178	0.521191	1.230481	1.967637	-0.241372	0.680426	-0.368010	-1.817635	-0.074487	-0.313991	-0.114103	1.641048	-0.912842	1.379355	0.183785	2.324392	-0.517313
-3.091234	-0.526873	-2.167014	-0.746278	-2.115404	-0.815500	1.296603	-0.522151	1.408830	-1.750673	0.041437	1.353681	1.842391	0.757406	4.324608	3.067026	-0.063119	-0.424111	0.349516	-2.046339	5.812848	-0.776622	0.174265	0.069601	0.795801	-1.157313	-2.057466	-0.762046	0.265138	-0.786597	0.212893	-0.654021	0.412394	1.352723	-3.515539	-0.380355	-1.005865	0.889685	-0.292998	4.254826	-2.253613	0.053424	-0.368882	-1.663638	-4.198603	0.239599	0.082313	2.783472	-0.253901	-3.148361
0.617906	-0.652798	-0.331087	-1.554728	1.553653	0.061982	-0.059993	-0.356195	-0.538998	-0.560047	0.500331	0.868833	-1.139740	-0.271953	-2.442843	-1.931823	0.464511	-0.554649	-0.386819	0.129406	-3.420709	-1.185273	0.627722	-0.959388	-0.844184	-0.811086	1.152639	-1.669155	-1.435322	0.976316	1.106313	-0.184160	0.708430	0.130654	-0.958392	2.818173	0.672740	-0.393105	0.988282	-0.480571	1.237785	-2.878224	1.643999	-0.295040	-0.223184	-0.116685	-1.316598	-0.545072	1.446359	1.041829
-1.643672	-0.494250	0.484125	-0.376820	1.397914	1.241239	-0.836396	-1.001612	-1.057656	0.988069	-0.876069	-1.974492	-1.206139	0.337944	0.280015	-1.539258	1.872351	-1.321105	2.005624	2.049456	-2.607970	0.854724	0.300374	-1.749191	-0.657779	0.351966	-1.746416	0.029404	1.632597	0.243703	-0.114540	-0.802325	0.749140	-1.075444	0.581780	0.463970	1.700074	-1.743910	1.235539	-1.730471	-0.326763	-0.801268	0.851073	-0.763249	1.744433	-0.488171	-1.255794	-0.133316	1.466567	1.227626
0.187201	-0.933634	2.767800	0.845123	1.969608	1.750961	0.723712	1.021055	0.716674	1.627952	-0.522942	-0.638572	-0.573376	-0.279961	-0.103298	-1.176443	1.782150	-0.018768	3.186537	-0.539045	-1.294343	0.723129	0.393703	1.774587	0.713769	-0.455177	-1.306678	-0.359099	2.376779	1.580065	-0.388149	-0.655994	1.881923	-0.218635	3.162561	0.466129	0.216051	0.075218	-0.798082	-0.601322	-0.362481	1.417911	-0.701169	0.540994	0.266109	-0.023756	-0.010785	-1.361770	1.497432	-1.036696
-0.671755	-0.680532	1.807953	1.047270	0.163948	-0.506138	-0.995618	-2.126813	-0.473403	-0.367369	1.392658	-1.802611	-0.690187	-1.200051	1.131411	-0.022797	0.372550	2.744840	1.234050	1.960571	-0.975598	0.727988	1.441339	-1.966779	-1.368171	0.736568	2.514340	0.345583	0.220522	2.132137	-0.263224	-0.047608	-2.060883	-2.331544	0.556923	0.773032	2.579817	-0.348902	0.505184	-0.151370	1.457672	0.094232	-0.333743	-0.539547	0.465528	0.044885	-0.036461	0.172984	-0.172014	-0.114535
-2.246636	1.369072	-1.038358	-1.724349	0.041771	-0.390951	1.727580	0.900379	0.948147	0.809054	-1.952653	-0.207601	0.997913	-0.292894	-0.116363	1.254306	0.437431	-2.364335	-0.272617	1.871279	-1.185844	-2.055021	-0.254573	-0.926935	0.459891	-3.089395	-0.853655	0.865516	-2.626693	0.616993	0.329663	-0.667047	-0.405758	-1.026225	-0.667911	-1.415007	-0.149379	-1.334642	-0.520061	-0.653011	-0.985887	-0.245197	-0.205624	-0.547260	2.323474	1.517075	0.411321	1.946400	1.103987	2.698042
-0.826642	-0.916602	-0.958394	0.615416	1.848607	0.104672	0.088530	0.428096	0.566903	-0.579060	-0.432213	0.062689	-1.950814	-1.322615	1.762492	0.324941	-1.078148	-1.123987	0.626615	-2.551494	0.321684	0.621225	-2.375823	-0.354949	2.054189	0.484794	0.010645	0.474259	1.347923	-1.231719	0.276132	0.795783	-3.005928	0.322110	-0.634901	-0.756677	-2.073636	0.673794	-0.947278	3.117597	-0.120792	0.729731	-1.614054	-0.893009	-2.605738	1.185027	1.316974	2.064714	-1.028604	-0.101959
1.405206	-0.770624	-0.547071	0.567369	-1.080598	-1.180065	-0.137661	-1.540475	-0.475812	-0.462339	0.473563	0.659166	-0.237707	-0.405278	-0.925229	-1.372786	-1.833663	1.274965	-0.942900	-0.845365	-0.506433	-2.358174	-0.128634	-0.697615	1.531201	1.186004	-0.497319	-1.565227	-1.856836	-1.536981	0.497601	0.110861	0.207399	0.920366	0.137173	0.459622	-2.377593	0.916595	0.396789	-1.002721	-0.144619	-1.363829	0.891389	-1.908843	-1.497086	-0.882473	-1.160748	-0.218297	-0.481852	0.214590
0.787612	-1.505489	1.348228	1.326951	-0.404890	-0.219291	-1.815458	-1.458605	-0.875226	0.417920	-0.036857	-2.801414	-0.249014	-1.155277	-0.302455	-1.044379	-1.314653	-0.266278	1.206503	-1.526017	-0.405315	0.395509	1.098408	0.494495	-1.662159	1.385669	-0.598340	1.340795	0.723347	0.213238	-0.055180	-0.619615	-0.624517	-1.691408	2.088241	-0.213829	0.163401	-0.139502	-0.316136	1.546776	0.896096	1.372485	-0.894432	1.440930	-2.407259	-1.925607	0.178576	-1.256066	-0.351200	-2.051109
-1.050590	0.725607	1.816405	1.523120	-0.298567	-0.855988	-0.122308	-1.620830	0.443928	0.684367	-4.699760	-0.267101	0.643452	-2.031799	-1.455790	5.263783	-1.795278	-3.946157	0.733352	1.202177	3.717546	0.814813	1.998634	0.177045	-3.155900	2.768752	0.375418	-0.912926	1.770625	-0.705469	0.703914	-0.821626	-2.954569	-0.079856	0.528852	-5.342121	1.139740	-4.586996	0.802063	1.113193	1.265941	0.869549	-2.198323	-1.479497	-0.293841	0.491280	2.920586	1.668988	-0.201656	-1.406015
0.658580	1.248426	-0.840323	-2.423617	0.949174	-0.338728	-1.638771	0.088511	-1.550244	-0.870673	-1.021610	-0.349625	0.343992	-0.715476	-1.052228	-0.330540	3.139905	-1.888341	-0.548489	3.535023	-1.305871	-0.471354	0.170561	1.173993	-1.299878	-2.825648	-1.513419	-1.078070	-1.212143	0.787852	0.041918	0.890011	-1.030620	-1.109623	-1.032693	0.180696	4.467512	-1.021670	0.775742	-0.942872	-1.525269	-1.672620	0.855311	1.156780	3.835762	-2.575890	2.403915	-1.126479	1.587873	1.465680
1.583550	-1.817921	2.595152	-1.062922	-0.348043	0.419087	-0.354710	0.325006	-0.462364	-0.788073	0.842289	-2.466253	-1.326754	-0.848278	-1.896521	0.240858	0.625109	-0.295986	2.089547	1.439530	-1.104734	-0.437752	0.756151	0.336974	-0.469183	-1.084873	1.785041	0.791360	0.181070	-0.453616	-0.706617	0.398124	-0.804182	-2.984082	1.673268	0.473435	1.584391	-0.557202	0.386641	-0.217643	2.709883	-0.462369	-0.083409	1.522918	0.055214	-0.264050	-0.201926	-1.077736	-0.954679	1.083003
2.179860	2.233191	-2.014403	-1.007162	-0.479012	-0.979253	-1.244854	-1.340305	-0.350452	-2.599204	2.284455	0.812824	0.439076	0.762746	-2.126583	-3.166829	-0.765721	2.507619	-1.554347	2.672897	-2.984802	1.799613	-0.789488	-1.026876	-2.218365	0.458813	1.291259	-0.446614	3.703084	1.761851	-0.076281	-1.814062	0.792193	0.490822	-2.211235	2.490831	2.397806	-1.386440	0.563221	-2.637232	2.011496	-0.003668	0.940545	0.726388	1.244657	-1.173026	-0.544308	0.347566	0.553652	-0.087117
0.738910	-0.025583	0.420558	2.196197	-0.566281	0.099163	-0.432866	0.032086	1.236959	-0.957421	0.929643	-1.663031	-2.113987	0.691421	2.773949	-2.147786	-2.541089	3.215695	-1.537276	-2.792342	0.737526	0.827521	-0.123656	-0.521269	0.863168	2.526706	-1.050098	1.055244	2.136511	-1.446751	-1.607737	0.116263	0.492345	-1.862888	0.047157	1.497205	-2.556941	0.672312	0.008315	2.235321	-0.182141	1.274665	-0.303533	0.524135	-3.312208	-2.234993	-1.125191	-1.494233	0.149688	-1.927269
3.051761	2.440815	0.523804	-2.518722	0.352775	1.271534	-0.137775	0.333997	-0.494882	-2.386847	2.658539	0.607171	0.340251	1.211660	1.292802	-2.421965	3.378813	3.802668	-1.597825	2.824836	-2.651483	0.035577	-0.357309	1.945710	1.750054	-2.867450	0.698421	0.830544	0.742097	-0.625487	-0.155972	0.127844	0.414193	-1.025320	-0.188022	3.584187	0.997307	4.040733	0.123634	-0.410521	-0.560370	-1.595869	0.973142	2.498798	2.607654	0.072997	1.796170	-1.229532	-0.425426	1.412987
-2.784240	-0.868813	-0.433523	0.969793	0.146009	-0.325217	-0.429571	-0.586597	-0.455512	1.247086	-1.006322	2.704813	1.766692	-0.439853	2.156687	2.453052	-1.544666	-2.304630	-0.024179	-1.298821	2.876790	0.653804	0.277968	0.218062	-1.643007	1.056753	-1.029901	-0.693576	0.445133	-0.508686	-0.482799	1.591461	-1.335416	1.023677	0.941812	-0.965747	0.159492	-1.460943	-0.258421	0.632703	0.140306	1.176206	-1.423305	-1.915313	-1.670022	-1.475134	1.067648	-1.224544	-0.580406	-1.719471
-0.234919	0.245514	-1.580562	-0.111532	-0.093743	-1.700420	-0.091704	0.317625	0.557168	-0.417220	0.377200	-0.118721	-0.819049	0.887242	0.148014	-0.220449	0.657516	1.398796	0.844882	1.572283	-1.266265	0.083618	0.850371	-0.123377	0.289847	-0.997932	-2.107516	-0.260709	-1.539811	2.565002	-0.756005	-0.384110	2.654889	-0.414204	-0.566161	-0.927732	0.216919	-0.506767	-0.910914	0.734699	-0.713940	-0.279705	0.863237	-1.105595	-0.158667	-0.263936	-1.244895	1.078324	2.001251	-0.288959
0.970535	-2.038629	0.362438	-0.378825	0.517670	-0.566172	1.047136	0.527916	2.196761	-0.196020	0.827957	1.462402	-1.119731	-2.188561	-2.774517	-0.494184	1.359537	-0.726642	3.872664	1.481601	-0.049895	0.509469	-1.151977	0.414322	1.226222	-0.735021	-2.164964	-0.210669	0.892879	-1.011112	-0.718338	0.001176	-0.902822	0.086771	0.947078	-0.957195	0.836988	-1.443278	-1.402843	-0.264531	0.955484	1.930895	-2.140477	-1.197387	0.705829	0.752138	-0.489571	-2.393361	-0.035616	0.417439
-0.695789	-0.282162	-2.412847	-2.476252	-1.112172	1.426055	-1.062397	-1.141780	-1.070503	0.531419	1.351547	-2.137123	1.890258	1.075256	1.458292	-0.329264	0.296685	3.248452	-0.250973	0.934279	-1.101934	2.412068	0.746018	-1.332499	-0.533469	-1.215852	1.069872	0.320152	2.598104	0.079991	0.208632	-0.589408	0.759543	-1.394454	-0.842066	0.749070	1.749132	1.126905	2.110092	1.249238	2.276729	-1.956905	2.250627	-0.688694	0.064985	-1.954096	-1.579675	0.496534	0.312596	0.717546
-0.091975	1.104800	-1.504939	1.447717	-0.570615	-0.713455	-0.903954	1.755748	-0.467115	0.939664	0.733742	-0.209724	0.721487	1.756015	0.344047	1.104921	-2.899750	-0.783224	-0.491376	-1.240050	2.411514	-0.042142	2.208160	1.501721	-2.050824	0.456439	1.560748	0.761349	-0.967059	1.102460	1.105477	0.003071	1.856169	0.085521	0.046429	-0.771741	0.100159	-1.084634	-0.926030	0.319878	0.116015	1.015152	-0.192134	0.471297	-1.856733	-0.575325	0.188278	-0.591823	-0.424076	-0.693693
0.165439	0.629663	0.779122	-0.749101	0.504623	0.006443	-2.631035	0.046958	-1.882442	-0.244559	-0.555900	0.518993	-1.098436	0.560080	0.415919	-3.226277	-1.530243	0.722059	-1.097573	-0.655331	-2.919892	1.244631	-1.026899	0.816377	-1.818618	-1.191778	-0.971157	0.262893	2.025604	-0.340824	-0.582054	1.836314	-0.104268	-0.626885	0.717508	0.648575	1.195106	0.710262	1.281088	0.547570	-1.674373	-1.238173	0.285888	1.535415	-0.351599	-1.775542	0.860392	-2.635694	0.255324	-0.496462
5.399543	0.912994	-0.245372	-1.718053	1.047148	0.683504	-0.403855	0.126541	-0.907091	0.088185	1.244424	-0.102226	-1.865269	-0.874879	-2.083101	-0.858455	-0.299634	1.428102	-2.058091	-0.305571	0.021212	-0.854839	0.511611	1.971879	-0.675372	-0.460782	-0.327333	2.235433	0.277285	0.240433	-0.310807	0.514675	-0.088894	-1.697252	0.072760	0.416998	0.772557	1.739442	1.168485	-0.544511	1.070124	-2.473558	1.191412	-0.512873	-0.677223	-0.371955	1.825490	-0.986306	0.934240	-0.471457
0.617117	-0.437370	0.890141	-0.083249	-0.343952	-0.162512	1.028347	0.603633	1.830169	-1.798304	-1.748725	-0.000364	-1.044330	-2.421646	-4.622911	0.095317	2.307488	-1.845641	1.885420	4.232757	-4.418237	-0.643536	-1.953902	-0.965159	1.710385	1.121250	0.575380	-1.376602	-1.486198	-0.524847	-0.735308	-1.080711	-0.982461	-0.475907	0.492706	-3.346323	1.143748	-1.314329	-1.154037	-2.614611	1.551594	0.481218	-1.573874	0.738965	2.502797	1.132098	-0.530411	-1.731308	-0.238774	2.093496
-1.699922	-0.209133	0.561743	0.629638	-0.427464	0.043156	-1.169583	-0.518158	-2.039873	3.611236	-1.542060	0.911325	-1.208539	1.773817	1.374592	-0.148497	-1.565425	-0.001342	0.489518	-1.908235	1.975710	2.949240	-0.544192	-0.840899	-1.054358	1.612656	-0.666260	0.010496	1.877339	1.122014	-0.029081	0.402208	2.059537	1.156392	1.899526	-0.177923	-0.733369	-0.640323	0.577741	1.514829	0.046318	0.262139	0.975157	0.340231	-1.720926	-0.776474	-1.763508	-0.403686	0.190775	-0.743416
-3.334247	-0.712926	-1.637483	2.980461	-1.656778	-0.329242	-0.296904	1.448873	1.259328	-3.100999	-2.470282	2.407844	2.249250	1.709210	4.717266	2.506436	-0.759876	-0.273537	-1.661466	-4.297034	4.080714	-3.864895	1.181847	-0.273394	-1.849209	2.366837	-0.945718	0.445265	-2.761225	-0.626397	1.723862	1.176776	-0.343296	1.504482	-1.233983	-2.500884	0.220129	-2.036473	-1.214245	3.729905	-1.591522	2.123083	-2.857804	-0.617339	-4.210657	0.269055	0.113680	2.919655	-1.112124	-1.790082
-2.816664	-2.496427	2.230051	1.932214	0.488382	1.414381	2.715186	-0.429821	2.997650	0.303146	-1.536969	1.519900	0.466631	1.739023	1.437305	-1.575712	0.172205	0.014655	4.123404	0.290785	0.556047	-1.182279	-0.640667	-0.574965	0.017287	2.032116	-0.004974	-3.403344	0.702844	-0.664787	1.372828	0.826916	3.040751	1.657893	0.277958	0.095762	-2.264142	-2.807845	0.549818	0.888977	1.083092	0.220870	0.293520	1.828049	0.620454	2.991037	-2.775860	1.845501	0.286296	2.269538
-0.813521	1.060059	0.028589	0.716248	0.802631	1.340235	0.508687	1.326201	-0.348767	1.069536	-2.746084	1.708772	-0.944583	1.853989	0.982298	0.808635	-1.752353	-0.824409	-0.750761	0.507313	-0.412503	-1.061018	2.305961	1.010719	-1.421832	0.082226	-0.606526	-0.856056	-0.865333	1.718424	0.371398	0.871458	3.021237	2.086329	2.159776	-1.290168	-0.780874	-1.449309	-0.737877	-1.448494	-2.040200	0.182885	0.456193	-0.120007	-0.468336	0.600409	0.090301	-0.984843	1.806661	-0.882998
-2.075094	1.404307	1.283225	1.066611	1.564719	1.027294	-1.563410	0.726060	-0.652782	-0.136117	-2.814298	0.342913	-2.409412	0.469398	0.271060	-0.557332	-0.601456	-3.323807	-1.152376	-1.539476	1.547329	-0.448900	-0.281416	0.472456	-0.545279	-0.083221	-0.072240	0.020256	1.287052	-1.475917	-0.882479	1.695488	-0.545795	0.837281	-0.465024	-2.324476	0.180108	-2.913657	-1.005698	1.024590	-0.599464	2.145134	-1.853036	-1.599642	-1.541416	-1.627601	1.667410	-1.274770	-1.479240	-0.170050
2.596157	0.938977	0.505578	-0.801040	0.444801	-0.316200	2.024526	-0.014332	2.619797	-0.250381	-0.552434	0.570310	1.381245	-0.235201	0.569613	1.315887	-0.870783	0.866579	-1.511020	-0.511498	-0.006822	2.859598	2.157519	1.489438	1.530705	0.733470	-1.424786	-0.355482	3.783581	0.649666	-0.598778	1.466201	-0.028489	1.597157	0.747930	0.461933	-2.634425	-0.230525	-0.044365	0.703784	1.048473	0.530636	0.607110	1.408196	-0.810668	0.677082	1.915755	-1.969657	-0.207431	-3.081819
0.966715	2.459437	-2.002707	0.253312	0.127180	0.109082	-0.309382	0.496362	0.453937	-1.155366	-0.865822	0.027998	-0.922971	-0.352447	-0.525080	0.431302	1.148963	-0.162248	-1.313684	4.227943	-2.044367	1.108732	-0.035788	-0.813879	-1.435412	0.788083	0.323916	0.758954	2.779944	1.291478	-0.635755	1.002878	-1.117136	0.135578	-0.965099	-0.472126	2.184086	-0.644525	-0.835942	0.197066	0.439585	2.033410	-1.863998	1.117637	1.422801	0.017788	1.323293	0.547395	-0.469353	-0.487520
2.241256	2.471991	0.109804	0.911488	0.634956	-0.167945	-1.722987	-0.378286	-0.282981	-1.288413	0.613360	-0.784519	-0.514997	-0.233393	-0.374449	-1.327296	1.831126	0.516570	-0.790927	2.609932	-3.232292	1.952742	-2.137794	0.960822	1.226973	1.017194	0.502782	-0.465147	1.387600	-0.267162	-0.196244	-2.175717	-0.290427	-0.730235	-0.594092	-0.454527	0.605988	0.962466	0.367265	0.920096	-0.220086	0.865531	-0.039026	-1.432331	2.149987	-0.859968	1.394123	0.767262	0.044322	0.965657
-1.450919	-2.935183	-0.711137	1.241318	1.040730	-1.241475	-0.218809	0.588278	0.365715	-0.216961	-0.834293	-0.271523	-1.629078	1.205996	-0.626260	0.680391	-0.316783	-0.758056	2.348121	-2.967602	1.857823	-0.011004	0.393854	-1.443345	-0.051937	2.534689	0.202273	0.848339	0.595977	-0.344060	-0.556986	-1.845851	2.399920	-1.535865	-0.564751	-0.338443	-0.112648	0.026826	-2.790403	1.620174	1.586211	2.178792	-1.352810	0.755640	-2.167007	-1.467923	-4.278162	-0.935118	-1.727452	-0.376300
-0.231121	0.536824	-2.169915	-0.634409	0.733543	-0.631820	-1.226430	0.231911	-2.343860	0.803809	-0.806060	0.618736	0.390151	-0.588681	-0.400180	-0.001943	1.778111	-0.365769	0.830854	2.578763	-1.605337	1.484557	3.396454	-0.667398	-2.654120	-0.909826	-1.194398	-1.031300	1.635364	-0.165634	0.576228	-2.144891	-0.315090	-0.476319	-1.692256	-1.185375	3.531654	-0.691335	2.059343	-0.726954	-0.114438	-0.481036	0.135337	-0.695316	1.828997	-3.367726	-0.118391	0.392709	2.012059	-1.010353
2.361360	0.340123	-0.146851	-0.246174	-0.093677	-0.109508	3.205652	-1.855074	2.273044	-1.352451	2.553511	1.352997	-0.726952	-1.704391	-1.300520	-1.094708	-0.622923	2.814470	-2.190788	-1.338133	0.059352	0.563647	-0.680755	-0.955302	2.253518	0.397364	-0.334976	0.539295	1.373859	-0.057884	0.806552	-2.449741	-1.679154	2.079885	-1.431710	1.218156	-3.499720	1.838872	1.486146	-0.708403	0.213298	-0.587002	-0.321284	-0.062651	-0.803773	2.596162	-0.248354	1.661445	0.946996	-0.920607
3.210994	0.267368	-2.955839	-1.423612	1.234357	-1.982100	-0.461294	0.027868	0.102928	-0.811523	-0.292471	-2.397011	0.393461	-2.449373	-3.754263	-0.381244	1.745752	0.026071	-0.162825	0.924821	-0.396563	2.012543	-0.923181	1.305718	-2.118745	-0.172397	-0.761549	1.063639	0.295671	1.186516	-0.001984	-1.823546	-2.783588	-1.585915	-1.076346	1.243196	2.968211	-1.549529	0.959639	-2.476049	1.493246	-0.535715	0.911711	1.762160	1.134876	0.540167	3.105685	1.746657	1.442464	-0.592275
0.224130	0.129290	1.216608	-1.322770	1.178549	0.250085	0.957098	-1.904157	-0.327870	0.471932	1.105466	0.127736	-2.742614	-1.665331	-0.587201	-1.945573	0.413741	0.111309	1.803991	-0.060608	-1.062180	1.309481	-0.509044	1.026434	0.918483	-1.493893	0.076110	0.665738	0.957163	0.674467	0.275994	-0.013512	-0.891468	-0.498221	1.137780	0.973295	-1.001420	1.430193	2.228007	-1.878534	-1.529139	-2.656296	0.583588	0.964517	1.625596	1.048738	1.579590	-0.095688	0.931189	0.277202
-0.686937	0.175117	1.004636	2.175213	0.743179	-0.002225	1.229618	0.745017	1.103380	1.140866	0.382589	-1.531145	-1.302748	1.373932	0.434851	-1.883468	1.784554	-1.260546	-0.502076	0.653297	-0.253734	1.687513	-2.395945	-0.275869	0.022214	2.791378	-0.031405	2.777095	0.849952	-1.199429	-0.583744	-0.663143	0.716849	-2.560105	1.015483	0.670893	0.961685	-0.661483	-0.563540	1.079795	1.529799	-0.383411	1.328447	-0.997934	-0.395182	1.592562	-0.130497	-0.084330	-1.607215	0.608580
-0.450622	1.233356	1.088891	-1.205426	-1.214326	0.285167	-3.045703	-0.875402	-4.526761	0.009891	1.696991	3.096164	0.832323	1.358347	2.564982	-0.740986	-0.208788	1.006495	-0.782098	-0.569501	-1.883316	-1.705087	-1.297974	1.354424	-0.595914	-1.945888	-0.570323	-0.887782	-1.417453	-1.841809	1.071861	-1.168998	0.350087	0.742554	0.051086	0.646967	0.721568	1.644635	1.051020	-0.814799	-2.837874	-1.968914	1.111884	-2.297562	0.243922	-1.749918	1.724395	0.165067	0.471202	1.106060
-3.102127	-0.345162	2.016832	1.414068	-1.164229	0.038480	-1.598555	0.673457	-1.621800	1.193250	-1.911300	0.173362	-0.724765	-0.801513	0.941533	-1.504738	-2.883910	-1.778110	-0.974975	-2.152407	-1.511331	1.019308	-0.526241	-1.872553	-0.368242	1.780907	-0.551108	1.584834	0.124285	0.940934	-1.127526	-0.618159	-1.091767	-0.056490	0.919630	-2.175182	-1.368419	-0.923293	-0.579402	1.012911	-0.669674	1.233987	-1.376137	-0.120385	-2.581320	-1.957588	-1.095240	-0.892496	0.235911	-1.725073
0.151876	-1.004660	0.196662	-2.056306	-0.096700	-1.231372	0.242529	-0.658010	0.112304	-1.245231	1.116620	0.790540	-1.746564	-0.525801	0.107220	-2.813206	0.644612	0.470830	1.306564	-0.342210	-3.231466	1.074016	-0.481201	0.025945	0.176345	-2.565949	-0.076804	3.098149	0.329865	1.367060	0.395378	0.580408	0.204278	-1.083211	-0.986542	1.834496	-0.130328	0.682984	1.117153	-0.050562	-0.771313	-1.578412	1.159922	1.336447	1.158234	1.258164	-0.106340	0.672393	0.581951	0.467870
-0.803801	2.157406	-2.222879	0.735565	0.870132	-0.806228	-1.644376	-0.294223	-1.470648	-0.313383	-2.005894	1.784463	0.282054	1.243004	1.235046	1.045264	0.005573	-1.600024	-1.783991	-0.674619	1.410237	0.239689	-1.652144	0.032759	-2.835259	0.672632	0.868675	1.505248	0.377807	-1.214212	0.619313	2.284447	-1.599676	1.277963	-0.700131	-0.875554	1.233468	-3.054454	-1.229793	0.462588	-0.275730	1.278912	-0.229307	-0.691913	0.460226	-0.642616	2.083631	0.436322	-2.794290	1.782746
0.297590	-0.443023	-1.292659	0.696344	1.022521	-1.860297	1.542740	-0.031492	1.369057	0.850507	-0.880741	2.116627	-0.372308	-1.162463	-0.000866	-0.060084	1.161379	-0.944124	0.785211	-1.586839	1.002181	0.957271	-0.977002	-1.144551	2.764146	-0.498193	0.216765	-2.144828	1.085341	0.542251	-0.634522	-1.569717	-0.581570	2.562353	-0.737451	0.006627	-2.785156	-0.421749	-1.237545	0.812400	-0.758349	1.236973	-0.756017	-0.725835	-0.758445	0.624482	-0.590140	-0.182044	0.085069	0.780381
-3.072461	0.268898	-1.477398	-0.516707	-0.263508	-0.168685	-0.127288	0.042758	0.015349	-0.436452	-2.209620	-0.178040	0.604983	-0.640079	0.788746	1.414240	2.624221	-3.075024	-0.229433	1.830603	0.248613	0.069447	-1.310419	0.047781	-0.834835	-0.232702	-1.147985	-0.878226	-0.217834	-1.557422	0.736686	0.313610	-1.290344	0.956304	-2.074755	-1.288414	3.042129	-0.528542	0.407096	1.501728	0.536111	-0.934238	-0.778471	-0.065201	1.117156	-0.085068	1.487359	2.405860	-0.900848	0.048720
-1.506965	1.201035	3.569242	0.595938	1.849201	-0.160343	-0.490368	-0.231338	-1.575329	3.191203	-0.802019	-0.254305	-0.782786	0.750106	-1.142949	-0.361311	0.894424	-0.905066	-0.411134	2.158652	-1.946352	-0.743925	0.432318	-1.981719	-0.475121	-2.010911	0.245535	-0.177473	-1.103463	0.186208	-0.001189	1.565240	0.806385	-0.070565	4.208921	1.101856	1.679141	0.952762	0.421020	-3.110395	-1.758705	-0.063920	-0.069256	-2.483165	1.495100	-0.102016	-2.661923	-1.320857	0.124655	1.860444
0.167434	0.685763	-1.076350	-0.968512	-0.140228	-2.842335	-0.734288	-0.873700	-2.175459	1.940249	1.670526	-1.067181	-0.713993	-0.525386	1.910056	-0.101407	-1.771724	3.149179	-1.486841	0.053449	1.732908	-0.384261	2.294383	-1.432403	-0.412185	-0.044938	2.733631	1.367453	-0.770732	-2.975487	-0.300572	0.487194	-2.572463	-0.646125	-0.264655	0.424216	-0.508413	-0.188622	0.833436	0.465154	-0.076737	-0.984922	-0.200586	-1.890408	-2.362375	-1.746768	1.205211	-1.268275	-2.638869	-1.453514
1.247270	-0.217829	-1.307339	-2.107722	1.544975	-0.506468	1.627590	-2.613388	1.756077	-1.072310	-0.149099	-0.741182	-2.215210	-1.115938	-1.352976	-0.190113	-1.110332	-0.444721	-1.052555	-0.014925	0.694150	1.775487	1.889524	0.046098	0.669911	-0.678372	0.421540	1.141881	1.782285	-0.484961	0.216649	0.950475	-0.098759	-1.227338	0.130620	0.735356	-1.143199	-0.731728	2.474274	-1.785158	1.762558	-1.658324	0.732732	1.229894	0.478728	1.362390	0.302519	1.361117	1.251218	-0.142749
-0.328542	-0.761968	-1.112008	0.083833	1.084682	-1.012709	0.690279	-1.295716	1.415522	-1.082412	-2.021514	-1.640179	-1.330807	-1.875845	-1.153333	0.587797	0.717894	-2.720963	3.105847	-0.193056	1.206551	-2.803343	-1.331671	1.359617	-2.287518	-0.572109	-0.542840	-0.656731	-1.015825	1.119353	0.562405	-1.720865	-1.917090	-0.800880	-0.890090	-1.744926	0.572768	-3.349421	0.562492	-0.178387	-1.375709	-0.828379	-0.061813	1.312661	0.671416	-0.356202	2.607210	-0.345230	2.053203	1.451440
-1.169470	0.720560	-2.146285	1.571235	0.884763	1.986980	-1.082008	1.044611	0.730516	-0.462625	-2.019437	0.295008	-1.199327	0.630738	-0.190269	3.006813	0.133484	-1.865482	-0.709485	-1.418256	4.013758	1.512362	1.307147	-0.836436	-1.306567	0.742013	-0.487403	1.293915	-0.012609	0.779286	-0.926299	0.211119	0.179601	0.480345	-0.995245	-0.730203	1.485706	-3.279192	-2.537880	-0.415289	-1.141774	3.160528	-1.524558	-0.074297	-0.872106	-0.383976	-0.437222	-0.517212	-0.924899	-1.154563
-3.556880	-0.804884	2.429721	0.862627	1.925656	1.078852	-1.202519	-0.171848	-1.386046	2.160076	-2.522799	-0.298639	-1.926811	0.904694	2.120896	-0.579255	0.498838	-4.000475	0.377349	0.490353	-0.549388	-0.465042	-2.138418	-1.279929	-3.951278	0.664345	-0.368752	-0.533299	0.509903	0.241102	-0.241222	1.467333	-1.244489	-0.165529	1.419466	-1.134074	2.980152	-1.131683	1.764778	0.196996	-0.967767	-0.700214	0.010934	0.909654	-0.299383	-1.091997	0.257086	-1.489165	1.227646	1.354188
-3.090906	0.780710	0.334488	-0.621338	0.048411	0.594671	-1.147691	1.063781	-0.677364	0.421241	1.509295	0.792211	0.300030	2.706297	5.662312	-1.810245	1.683346	-0.080266	-0.606343	0.687821	0.216986	0.447586	-1.786792	0.708734	-0.746558	-0.028754	-1.818961	-0.816816	-0.702288	0.462715	-0.141301	0.001094	1.295338	-0.116205	-0.383974	0.687719	2.066061	3.225099	-0.851385	3.394964	-2.111582	1.196638	-0.476437	3.227753	0.216491	-0.771287	0.266929	0.805492	0.261885	0.375719
0.097062	-0.117467	0.486277	1.597942	0.741817	-0.444168	-0.855082	1.483050	-0.366587	0.753056	-0.257245	-0.302021	-0.739655	-0.616069	0.749389	0.987694	1.267296	-0.059962	0.890620	1.226974	-0.048381	0.802367	1.328944	0.188254	1.163270	0.281546	-0.689807	-0.960452	1.628437	1.488169	-1.731005	0.785855	-0.313186	0.507145	0.980384	0.604719	0.433960	0.554245	-0.945204	-1.244174	-2.332832	1.792015	-1.266075	-0.818893	0.800478	0.526194	-0.404339	-2.564612	0.856310	-0.265705
0.626610	2.788752	1.195270	-1.947048	0.863412	0.417084	-0.688689	-0.011623	-1.357138	-1.284536	0.954218	1.728730	0.034158	0.403906	-1.891258	-1.076565	0.292623	0.950622	-1.652266	2.170900	-2.060887	2.184222	0.599241	0.100697	-2.264988	0.096342	-0.759496	-1.830415	2.502545	0.441326	1.706215	1.313487	1.514301	0.459235	-0.143369	2.070579	3.018560	0.309104	3.408356	0.472048	0.356744	-3.236895	2.402787	2.520922	0.156643	-2.380585	0.115056	-0.471795	1.697857	-1.753400
-0.906600	0.659962	4.937101	-0.048831	0.616553	0.647574	0.804218	-0.664038	0.133642	2.511743	1.048184	-0.575662	-2.150373	0.812837	-2.105467	-0.167718	-1.792561	0.713657	1.837851	1.399151	-1.164237	0.210550	3.301605	-0.595214	0.749286	1.292903	0.494241	0.656254	0.996630	0.073693	-1.712946	0.893111	2.250343	-0.491489	3.836699	0.915448	-1.683755	-0.222499	-0.210442	-1.359983	1.364306	0.984566	-0.697362	0.062357	-0.528584	0.252674	-2.218784	-2.962469	-0.428645	-0.546037
0.326855	0.304481	-3.180003	0.078153	-0.678537	-1.278703	0.813991	-0.372188	-0.110268	-1.710122	1.148563	1.182813	2.313049	-1.240593	-3.460395	2.702222	1.562981	-1.932086	-0.171230	0.808957	2.638629	1.942957	3.598806	-2.243798	-2.252966	0.744264	1.762728	0.026717	0.634916	2.635819	1.530561	-3.335823	-0.523397	1.103223	-2.429245	0.077764	2.968646	-0.399600	0.229665	-0.083788	2.702827	-1.256942	0.967769	2.786372	-0.507500	0.721440	-1.824074	2.990718	0.331232	-2.318727
-2.210405	-1.516304	3.478770	-1.118471	0.926578	-0.139508	1.416073	2.122588	-0.378118	2.570448	-0.832344	-0.412191	-0.021406	0.215154	0.869079	-1.807721	0.016109	-0.872509	2.275854	-2.373180	-0.984871	-1.475338	-1.226791	0.694659	-0.239512	-1.346396	0.287122	0.773535	-0.743548	-2.791246	-0.309142	0.438677	-0.417721	0.722412	3.926454	1.022813	-1.633264	-0.911746	-0.131049	1.377052	-0.633877	0.083797	-0.508330	-1.719878	-1.203673	1.637662	0.172384	0.836666	-0.957904	1.217877
-1.792454	-0.951851	1.575494	0.608502	0.904908	-0.161590	2.243822	-1.000499	1.596531	1.178245	-0.274992	-0.393724	0.009415	-0.298359	1.032883	-0.608575	0.160187	-0.492843	1.148039	-0.876075	-0.141356	-1.875864	-1.073959	-0.432794	1.036082	-0.101796	-0.034014	0.080637	-0.527631	0.410382	0.048080	0.139393	-0.487531	0.385830	1.656648	0.328352	-1.256612	-0.952203	-0.211956	0.763897	-1.182213	0.611785	-0.405506	-0.001305	-0.297570	2.771809	0.086675	-1.562561	0.130104	0.311623
-0.322439	2.356988	-0.788790	0.661500	1.263479	0.156037	0.487682	0.806537	1.416831	-0.022725	-2.798357	0.401715	-0.958854	-0.894061	-1.498705	0.625325	1.270703	-1.966438	-0.105461	1.880160	-0.656664	-1.700070	-2.103627	0.621797	-1.678784	0.864436	-1.856223	0.498614	-1.924854	0.269291	0.116605	-0.671963	-0.536448	0.071115	-0.895845	-1.877633	2.282128	-5.310968	-1.818422	-0.230302	0.334274	1.587210	-1.485352	-0.124157	2.137229	-0.641124	2.166066	-0.836482	1.533178	1.541245
1.324239	0.613922	-2.587093	1.976613	0.722654	-0.180093	1.976228	1.292270	1.916423	-0.296447	-1.003166	-0.653486	-0.029960	-1.811480	-2.239421	1.596350	1.402301	-0.857093	1.943482	3.017966	-0.253293	-0.963776	1.062424	1.842336	0.311233	0.184723	-1.660501	0.471183	-0.174909	0.519353	0.688253	0.658018	-0.323463	-0.082347	-2.042073	-0.918980	0.456342	-1.448420	0.511190	-1.515634	-0.563523	1.057274	-0.440517	1.409212	2.197486	3.398703	1.867126	1.288982	1.342144	-0.728945
-1.180815	-2.566524	-0.164627	0.394765	1.439306	-0.384565	1.481630	-0.637760	2.564910	-1.973674	-0.480429	-1.435090	-0.868996	0.128779	1.354912	-2.271448	0.327230	-1.021277	1.310441	-1.974799	-2.011585	-1.110231	-0.418270	-0.765891	0.305552	0.986188	-0.659899	-1.488667	-0.801856	2.024452	-0.904254	3.642129	1.053390	0.206987	-1.225933	0.929598	-0.845421	-0.355844	1.138407	1.777062	0.214941	0.030244	-0.453143	1.527589	-1.104941	0.373113	-2.314649	0.746087	1.667273	-0.547705
-1.931740	0.093281	0.505377	0.087476	1.387055	0.362658	1.080638	0.464903	0.198936	2.387136	-0.154446	1.901079	-0.666690	0.673375	0.380582	-2.059796	0.331748	-0.229968	-0.043433	-1.133308	-0.531938	1.634920	-0.150774	-3.094521	1.549125	1.081928	1.605500	1.334926	0.241973	0.216445	0.801862	0.290573	0.132937	0.024092	0.455156	0.575657	-0.894750	2.029776	-0.410560	1.348114	0.845108	0.126457	0.936032	0.052764	-0.322517	1.316366	-3.267915	2.559000	-1.267113	0.907323
0.513025	-0.644386	0.984031	-0.465620	0.676325	0.895321	0.122707	1.581340	-2.037127	2.632539	-1.385834	1.508582	-0.710440	1.766731	-0.242153	-0.190343	-0.899560	-0.162828	-0.011051	0.342507	-0.589431	-2.983801	1.303674	0.215312	0.271603	-0.737471	0.757670	-2.088912	-3.099044	-1.171201	0.872714	-1.281054	2.302051	1.296844	0.189273	-0.424828	-0.887619	1.133531	-0.966635	-0.441567	-0.232367	-0.297837	-0.243746	-1.143507	0.398412	-0.062983	-1.665509	-0.952987	0.118697	1.499411
0.347542	0.756317	-0.388243	2.122325	0.790390	-1.042668	-1.518631	-1.128424	-0.086663	-0.754658	-2.055051	1.242603	-1.190257	-0.715291	-2.640362	0.872424	1.117750	-1.292597	-1.170413	1.435408	0.707762	-0.462700	1.998085	-1.263082	-2.283963	2.537373	-0.876183	-0.026076	-0.300057	-0.244650	-0.021639	-1.261359	-0.403273	0.128591	-1.029345	-1.790782	2.941938	-3.863715	-0.703212	-1.962309	1.226127	1.886410	-2.197388	-0.896160	1.756011	-0.939652	-0.301796	-0.767625	0.717353	-0.614371
-4.564391	-1.706206	-1.029686	1.673350	-2.159041	-0.282571	2.776021	-0.354641	3.636732	1.149540	-2.022043	2.049352	3.166724	-0.171597	1.588538	4.957002	-1.321290	-2.332727	1.024576	-2.041170	5.866991	2.216391	2.251968	-2.169013	1.699399	1.325395	1.212410	-0.546310	0.733841	0.550197	-0.456196	-0.153020	0.827742	2.050747	0.011412	-3.174616	-3.244921	-2.192181	-0.094481	0.910748	0.579564	1.441952	-1.159782	0.275095	-1.446194	3.737554	-2.811405	2.170809	-0.905096	-1.924214
-0.254883	-1.145101	0.449892	-0.600575	1.631892	-0.055870	3.165129	0.279983	3.252732	-0.022757	-2.032319	-0.004206	-1.311086	-0.733558	0.172609	0.139209	-0.828460	-1.635254	0.226829	-1.258510	1.801579	-1.420916	0.643822	0.625772	1.490380	0.364033	-1.888980	2.417842	-1.337390	0.845268	-0.708353	0.992194	0.542820	-0.827325	-0.075437	-1.545283	-2.048516	-0.096094	-0.482556	0.122022	-1.750121	0.640828	-2.539751	-1.163242	-0.536164	2.268727	-0.033311	1.308055	0.888338	-0.136986
0.525353	-0.388687	1.524394	0.811207	1.233593	-1.803507	0.974241	0.599516	1.864786	0.706718	-2.587852	-0.471007	-1.176380	0.008537	-0.666049	0.314763	2.200206	-2.448448	2.032097	1.124090	0.649288	-2.332781	-0.273006	0.607240	1.502395	0.126096	-1.167362	0.157336	-1.933015	0.207641	-0.729493	1.916842	-0.397353	-1.053498	0.241370	-3.163511	0.037687	-0.517411	-2.020194	-0.203900	-0.039499	2.165873	-2.297229	-1.490946	2.007089	-0.830302	0.186824	-0.602184	-0.723383	2.537040
0.976104	-2.636676	-0.711620	0.694860	-0.146500	1.201186	0.629289	-1.133738	1.011804	-0.281321	1.626657	1.001773	-0.202130	-1.720798	-1.253634	-0.805179	-0.124450	2.342937	3.265958	-1.269636	-0.520249	2.097398	-0.427520	-0.378449	-1.079115	0.823135	1.563830	0.803392	1.175477	1.691133	1.087661	-0.320866	-0.605114	-0.633209	-0.447976	1.671195	-0.140304	0.945028	1.102448	-0.313378	1.721821	-0.502739	1.548799	4.384391	-1.004659	0.843943	-1.232001	0.615040	-0.027284	-0.877436
