X14	X34	X15	X49	X32	X31	X38	X24	X12	X3	X18	X9	X4	X41	X21	X22	X45	X13	X43	X17	X5	X39	X20	X29	X44	X26	X33	X16	X50	X7	X23	X37	X36	X6	X27	X8	X30	X28	X11	X1	X2	X25	X35	X40	X42	X48	X10	X46	X19	X47
-0.943844	0.729522	-1.781906	-0.866043	1.383865	1.290954	-1.442159	-0.330671	0.179299	1.326618	0.405036	0.708955	1.959009	0.094243	1.819751	0.638606	-1.949848	1.082110	2.860247	-0.259701	1.100343	1.272727	-0.346669	1.511228	-0.338006	1.171769	0.319123	-0.763614	0.042893	1.013170	0.328763	0.084350	-1.886100	0.208185	2.467319	0.340758	-0.252014	2.049417	1.029443	0.088889	1.280027	1.669855	0.944718	-0.052899	-0.035996	1.362558	-1.329475	-0.344793	-0.682167	0.978447
0.473692	0.557188	3.046564	-1.981581	-0.144192	-1.188534	-1.364654	0.436574	0.591241	1.919813	0.054360	0.056617	-0.223606	-1.268898	0.955191	-1.542764	-1.929258	1.369207	0.775192	0.624119	-1.259529	0.641350	-0.318337	1.497013	-1.249687	0.696151	0.512268	-0.623762	1.241544	-0.561943	0.112080	0.852646	-0.750890	-2.583395	0.575841	-0.392342	-0.954880	1.451648	-2.189357	-0.605908	-1.104636	0.854886	0.443534	-0.332857	1.530673	1.177524	-2.301145	1.115867	-1.665597	-1.326611
-0.259117	1.065296	3.729448	-1.466885	-0.885347	1.458676	-0.545330	-0.086105	-0.008608	-1.293473	1.308663	-0.049203	-1.891491	-3.068466	1.369766	-0.104217	-1.231385	-0.510810	-0.913819	3.964797	1.873499	-0.600484	0.276280	0.244087	-2.097334	-1.314817	1.164016	-0.226112	2.095069	-1.987355	-0.466772	-2.057038	0.405631	-2.163173	-2.946300	3.236562	-2.450542	-5.422605	-0.562477	-3.159146	-1.204055	-0.840724	-1.139420	-1.028866	2.474195	1.836657	0.990707	-0.880837	-0.057607	-2.081267
-1.618966	-0.434349	0.305926	2.606513	1.024091	-2.248051	1.026056	-0.045642	0.939624	0.059913	-1.413448	4.098251	1.853938	-0.922353	0.139431	0.549969	-0.428170	-0.654297	-0.038576	-2.014770	-2.395720	-2.165631	-2.614802	4.581245	-0.199952	2.003180	-0.828731	0.549275	-1.948345	-0.101524	1.094318	3.123734	1.160395	-0.651448	4.186637	-3.336533	2.438627	2.982327	0.490627	0.720360	1.628387	2.515345	3.673639	3.113409	-2.500922	-1.028863	0.537024	-1.319941	-2.224246	-0.955132
1.472886	-2.795229	0.252707	-0.141707	-0.079775	2.307436	0.328688	2.445083	0.408058	0.059650	2.442711	0.332420	-1.727046	-2.161743	0.678204	1.343693	-0.342936	-0.232660	-1.562193	3.615819	2.540999	1.370304	0.479401	-0.154571	1.346798	-1.823011	1.729812	-0.089817	0.159555	-0.774807	-0.011411	-1.879338	-0.095598	0.658746	-2.396553	3.315641	-2.768587	-5.575964	0.117875	1.950598	-0.680763	1.753283	-1.826909	-1.467660	-0.867427	1.101914	2.474370	-2.055745	-0.255084	-0.557297
1.741356	-2.027519	0.205599	-0.490186	1.656417	0.851638	-1.524524	-0.551818	-1.796607	-1.306507	-1.480739	-1.456587	0.192591	-1.773156	-0.139739	-0.389193	-1.802925	-0.003852	3.699320	0.167788	1.287146	0.669382	0.464078	0.623542	-0.412126	-1.756735	-1.179180	-0.083365	1.093701	-0.598962	0.384271	0.900831	-0.020845	-0.370132	0.422620	-0.001417	-0.700744	0.447554	0.729840	-0.323184	2.251947	0.342063	-0.255218	-1.548566	0.438871	0.777038	-0.713951	1.196194	0.091471	0.727362
2.034168	0.553585	-0.491815	0.812106	0.785042	-2.316075	-0.116751	0.036653	-0.690510	1.023364	-1.722680	-0.356924	-0.650479	-0.943892	-0.386106	1.223124	-1.734244	-0.206355	2.741972	-3.134037	-2.716717	0.405735	-3.637709	0.568358	1.310969	2.465319	-2.093331	0.766371	0.283515	0.408084	0.022044	1.059407	-1.148401	1.287239	3.768977	-3.188901	2.092593	5.481245	0.309390	0.211492	1.370378	1.272303	2.161715	0.361671	-0.254764	0.073043	-1.494800	1.945605	-3.771943	2.895728
-0.818710	-0.934996	-0.679741	1.802832	1.174651	-0.917307	-1.666159	-0.249809	0.410835	0.254111	-2.171241	1.376781	0.434413	-1.845838	-0.610717	1.640709	-2.973389	0.666125	2.881518	-2.945602	-0.901041	-0.973872	-2.102889	-0.783124	-0.080331	0.688827	-1.655147	-0.072582	-0.872443	-0.570223	0.426125	1.707438	0.940296	-0.839064	4.829850	-1.453423	0.836090	5.105907	0.910632	-1.511501	1.585489	2.487675	1.787024	0.656673	-1.104659	0.767915	-1.478164	0.778272	-1.753481	0.110129
-2.076505	1.170251	0.876086	-0.360527	-0.021976	-0.348519	-1.190510	3.308874	2.866955	0.861937	-1.521966	-0.401709	2.371948	1.504565	1.384398	1.017020	0.340062	-0.991513	-0.121384	-1.277551	-0.290929	0.211580	0.015656	-1.677875	2.331970	0.114884	0.429566	-0.108336	0.695249	1.299639	0.210196	-0.133189	-0.318831	1.253225	1.382683	-0.097617	0.323736	2.678869	0.627415	2.791586	-0.409151	0.725726	0.600908	0.984208	1.294767	-0.635140	-1.386167	-0.171026	-0.922581	-0.632081
-2.225208	0.853756	-1.289652	1.006824	1.345580	0.627722	1.245706	0.499321	1.247908	-0.478087	-1.154500	-2.119711	-2.030448	-0.936635	-1.462843	0.280815	-0.007798	-0.879713	0.638381	0.018400	1.113413	1.088897	2.888841	-1.637103	2.261394	-1.953501	-2.027389	-1.567035	-1.162150	1.302679	-1.144089	0.102813	-0.793910	-0.346406	-3.401647	-0.210325	-1.192099	-3.884978	0.058911	-0.863574	1.434760	-5.130077	-0.391025	0.518872	-1.203765	0.658789	3.299902	1.154717	2.284484	-0.274523
0.367395	-1.301302	1.619268	1.605856	1.755153	-1.711819	-2.715838	0.222785	1.306604	2.024827	-0.486854	-0.681253	0.068047	-0.498808	-0.102701	-0.210419	-2.087763	0.457025	2.565936	-1.961033	-0.595552	-0.315822	-2.114131	-0.053329	-0.354628	0.978427	-0.860023	0.664882	-2.781234	-0.814731	-0.925090	1.019533	-0.983092	-0.615692	1.082119	-1.807145	-0.278949	2.709974	-0.257416	0.002141	0.924041	-0.536925	1.068794	0.664910	-2.226506	0.463486	-0.125835	0.768388	-2.305045	0.266180
-1.433209	-1.314752	0.262160	-0.377374	1.267802	-3.225471	-1.105979	-0.125181	0.423260	-1.224488	0.014183	0.140719	-0.820321	-0.960760	-0.025789	-1.105872	-1.134900	-1.598291	1.678596	-2.156290	-3.278993	-2.660985	-1.555798	1.562672	1.442601	3.332773	-2.513924	1.757100	1.255881	-1.723289	1.204885	0.290756	-0.225482	1.393870	1.275718	-2.963354	1.995059	1.630652	-0.486707	0.745878	1.221999	-0.599931	2.478145	0.482004	0.540127	-0.283921	-1.067052	0.713540	0.475651	3.479583
-0.277994	-1.640962	0.062256	1.169357	-1.956224	-2.494159	1.063260	1.441032	0.291772	1.560366	0.415022	0.295868	0.473419	-1.093932	-0.091288	0.452694	0.829362	0.461986	-3.287068	-1.340851	-3.256507	-0.541753	-0.585861	-0.674255	-1.201728	1.566620	0.440213	-0.224165	-0.936346	-0.320831	-0.680434	0.879536	1.184036	-0.523209	2.147171	-1.689666	1.498953	2.147235	-0.506488	-1.262096	-2.142134	0.808110	0.763293	0.626162	-0.821760	-1.250486	0.968201	-0.868078	-1.569154	-1.660214
-1.478094	-0.775403	-1.822621	-1.231245	3.580421	0.965979	0.764164	-0.920741	0.155030	1.136515	-0.714954	-0.491582	1.154136	1.923537	-0.984683	1.054594	-1.159671	-0.446664	2.650976	-0.138217	-0.024528	-0.231711	-1.101030	-1.561669	1.787572	-1.962501	-0.866982	-0.590838	0.246100	0.449522	-0.614942	-1.479581	-0.851848	1.335876	1.252916	-2.030132	0.413037	1.389692	0.215785	1.758787	3.415157	0.796699	-1.823604	-2.255656	-0.193891	0.981462	0.507730	0.823304	-1.034873	1.909417
-2.599101	1.279346	1.618063	-0.165956	-3.000364	0.010331	0.089143	3.163892	1.454418	-2.573421	-0.218161	0.105501	-1.004269	0.261152	1.671680	-1.548677	3.849226	-0.333866	-5.555171	0.537417	-1.515374	-1.192629	-0.167433	-0.366501	-1.182647	0.913616	2.200283	-0.560987	1.834173	-0.029281	-0.282428	-0.736108	0.316050	-0.159676	-0.448949	0.954623	0.279716	-0.751952	-2.862041	-0.099675	-4.502805	-0.177139	-0.196402	0.378455	2.088841	-2.536590	-1.050199	0.325471	-0.886267	-2.073175
3.019852	-0.223472	1.469294	0.130356	0.918785	-0.795731	-0.997005	0.942547	-2.360396	2.116415	0.535702	2.391530	-1.737052	0.209178	-1.605199	-1.582409	-0.121447	2.281810	0.922748	-0.415044	-2.285979	1.026494	-1.000879	-0.321512	0.068865	0.478514	-2.768538	-1.231833	1.250354	1.704693	1.755049	-0.287056	1.140636	-1.746422	1.445354	-2.243057	-0.248270	4.126872	0.331246	0.131505	1.670760	0.968165	-1.431442	-1.860302	1.790692	-0.250717	-0.554724	-1.009024	1.661224	0.191580
1.639443	1.842499	1.306317	-1.104708	0.698724	1.174759	1.988543	0.735032	0.194075	0.019871	0.253969	-1.902564	0.770549	0.240266	0.981621	0.173513	0.991107	1.677826	-2.009940	1.520232	2.063099	-1.246197	0.966522	-1.755643	-0.960376	-2.111719	0.767197	-1.709792	1.638553	0.238737	-1.727172	-1.750454	-0.002853	-0.769980	-0.315037	1.687681	1.847233	1.671881	1.096463	-2.661561	0.458556	-1.565648	-2.560592	-1.134062	2.625249	-0.785287	-2.196267	-0.063058	-0.345664	-2.250389
0.303613	2.401496	0.533706	-0.030821	0.198604	-1.018678	-1.578516	-1.610684	-0.422387	-0.084181	-0.085089	-0.633306	-0.959729	-2.986067	-0.127681	3.177091	-3.594934	1.160482	2.159439	-1.438473	-1.400813	0.132620	-1.458705	-1.097838	0.563111	-0.211704	-0.200239	-0.629566	1.102369	-1.150698	-1.338229	-0.318041	0.708521	-1.845184	-1.184001	-2.305710	-1.117410	1.088952	2.519215	-1.327763	0.517252	-1.883946	-0.105522	-0.644856	0.940134	1.183669	-0.326456	-1.273995	-4.340639	-1.032397
1.543639	2.733124	0.347351	-0.919299	-2.699811	0.123177	-0.636939	0.261424	-0.693809	1.984042	-0.390844	-2.528781	-2.491236	0.943824	0.729106	-0.793510	1.933911	0.895637	-1.275489	-0.068751	0.662660	1.032056	2.800491	-2.019100	-0.295197	-1.254089	0.200047	-0.394361	-0.770657	-1.347988	-1.722386	-0.611097	-1.637439	0.624653	-0.697902	0.615438	-1.474292	0.723475	0.124593	-0.173484	-2.462730	-2.446600	-1.280161	-0.556314	-0.798924	-1.478171	-1.614265	1.148015	2.114770	0.108430
2.041784	-0.519903	-0.094589	-0.200799	0.200364	-3.125982	1.780483	0.016810	-0.632749	-0.932710	0.085014	-0.207907	0.671436	4.233249	-0.299986	0.544674	1.090119	0.412820	-0.373341	-2.506722	-1.096466	-2.377601	0.051343	1.184195	0.287349	0.534071	-1.962293	1.231453	0.510474	-2.109687	0.318909	1.145187	-1.025238	-0.657649	1.567517	-2.118053	3.111816	2.188414	2.300134	-1.807094	0.614147	-0.118864	0.959446	-0.954851	0.159491	-1.052563	-0.959942	-0.076489	0.897194	-0.195248
2.579001	-0.280907	-1.529877	-1.471999	0.617635	-2.666188	-1.694548	-0.063512	0.392010	1.183017	0.631568	-1.384003	1.140206	0.004868	-0.485014	-1.287998	-0.594807	2.251776	3.107259	-0.662401	-1.545928	2.252129	-0.248277	-1.963548	0.569627	0.779917	-0.977371	0.692454	0.289231	-0.252695	0.267052	-0.766866	-0.543180	1.923068	-1.222167	-1.606352	-1.547464	0.689406	-0.309319	-1.540564	0.411446	-2.926966	-2.624234	-1.907580	0.804152	-0.419001	-0.808430	1.522650	1.012817	2.274557
1.038279	-0.007049	-1.706502	-1.046782	-0.416104	0.467948	2.857151	2.225462	-1.560260	1.862527	1.046171	0.364956	-1.573123	0.197755	2.575577	-1.689473	2.607613	0.193089	-3.116458	3.292670	1.500100	1.811178	1.285052	0.289581	0.049743	-1.209616	0.508935	-1.050076	0.552152	3.732956	0.335832	-2.337221	0.442113	0.038532	-1.779741	1.987203	0.979606	-4.506940	-1.198955	1.072599	-0.672011	-0.111744	-1.416991	-1.099144	1.224777	-1.243665	2.940784	0.838001	1.561090	-0.804953
1.080503	-0.421496	-1.184968	-1.674951	-1.753326	1.829721	-1.365327	0.289119	-1.481327	0.038637	0.619511	0.051403	-0.704932	1.270997	0.833047	0.942438	0.458183	-0.315473	-0.786986	0.926807	0.795556	1.185075	1.153139	-0.633050	-1.035514	-0.128435	1.912128	-0.509915	1.991081	0.240216	-0.308161	-0.562060	-1.223091	-0.486931	0.676283	0.877584	-0.625870	-0.610606	1.662548	-1.282447	-1.808390	-0.365238	-0.050723	-2.559688	0.868227	-0.646597	-0.420478	-0.364915	0.690688	-0.326040
-0.406585	0.733714	0.778531	-1.025852	0.960210	1.434119	3.319153	0.302896	1.333467	2.014550	1.474833	0.628988	-0.903272	-0.718606	2.433293	-0.571458	0.369023	-1.026321	-1.854145	1.838376	2.020418	0.621405	0.161214	-1.493257	-0.501896	-1.402733	0.671910	-1.503972	1.266270	3.034970	0.280984	-2.254013	-1.059145	-0.982691	-2.944865	1.306021	1.178020	-4.414691	0.954052	0.395925	0.761436	-0.206457	-2.079885	-1.423062	0.758209	-0.415047	0.367736	0.155373	-1.558840	-2.030199
-0.481373	-1.359270	-0.267197	0.190215	3.127223	1.920951	-1.874505	0.022617	-0.138383	1.660544	-2.365589	-0.187216	0.257510	0.601556	2.297183	0.231746	-3.012416	-0.746699	4.958322	-1.720039	2.604805	-0.264772	-0.130040	1.588716	0.642836	-0.880844	-2.650337	0.718072	-1.072319	-1.227602	0.879435	0.628866	-0.501833	-0.498206	-0.130962	-0.237990	-1.887130	0.297746	0.704375	-0.626805	3.737424	-0.794282	2.273640	1.769636	-1.431626	2.807887	1.337450	1.534536	1.792584	1.033039
-1.264114	-0.624033	1.018919	-0.362832	-0.224392	0.776907	-0.205514	0.662390	-0.137033	-1.964475	0.470470	-1.203295	1.166992	0.838784	0.396238	1.669547	-0.643900	-0.700536	-0.192566	1.756698	0.911258	2.301993	-1.615309	-1.111076	-0.178318	-1.671373	1.562552	-2.119173	-0.018205	1.866257	-0.654601	-1.463586	-0.942590	-1.800617	-3.073479	0.520198	-3.012852	-5.569240	1.259615	-0.752642	-0.398087	-1.042883	-2.014987	-1.297315	-0.590882	0.658180	4.452904	1.126101	-1.285852	-2.320665
0.926290	-0.809117	-2.115810	-0.289911	0.984703	-0.173838	-1.112785	-1.625635	-1.382831	-0.962538	-0.675218	-0.446286	-0.438037	-0.474266	-0.011878	0.288722	-1.246756	1.586881	2.877094	-0.025304	-0.305923	0.983775	2.420119	1.041857	1.207707	-0.203646	-1.435089	-0.549223	-1.763928	-0.276760	-0.318879	1.595246	1.206215	0.900608	-0.851383	-1.248223	-1.507459	0.652162	-1.136693	1.272854	1.411263	-1.394591	0.485177	3.333542	0.516845	0.280418	0.189893	1.410091	1.632257	2.509485
0.385773	-0.713119	1.504962	1.298536	-1.305570	1.290750	-1.179652	-0.883332	2.396118	-0.536130	-1.358877	0.694703	-1.430138	-1.122151	0.937330	-0.301883	-1.721222	1.492867	0.553533	-0.248429	0.286422	-1.556050	-3.780179	2.108923	-0.867226	0.452251	1.401000	2.214663	-1.081258	-2.420715	-0.377144	1.559982	0.853646	0.730940	0.633644	1.159342	-0.349846	1.025868	-0.848044	-1.246550	-1.502040	-0.816768	2.110581	1.061746	-0.746495	1.606380	0.223951	-1.412578	-4.234919	0.722049
1.645250	1.603297	-1.787455	0.169483	0.366425	-1.668557	3.541039	0.503312	-2.036437	2.620932	0.203244	-1.815232	-0.102144	-0.675739	0.678527	0.321135	2.057981	1.259744	-2.953500	-1.365241	-2.675090	0.114026	1.033555	0.007466	0.221995	1.098318	-1.568825	0.349775	-0.008171	0.346826	-2.176386	0.072323	0.412372	1.828393	-0.573876	-2.261580	2.501340	-0.617277	0.429150	-1.591702	1.171033	-1.412164	0.650230	-0.362607	0.827257	-1.771573	3.231114	-1.227093	-1.131639	1.089085
1.167439	0.856773	0.202351	1.879310	-0.745660	2.172018	2.245501	-1.436775	1.306384	1.220859	0.740852	0.318926	0.203501	1.730664	1.349111	-1.054715	3.098573	0.199625	-3.770861	1.266656	1.100808	-2.824747	0.389394	1.085787	-2.881076	0.074104	2.023997	1.073602	-0.695925	-2.529132	0.783786	-0.431096	2.569091	-0.917842	-0.163455	0.300444	1.662257	-2.194590	-1.575270	-2.086788	-1.765399	1.252952	-0.003352	0.391535	-0.576101	-2.583896	-0.015278	-2.244559	1.631586	-2.142622
1.459066	0.428065	-1.276144	-0.674929	-1.294818	1.490220	-0.469124	-1.177884	-3.285564	1.855080	-0.444274	-1.721832	-0.611850	-1.614405	0.212511	2.055726	-0.631570	-0.164176	0.263574	0.271389	0.886234	1.548969	1.205477	-1.340319	2.060549	-0.618944	0.907229	1.124359	-0.596550	-1.789688	-1.139115	-1.166501	0.249601	0.260180	0.152956	0.801662	-2.484511	-1.755394	1.490783	-0.066791	-0.215783	-1.780920	-1.801568	-0.203899	1.401764	0.680306	0.814946	0.408230	0.449587	0.815395
-1.362880	-1.258894	-0.610909	0.259502	-0.538609	2.921494	2.058890	0.439225	-2.185708	0.953406	-0.315836	1.179491	0.598964	-1.031865	0.520763	-1.484914	0.331873	-1.435121	-2.302077	1.088419	2.233653	1.276244	-0.083959	-0.866738	-2.881054	0.159559	1.796619	-0.473682	0.095882	1.944729	1.040191	-3.037849	1.940905	-1.025017	-2.018943	1.774059	-0.384307	-3.659318	-2.439900	-1.204990	-0.020837	-0.232126	-2.389452	-2.238283	-0.120702	0.416997	1.698786	1.239048	-0.414141	-1.900264
0.160008	0.237635	0.733439	0.393171	0.039550	-0.031691	2.641192	-2.251095	-0.176270	-1.287999	2.137359	0.827393	-0.528035	1.779703	-1.576592	0.103676	0.030143	-0.916516	-1.124786	1.206527	-1.457874	-3.525944	-0.280997	-0.055576	0.718721	1.023803	0.093706	0.631798	0.664210	-3.338772	1.223599	-0.855019	0.907272	-1.845090	-0.740476	-0.718946	1.872025	-2.539718	0.541465	0.688656	0.714015	0.295767	-1.238662	-1.464960	-0.592799	0.869438	-0.488807	-2.372023	0.244671	-0.770212
-1.259824	-1.138637	0.582087	2.574614	2.114789	-3.380376	-2.428703	0.616483	2.186454	-0.586295	-2.287285	1.535852	-0.053228	0.487714	-1.662695	0.624307	-2.093367	0.257577	4.767129	-2.690057	-1.990234	-0.758504	-0.985727	1.725611	1.501149	2.155934	-3.971053	2.591485	-1.214630	0.024290	1.007143	1.880418	1.278962	2.688610	2.476668	-1.996247	0.333481	4.512316	1.440561	-0.405582	2.169097	1.129265	2.273730	1.959077	-2.305129	1.601537	0.003069	1.524025	1.126979	4.061473
-2.703140	-3.309755	-0.768157	0.331102	-0.567023	-1.526649	-0.541369	0.291525	1.917489	-0.678517	-1.536266	-0.389580	-0.795532	-0.217822	2.277350	2.858709	-1.157931	-1.331999	0.986977	0.517625	-0.989331	0.811720	0.791032	-0.944831	1.843476	1.584607	-1.923165	0.868302	0.287881	0.674943	0.597416	-0.338482	0.430292	1.326035	-0.290348	-0.983768	-1.445242	-0.542725	2.866172	-1.570785	0.099592	-1.762964	0.078686	1.485263	-0.694192	-0.768235	0.301629	-0.391873	2.177078	1.756017
-0.625355	-3.193504	-1.101577	-0.732177	-2.786645	0.195938	-0.677933	-0.571423	-0.307055	-1.848670	-0.948717	-0.209021	-0.515300	0.894086	-0.453471	0.273247	0.895651	-1.021454	-1.952817	-0.635702	-1.289510	-1.049617	-0.382311	-1.906818	0.834398	0.746406	1.384330	0.119858	1.206869	-2.530138	0.906768	-1.823153	-0.755686	-1.311529	1.464371	-0.126060	-0.813880	0.532596	-0.512303	0.965550	-3.304464	0.785768	-1.429166	-2.055012	0.199044	-1.642776	0.909759	2.031746	0.797012	-1.081607
-1.878556	0.006176	0.258406	-1.659496	-1.271956	3.665857	0.912924	-0.769326	-0.387159	0.324102	1.077515	-0.177932	1.135192	2.625733	0.031363	-1.093626	2.378465	-3.199687	-1.310583	3.230930	3.515263	-0.931674	2.478863	0.389541	-0.345023	-0.964700	2.703343	0.373456	0.998127	0.125325	-0.009511	-1.489866	-1.339960	1.146933	-0.828257	4.829147	0.521795	-4.670782	-1.391090	1.663753	-1.661801	1.288260	-0.917497	-0.557683	1.028113	-0.323135	1.881216	-1.020066	1.975914	0.650373
0.106339	0.112974	2.042935	-1.351769	0.379018	1.565369	0.676862	-0.167344	-0.686321	-1.161637	0.357011	-0.539586	-1.376729	0.528301	-1.598226	-3.652937	-1.245389	-0.614424	-0.937172	1.899292	0.681693	0.610798	-0.032387	1.458656	-3.565415	-2.196708	0.714244	-3.412763	0.700168	2.005578	-0.211476	0.071563	-1.306238	-4.017957	-1.209186	1.328602	0.866160	-2.322579	-3.534167	-0.616235	-0.206206	0.267896	0.490736	0.119465	1.865073	0.457957	0.132953	0.171884	-0.846803	-3.720847
-2.306146	2.379133	-1.526162	0.900326	1.273872	-0.115783	-0.666441	-1.886864	1.124494	-0.014477	-0.475041	0.433086	2.316167	2.306596	0.267545	0.160264	0.850157	-1.238090	0.224897	0.621189	-0.228082	0.403228	-1.402079	1.363907	0.636968	0.324953	0.519849	-0.688174	-0.192127	1.331771	-0.822748	-0.481232	1.067639	1.575656	0.562149	0.038306	0.390246	-0.185672	0.016053	0.851669	0.863167	1.139119	1.468022	0.853810	0.226274	-0.320836	-0.661645	0.695893	-2.079285	0.580780
1.065708	0.706684	0.535217	0.152273	-1.263866	2.144154	0.916940	1.489274	-1.518454	-0.407457	1.250211	-1.220774	2.252119	3.640086	-1.010114	-3.146393	1.959565	1.621685	-3.000945	0.946743	0.208437	0.091711	1.504866	-1.988884	-3.055819	-1.124349	3.441716	-2.134508	-1.312285	-0.531663	-1.469529	-0.419307	0.216979	-3.562548	-0.836716	1.531426	0.902262	-0.355974	-3.023540	0.522820	-2.540260	0.223544	-0.753503	1.084372	-0.476773	-0.808681	-0.573439	-0.832247	0.818925	-4.516675
-3.661133	-0.068199	1.323870	-1.475929	3.141247	2.069194	1.304581	-1.423297	3.225031	-2.631221	1.900424	-0.930346	-0.390358	-2.313384	-0.134963	-0.690597	-1.555931	-1.767990	2.231843	1.642412	2.529842	-0.729978	1.833787	-0.862955	0.757354	-1.897436	-0.227681	-0.874827	1.215889	0.451275	-0.352288	-2.655101	0.226445	0.647063	-1.271983	1.878723	0.400945	-0.934092	0.099655	1.690277	2.633673	-0.824498	-2.396240	-0.786886	1.169932	1.772610	-1.784068	-1.573469	2.076002	0.483243
-0.497291	-0.073028	0.165713	-0.491202	2.176630	0.698137	-1.095141	0.404569	-0.481942	1.773491	-2.151367	-0.858040	1.192861	-1.019830	-1.278859	0.034609	-2.225233	-1.083331	3.596853	-2.843658	-1.136023	0.756801	0.042950	0.826320	1.629096	-0.107071	-1.348427	-0.869053	-0.216102	2.183790	-0.031241	1.129101	-0.909424	0.507597	1.416353	-3.528564	1.051701	2.596434	0.773551	1.201584	1.771072	-0.173966	1.961263	2.758362	0.728314	0.979613	-1.134039	1.868385	1.652076	1.059415
0.068619	0.742321	-1.264408	0.397056	-0.760102	2.531435	0.135101	0.806345	-2.186990	-1.749091	0.654646	2.149847	-0.681395	0.834897	0.142173	-1.503114	0.328463	-0.892443	-0.260164	0.339790	1.013794	-0.251614	-0.524933	0.234935	-2.322510	0.958660	0.973135	1.230991	0.301989	-0.789404	0.440554	-1.370182	2.086575	0.089874	0.355347	1.358247	-0.184569	-0.190946	0.271713	-2.025028	-0.315704	2.233730	-0.448262	-1.589268	-0.311964	-0.027367	-1.010160	-1.392147	-0.302827	0.854900
1.296338	-0.504877	2.268483	1.280937	-0.855429	-1.479673	1.121628	0.556175	1.524274	-2.948069	0.885516	0.451745	0.053788	3.017636	-1.031137	-0.384420	2.112432	1.117131	-2.612486	0.698131	-0.338941	-0.185591	0.611583	-0.334485	-3.578621	0.419727	0.225212	1.226701	-1.615411	-0.629872	-0.219377	-0.448700	0.199471	-0.875111	-2.062008	0.537738	-0.373488	-0.663060	0.229540	-5.383236	-1.161836	-0.514866	-0.831353	1.508382	-0.787560	-2.324293	1.109612	0.762937	-1.290635	-1.870397
1.107581	-0.303325	0.726643	-1.824915	0.391277	-0.668378	-0.777502	0.774235	-0.345587	3.473594	2.453840	-0.861021	1.124856	1.644473	1.984870	-0.006362	-1.238760	-0.024495	1.214239	0.469802	0.753169	0.060211	1.563999	-2.438982	-0.375468	-0.531142	0.376291	0.889323	0.286997	-0.944078	-0.395498	-2.577100	-0.497533	-0.417942	0.788870	0.894727	-0.190306	1.835200	1.035690	-1.256069	0.180503	1.689796	-2.681705	-2.412054	0.895224	0.912352	-2.953117	-0.060576	0.743520	0.309684
-0.647405	-0.595187	-0.504486	0.519504	0.050334	1.861540	1.234485	-1.397701	-0.087964	-0.321196	0.795524	1.637688	-1.024063	-3.509282	0.291815	2.398325	-0.476133	-0.533787	-1.765224	0.453572	3.607516	-0.971435	0.994756	1.923296	-0.473224	-2.116316	0.365829	-0.894828	-0.848034	1.529140	1.051619	1.051558	0.503004	-1.007056	1.853658	2.210732	1.639756	-0.959758	0.788536	-1.097897	0.202804	1.714701	1.519833	2.484771	0.163107	0.834370	0.870956	-0.127694	1.868011	-2.054343
-0.586106	-0.474033	1.461074	-0.266246	1.956336	-1.729286	-0.958024	0.408598	1.972937	-1.281591	-1.203741	-0.623263	-0.150892	1.779642	-2.041890	-1.405990	0.803749	-0.436406	1.308612	-1.863435	-2.237788	0.402232	0.174299	-2.907988	-0.387711	1.268339	-3.029845	0.138977	-0.699889	-0.682527	-0.438719	-0.259079	-0.090587	0.848296	0.277710	-3.034453	-0.425036	1.628956	1.133926	-2.091375	2.219922	-1.446622	-1.395321	-0.192162	0.060240	-0.867296	-3.165437	1.020868	-0.107167	1.601893
1.669346	-0.236810	0.800830	-0.453883	-1.216822	-0.408789	0.319725	-0.433102	-0.258514	-1.882600	-1.865511	0.949880	-0.130682	0.396929	-0.662253	-1.408922	1.218399	0.468286	-1.391347	-1.949833	-1.090716	0.513195	0.468214	0.086818	0.646619	1.138052	-0.068148	0.477730	-1.206277	1.032309	1.150955	0.021581	-1.016617	0.338410	2.764650	-2.437418	-0.115115	1.974065	0.109315	1.758737	-1.253557	2.629870	-0.142440	0.094830	-1.365939	-1.864114	1.412008	1.783960	1.903141	-0.173982
-1.845313	0.603347	-1.008673	1.379155	-1.065862	-1.450161	3.052262	1.089330	0.570238	-0.134363	0.578812	-0.588621	1.106374	0.913668	0.464002	0.249204	2.439536	0.223836	-3.237546	-0.864867	-0.162111	-3.339254	-0.485606	-1.023403	-1.506185	-0.511950	0.639923	0.054155	-2.142780	-0.902383	-0.070315	-1.219416	-1.918400	0.968468	1.666151	0.723024	3.042853	-0.574717	0.338730	-0.923249	-1.127176	2.444266	-1.093739	-0.256826	-2.389099	-0.839011	2.322731	-0.901486	-1.298296	-1.136118
0.170127	-0.947379	-1.561730	-0.775158	0.486901	-2.137294	0.828768	-0.918661	-0.272412	-0.415678	0.850773	-0.333988	-0.783828	-1.811341	1.357095	1.803460	-0.716179	-0.790506	-0.230744	1.881687	0.301485	1.224717	-0.067795	0.843633	2.299190	0.624876	-1.616976	0.301805	0.858345	1.065700	-0.087159	-1.478001	0.141736	1.198110	-1.010792	0.890477	-0.504005	-3.732724	1.421191	1.658833	0.557306	1.161019	-2.087769	0.152710	1.492444	-0.000321	1.908791	0.563664	0.712144	2.133715
-1.042912	-1.893395	-1.660090	-1.212148	-4.248757	-1.398236	-1.363224	-2.255964	-0.891487	4.805954	1.859700	-0.701287	-0.952821	-0.045746	0.054271	2.098934	0.862800	-0.267438	-2.040530	3.822968	0.462268	1.143637	-0.212032	1.490711	1.251017	0.754054	2.613698	1.725705	1.656979	-3.629883	-0.045693	-0.128264	-1.955539	-0.166471	-4.656139	2.522193	-4.463405	-4.929889	1.956905	0.169912	-3.759144	-3.316348	-0.267930	-0.188969	1.208959	-0.181841	-0.516347	-1.698262	-1.358496	-0.335743
-0.955286	1.708991	0.784775	0.073301	-1.059058	-0.737691	1.983462	-0.123384	2.694764	-0.542819	-0.766452	-1.460999	-0.589038	1.449571	1.505686	-0.887746	1.967414	0.355219	-2.635942	-0.887306	0.794104	-2.187270	2.029525	0.052993	-0.260388	-1.010125	-0.528956	0.730384	-0.805797	-1.525975	-1.540789	0.380529	-1.115744	0.250952	0.577824	0.734786	2.225804	0.324275	-1.210580	0.612043	-1.024803	1.264626	0.046567	-0.249497	-1.329096	-1.094149	-0.011626	-0.729602	0.745103	-2.014761
-1.891247	1.097075	-0.404797	0.632288	0.814592	0.179993	2.243351	0.924118	0.810987	-1.954619	-0.229090	-0.354103	-1.115043	-2.506574	0.041608	1.280983	0.649480	-2.277904	-2.560621	-0.055404	0.839738	-3.381731	-0.302149	0.481527	0.442065	-0.142704	-0.571120	0.151087	0.307543	-0.803883	-0.861850	-1.423885	0.816518	0.495432	0.059900	-0.576572	3.806868	-0.370396	-1.281107	0.292872	0.622094	0.068726	0.348257	-0.111372	0.028697	-1.062332	-1.003931	-0.219352	-1.452632	-0.721511
-3.185054	0.935819	0.028755	-0.577814	2.458564	1.559716	-1.477140	0.943028	-1.241543	-0.679211	-0.023639	0.794173	-0.322240	-0.327333	1.462650	1.277721	-3.945431	-3.319183	5.769398	1.225808	2.109516	-1.915204	-1.558141	0.467451	0.944518	-1.138110	-0.680669	1.273602	1.284413	-2.380276	-1.321698	-2.292290	0.957771	0.114483	1.388618	1.040018	-0.615960	-2.197560	-0.609014	0.383870	3.381706	1.407598	-0.418953	-1.364491	1.376656	3.384143	0.381739	-1.090268	-2.753924	2.613258
-0.449819	-1.241260	-1.077508	-0.437566	0.884876	-0.023314	-0.861884	-0.319637	0.993409	-0.170977	-2.335736	0.984134	-0.096882	-3.125564	0.261854	-1.799039	-1.223206	-1.263842	2.297217	-3.862909	-2.310118	-0.417690	-0.602829	2.888675	-0.531273	1.897921	-0.746148	0.131464	-0.075174	0.271164	1.125544	1.018544	-1.105123	0.304646	2.400827	-3.516273	0.747900	2.018269	-0.733085	1.405340	0.595514	0.507706	2.088527	1.806026	0.223239	-0.248857	1.087494	-0.584286	0.554935	1.171742
0.872098	1.730078	0.295082	-0.511568	-0.308561	-1.787663	2.778585	0.023591	-1.498562	-0.737595	0.835936	-1.620394	-0.488232	0.117766	-1.199142	0.976061	0.588908	0.888393	-1.921923	0.379226	-0.454829	0.492530	1.077651	-0.437320	0.612042	0.751920	-0.703050	-2.129060	-0.143515	3.271126	-0.693745	-0.133780	0.087977	-1.377792	0.453240	-0.540288	3.397554	0.429190	1.059939	-0.248215	-0.714193	0.230952	-1.448908	-0.421821	-0.286527	-0.160971	-1.879007	-0.174298	1.503452	-1.266703
0.953031	2.311724	1.043513	1.794263	-0.160564	0.254975	0.902052	-2.347988	-0.443047	3.521419	-2.203040	0.578314	0.557109	1.210807	-0.459867	-1.665069	0.499105	-0.178068	-1.226544	-1.549944	-3.369453	-1.003458	-1.586504	0.885031	-2.807733	3.153191	0.416282	-0.540636	-1.061477	-0.432161	-0.600411	0.579926	1.466601	-1.595217	3.014096	-2.856035	2.311434	3.447682	-2.072066	-2.316483	-0.678895	2.106401	0.890386	-1.092388	-1.359177	-2.175092	0.316839	0.315621	-1.302914	-0.984854
-1.277130	0.120913	0.374727	0.178233	-0.368059	-0.311350	0.315928	1.173865	2.692563	-1.132603	0.796078	0.533164	1.292280	1.082472	-0.156351	0.457983	1.499398	0.627282	-1.189336	-0.688674	0.232481	-1.255448	-0.164122	1.822320	-0.142908	0.830432	-0.176933	2.280481	-0.045293	-1.616379	0.797967	1.672751	0.761579	0.735484	-0.389737	-0.266235	0.411576	0.580711	-0.252482	-0.125421	0.146679	0.271950	1.841567	1.843149	0.213187	-1.260622	0.847921	-0.322211	-0.047549	-0.996165
-1.140965	0.010711	-1.967908	0.142284	2.052359	-0.375539	-1.713890	1.847128	-0.649314	1.747130	-1.261999	1.246954	1.490251	2.029150	0.241629	0.804623	-0.582158	-2.021361	4.080348	-2.311585	-0.700044	-1.247850	-0.910238	-0.759685	0.807845	1.338109	-1.345745	1.951790	-1.300653	-1.384331	0.665603	-1.787297	-0.150653	1.933643	2.428566	-1.577569	0.568552	1.649649	-0.264491	1.070973	2.232943	1.441049	0.079574	-0.392822	-1.246338	-0.292589	1.276963	1.614742	-0.622996	3.654257
-0.102713	0.020198	-1.132376	1.796974	0.315037	-2.732780	-2.249064	-1.291258	0.329441	1.257385	-4.422622	1.431296	1.377006	2.784514	-3.982771	0.814673	-0.171600	-0.565702	1.370933	-3.373209	-3.311883	1.830284	-1.670282	2.168777	1.438417	3.372596	-1.128731	-1.123426	-2.232003	2.877115	-0.087913	2.032705	-0.991982	0.049950	3.572220	-3.187765	1.135717	4.969721	0.683446	1.948715	0.565498	0.624709	2.114802	3.152290	-1.477047	-0.876327	-0.579067	2.699078	-1.713003	0.987981
-0.758404	-0.047699	-1.634922	0.206555	-1.281684	-2.000172	2.045812	0.604734	-0.084198	-1.065002	0.793883	-2.277505	-2.438879	0.549614	-0.751498	0.812299	2.411149	-0.457965	-2.854549	1.016392	-1.155260	2.150766	2.106814	-2.315138	2.009224	0.180666	-1.265062	-0.898198	-0.443388	2.462304	-1.266040	-1.324896	0.074556	2.277012	-3.103256	0.232819	-0.285618	-3.406732	0.365373	0.166301	-1.104252	-2.773588	-2.090817	-0.916139	-1.016714	-1.607381	0.404298	-1.620436	1.278714	1.925115
-1.647331	0.778583	-1.651576	1.831007	1.881930	0.456053	1.000379	-1.202807	-0.449855	-0.245834	-2.486624	-0.998842	0.046744	-0.040317	0.217544	-0.753537	-0.993675	-2.275657	2.389596	-3.857842	-0.901437	-3.009479	-0.679672	-2.611132	0.817082	0.432141	-0.797883	0.403427	-1.203699	-0.915917	0.465768	-2.053905	0.668134	0.409510	1.497394	-1.603653	2.908506	1.650185	-1.409218	0.737265	1.789215	-0.107105	-1.244678	-1.066254	-2.770755	-0.295238	2.774918	-0.728586	-0.814169	2.361650
1.883202	-1.732143	-2.375878	0.433666	-2.305885	0.234627	-0.953010	2.084023	-1.087766	-2.978833	0.194883	-0.946444	-0.103035	-1.686720	1.735486	-0.688417	0.512261	1.146447	-1.962775	-0.540376	0.887998	2.699186	-1.198056	0.388994	-1.921676	-0.996254	2.244569	-1.015244	0.711499	0.639766	-1.567454	1.228508	-1.486754	0.830191	-0.650641	1.517751	-1.262765	-1.107515	0.466366	-0.769770	-2.364459	-1.884734	1.058287	-0.375010	-0.300380	-0.258058	2.012072	-0.189858	-3.465445	-0.371923
-0.999150	-0.437220	-1.045183	-0.797801	0.464591	0.491688	0.444910	0.096874	0.443265	2.524862	0.471857	2.063796	1.750346	-0.413089	1.647783	-1.629116	-0.156227	0.705043	-0.622920	0.070208	0.551888	-1.348497	-0.884320	0.310250	-1.256666	0.169811	1.416517	1.850997	1.525887	-0.860592	0.898827	-1.536221	0.739504	1.910909	0.317455	0.173532	0.594168	0.735857	-2.245382	-0.120568	0.050424	0.420631	-1.776525	-0.429296	1.771519	-0.437413	1.537065	0.377954	-2.257873	1.476468
1.849723	2.318071	-0.534418	-1.503715	0.256881	-0.288387	1.814410	0.468186	-0.304308	-0.463696	0.634902	-2.366878	-2.362888	-3.009028	2.536794	-1.012917	-0.340288	1.688708	-1.341172	1.759532	0.464284	0.629115	0.174233	-4.411849	0.034133	-2.045279	-0.307612	-1.221104	1.045311	0.329890	-1.214165	-2.093668	-0.170935	-0.148557	-2.710789	1.628289	-0.504837	-3.272119	0.361399	-0.348385	-0.201051	-2.685226	-4.166331	-4.292020	1.098107	0.430655	3.549633	0.936307	-1.093099	0.032067
-0.941207	-0.745083	-1.292396	1.188013	0.094729	-1.970888	-1.338691	-1.043306	-0.738170	0.714656	-2.003077	0.911328	1.322691	-1.754174	-0.258129	2.325666	-1.535581	-0.563393	2.188023	-1.589119	-1.496916	0.442699	-1.044404	2.240314	1.956131	0.683970	-1.855158	1.057213	-1.223052	-0.614094	-0.440175	3.417618	-1.358079	1.346957	0.931931	-1.776019	-0.982970	2.260824	1.876501	0.271025	1.007074	0.344521	3.100458	3.926450	-1.845953	0.926327	-1.075421	0.637933	0.119909	1.555589
-1.134873	-0.664302	-1.597373	-1.996413	-0.531493	3.954197	3.448165	0.819611	0.304818	0.829865	1.767147	-0.104808	-0.609847	0.881827	-0.577808	1.004877	1.489468	-0.982836	-2.141976	2.761014	2.975961	-0.997961	2.929945	3.031086	0.349793	-0.649927	1.544382	0.314293	3.193533	-0.378875	0.644339	0.321357	-0.273535	0.431873	-1.601758	2.938111	1.764529	-4.684961	-0.869957	0.829132	-0.605392	0.184249	0.639637	-0.311504	2.301436	0.425957	0.127875	-0.540094	2.461184	-1.010630
-2.270144	-0.925250	-1.686931	1.682075	0.443395	2.589063	0.174716	0.007760	-3.351329	-0.298796	-2.489707	-0.355987	-0.661014	2.357254	0.377037	1.755382	-1.338107	-3.722287	1.769051	-1.500184	-1.012006	-1.959325	0.054564	0.558478	0.783241	-1.673101	0.148292	-0.466695	-0.967286	-0.637388	-0.122228	1.053732	0.375272	-0.927625	-0.448334	-1.232257	1.406727	-0.509148	-1.189328	-1.123205	1.012704	-1.701509	2.332313	1.341900	-1.434424	0.355217	1.180583	-1.507677	-0.742934	0.766525
-1.088281	3.580493	-1.782878	-2.104163	-0.581633	-0.062812	1.612542	1.524547	0.291530	1.411052	-0.797427	-2.326968	-0.441363	-3.058542	-0.675979	1.650665	0.162008	-0.518915	-2.059315	-1.624519	0.851399	-1.243156	1.774291	-1.065874	0.911460	-0.518128	-0.232317	-1.534079	1.215128	1.051408	-1.957574	-0.947034	-2.127128	1.874367	-0.567263	0.506866	3.139181	1.601154	2.007746	0.727385	-0.900416	-1.239748	-0.238911	-0.318443	2.119826	0.529441	-1.606783	-1.393772	-1.021816	0.886552
0.738166	-1.437982	-0.937615	-0.436700	0.107583	2.645111	1.195717	0.742715	0.025882	0.361311	1.174933	1.360440	1.995306	0.837585	0.039300	-1.063948	0.497554	0.280842	0.548933	1.666396	2.080647	0.135731	1.030208	0.889354	1.223338	-1.140161	1.449530	0.850499	-1.243929	0.422865	0.340227	-0.476748	-0.689807	1.025913	0.062291	2.692196	0.686784	-1.019423	0.766331	2.153008	0.049646	-0.102746	-0.534837	-0.624846	-0.354790	0.954082	-1.422921	-0.876923	1.429639	0.659133
1.263238	1.337358	-0.017270	-1.149406	1.270907	-0.826860	1.452450	2.355738	1.072102	0.618497	-0.900569	-0.703940	1.249286	2.208820	0.328225	-1.098025	1.241133	0.431643	-0.490043	1.479463	-0.116877	1.843077	0.649383	-2.501868	-1.162019	-1.429313	-0.547741	-1.070835	0.867078	1.837498	-1.477972	-1.339298	-1.003671	1.296688	-0.471438	-0.065285	-0.306461	-1.138575	-1.166709	-1.001251	0.767227	0.477467	-2.732439	-1.834761	1.120738	0.061451	1.044249	0.991005	-1.576491	0.202342
1.017660	1.779483	0.342650	-1.406076	1.371330	2.763418	-0.153830	-0.255590	1.901296	-0.615042	-0.743945	-1.614478	0.225431	1.479608	-0.491056	-0.729081	0.916495	1.989250	-0.411671	-0.522534	-0.099644	0.400137	0.909385	-0.488590	0.359761	-0.386783	1.212416	0.617356	0.499417	-1.500757	-1.693032	0.784191	-2.581913	0.444893	-1.151278	0.982846	-1.122381	0.171790	-1.981205	0.498833	0.077802	-1.774332	-1.188653	-0.691342	-0.080195	-1.695808	-0.070354	0.253334	-1.473019	-0.775462
-1.123354	0.400872	-1.250134	1.797338	-0.071100	1.229449	-0.132472	0.698057	-0.823102	-2.953281	-3.287919	-0.078230	-1.437721	1.511769	-2.092278	-0.490479	0.163863	-1.506644	-0.765464	-2.613621	-1.101276	-3.079478	0.670766	-0.705487	-1.613274	-1.158756	-1.112666	-0.064267	-1.448402	-0.808456	1.652771	0.767515	2.390477	-1.448680	2.831155	-1.825470	2.198854	1.702878	-1.109240	-1.905101	0.526847	2.555095	0.982220	0.472490	-2.177609	-0.426415	3.260330	-0.754646	1.487360	-1.534856
-0.235070	-0.056129	0.151771	-1.055358	2.104999	-0.179432	-0.269966	-0.775724	0.284374	1.711045	0.190113	0.591680	1.608205	0.499806	-0.193336	0.221283	0.072566	-0.818215	0.816165	0.795300	2.308609	-0.555921	0.179814	-0.376267	-0.109495	-0.923718	-1.303759	-0.763354	1.658523	0.233709	1.057422	-0.072145	1.088706	0.544388	-0.369974	0.482513	0.323425	0.420207	-1.283656	-0.530600	2.031151	-0.842477	0.284416	0.406653	2.727675	0.674101	-3.878691	0.928867	0.740962	-0.281570
2.176932	-1.502037	0.534107	0.313929	-1.989072	-2.813837	2.768233	0.802285	0.002796	4.213039	-0.028840	2.800780	0.169828	-1.135162	-0.283094	0.812565	1.972388	1.833026	-3.272213	0.847596	-0.384813	-1.733221	-1.888750	3.440478	2.084042	3.398252	-0.465613	4.314576	-1.293255	-3.313545	1.643200	3.279933	-0.991062	0.048162	0.939983	0.225137	0.737732	-1.164812	2.389052	1.152328	-1.319491	2.329047	2.166817	3.447802	0.325132	-0.746527	3.697513	-1.347392	-0.509907	-0.454156
-3.982579	0.424311	2.709088	-0.753671	-0.622251	-0.031620	2.992879	1.937500	1.761258	1.004126	0.934957	1.815728	-0.038966	-2.091250	0.813741	2.048158	-1.181839	-3.089507	-2.428234	1.234288	3.408487	-1.682256	-0.477756	-1.320945	-0.328437	-1.401767	1.034078	-1.028474	1.355000	1.912175	-0.869270	-1.949345	1.838978	-2.749509	-1.819232	2.575108	2.334974	-2.837408	0.495634	-0.624665	0.297219	-1.135384	-0.856567	0.691721	2.533828	2.073931	-0.216138	0.848282	-2.526415	-3.588452
0.627346	-0.293243	-0.575493	-1.603889	1.755844	0.826479	1.828537	0.405169	0.499071	-1.636117	2.443308	0.673068	1.809712	-0.023412	-0.495939	-1.045462	-1.056910	1.019315	0.500792	3.398297	3.386614	-0.037096	-0.498558	1.428280	0.941188	-1.807561	-0.408019	0.796371	1.748866	-0.188343	-0.112759	1.170406	-0.230347	0.028473	-0.904854	2.345626	-0.557152	-3.735181	-1.003294	2.248367	2.309435	1.408850	0.760206	0.180654	2.171401	2.174959	0.326566	-0.016743	0.024380	-1.686658
1.783782	-0.334747	-1.608512	1.946122	-0.803615	0.618414	1.536503	0.640575	-2.108410	1.157305	-0.221158	1.002309	0.279388	1.393603	-0.887061	-2.937433	1.443163	0.547586	-0.495978	0.179255	-0.611801	-0.917151	-2.169426	1.746993	-1.590002	0.620369	2.004266	1.791076	-0.643612	-1.156849	-0.277823	1.026172	1.687928	1.345970	0.694727	-0.009263	0.996512	1.351436	-2.559168	-0.274387	-0.497248	-0.674485	1.065734	0.378551	-1.404981	-0.286598	-0.217205	-0.068666	-2.521955	1.209590
0.761009	2.200328	-0.874880	0.265231	0.378835	-1.772074	0.702957	-0.012905	-1.677565	0.794945	0.274090	-0.752748	0.807124	-0.580221	-0.030630	1.967560	-0.642781	1.839548	-0.121376	-0.100361	-0.031934	1.002234	0.049090	-1.743210	1.859881	-2.667846	-0.276539	-1.590427	0.214356	0.269707	-2.542521	0.119167	0.765186	-0.073482	1.100130	0.373827	-0.117978	1.105950	1.467096	2.103632	0.799757	1.105315	-0.303530	-1.255204	0.573173	-0.417284	1.081432	1.076149	-2.288899	-1.156361
2.864717	-0.429462	-3.832481	0.245959	-0.800257	-0.936008	-0.061510	-0.848751	-2.821191	0.222592	-1.694003	0.238040	-1.058801	-0.043183	0.537396	-1.807602	0.561110	1.371558	-1.219110	-0.931308	-1.252238	2.509737	-2.615322	0.058764	-0.842505	0.810835	-0.039604	-1.086498	0.089788	1.503749	0.221403	1.535777	-0.997174	-0.023975	0.918274	-1.018342	-1.022499	0.781937	-0.980338	-0.034894	-1.031974	0.159657	1.457207	-0.089033	-0.447075	-1.638799	0.910834	2.554733	-2.898622	0.022400
1.730500	0.383181	-0.939352	0.306858	-0.442381	1.882995	-0.740193	0.627600	-0.328415	1.039276	0.707550	0.856537	-1.419993	0.908893	-0.453010	-1.673423	1.168355	0.478413	-0.774157	0.990886	-0.325550	1.844439	0.531471	2.588665	-3.520786	0.804849	1.103197	-1.677237	-1.008754	2.800558	0.395378	0.256421	0.563933	0.236964	1.500626	0.600128	0.584458	0.292031	-0.547007	-2.084399	-0.635259	1.506050	0.143818	0.425905	-0.180033	-1.416214	1.461073	1.916612	0.269137	0.976400
-2.782572	1.855708	-0.798301	-0.559718	-0.714603	2.412134	-0.060510	-1.541102	-1.970002	1.830035	-1.039528	1.166483	0.056544	1.141623	1.379817	-0.436395	2.292319	-3.024512	-1.382742	-0.314631	2.690157	-2.853949	-1.193480	-0.166222	-0.808298	-1.210354	1.703109	2.170053	1.415233	-2.112234	0.305216	-1.335064	0.504642	1.368323	0.660206	1.933877	2.024256	-0.282186	-1.730333	0.384017	-0.603885	1.247927	-0.503209	-2.177927	0.282988	-0.842482	-0.183211	-1.532987	-0.926398	0.782245
-3.489795	0.848670	-3.148117	-0.092585	-2.131557	0.365747	-0.780621	2.804774	0.043753	-0.821116	-1.177358	-0.596162	-1.694868	-1.021546	-1.209195	2.086212	0.486508	-2.206528	-0.309293	-0.140772	-0.353195	-0.517467	-1.273360	0.010063	3.804141	1.482087	0.310816	0.672601	-0.189698	0.527033	-0.461481	0.493478	-1.814157	3.733523	0.037418	0.300215	1.509929	0.796724	0.414401	3.311623	-1.809519	-0.234414	0.714519	3.712383	1.220279	-0.797088	-2.817004	-0.134246	-0.684513	4.121024
1.343122	-0.623997	2.331232	1.049080	-0.816068	1.217084	-1.895508	-0.348289	0.626560	-0.800162	-1.387552	-0.231333	0.020196	0.890216	0.753158	-0.483557	-0.050454	3.311211	-0.400420	-0.616051	-1.882224	-0.112099	-1.863863	0.291686	-1.932296	0.686935	1.776078	-0.708232	-1.727916	-1.505626	0.180417	2.277249	-0.373933	-2.416241	-0.339822	-1.390198	-1.131009	1.282996	-0.772136	-0.663752	-1.530918	-0.354403	1.567416	2.450162	0.031058	-0.878410	0.787269	1.648418	-1.413249	-2.447443
1.638368	-0.421396	0.145809	0.171775	-0.708286	-3.390827	-2.139072	-0.619056	-0.729731	-2.796772	0.102413	-1.337788	-1.498259	0.465075	-0.415474	1.381976	0.196656	0.384619	0.175872	-1.891745	-3.120224	0.687941	1.972206	-2.080958	2.124208	2.042678	-2.607753	-0.373944	-0.242039	-2.603404	-1.038872	-1.688189	-1.124261	-0.689051	0.084151	-1.433230	-0.892367	1.037341	0.417916	-0.900124	-1.150930	-1.462989	-1.536871	-1.317183	-0.588436	-0.820154	0.271707	-0.578887	2.015059	0.831392
-2.645878	-0.289189	3.076061	-0.275495	2.411265	1.798858	-0.649487	-0.390223	2.608653	-2.121861	-2.111356	-1.243024	0.039521	0.281601	0.160128	-1.676395	0.012119	-1.455325	1.002296	1.154820	-0.999278	0.115556	0.588276	-1.802182	-1.432669	0.210795	-0.682930	-1.836495	-0.517787	0.668506	-0.225000	-1.956086	0.344487	-1.031854	-0.540835	-0.986778	-1.066546	-1.943575	-2.913081	-0.496330	1.216621	-1.388223	-2.144448	-0.443602	0.027679	0.346799	0.314777	1.913591	0.139645	-0.851864
-0.321100	-1.326124	1.685729	0.747870	2.641261	1.333959	-1.324158	-0.171270	2.945162	1.219661	0.471950	2.044078	-0.932159	-1.391086	-0.119877	0.016989	-1.013156	1.156838	1.426935	-0.693099	0.803542	-2.000035	0.393348	1.596125	-0.851272	-0.810534	-0.749683	0.209890	-0.305390	-1.913152	1.403170	0.527091	-0.031367	-1.953830	-0.270826	-0.030908	-0.056595	2.071684	-1.383720	-2.336103	1.085850	-0.520609	-0.339440	-1.022177	-1.644696	0.480193	-0.841676	-0.880641	0.767445	-2.181645
1.173608	-0.850336	0.683770	-0.514165	-0.242117	0.708748	0.037614	0.400406	1.689393	-0.920340	2.074158	-1.132755	0.157192	-1.741186	-0.103642	0.406853	-0.005641	0.114196	-0.827540	2.831482	0.392425	0.006325	-0.799096	0.671124	-1.683507	0.767318	1.012246	0.820632	0.158197	-0.110651	0.407579	1.075060	-0.484930	1.209817	-0.080991	1.088688	0.183236	-1.179834	0.884056	-1.265556	0.054626	1.224777	-0.790137	0.538313	0.662112	0.767678	0.031759	-0.169158	0.080288	0.168037
0.452406	-1.081992	-1.198794	1.312398	1.320164	-1.211082	-1.822590	2.771859	-0.343857	1.144113	-2.094771	1.328819	2.231860	1.577044	-1.255539	-0.606481	0.259240	0.231678	1.568397	-1.499152	-1.223801	-0.696138	-1.245349	1.382732	-0.638835	1.435115	-0.821823	1.029230	-0.382815	-0.280652	2.085341	2.122796	1.948021	1.574094	2.978693	-2.699833	0.138536	2.939748	-0.769813	-0.513098	0.983355	2.865485	2.141511	1.991053	-0.850510	-0.203725	-1.011929	1.857786	1.059590	1.649542
-0.035705	-0.271134	1.978473	-1.050061	0.923398	0.250807	2.215829	0.769264	0.171099	-0.057111	0.542771	-1.932339	-0.720122	0.111371	0.839285	-1.266884	1.396224	-0.855120	-2.084386	1.767578	0.228983	0.638348	1.712732	-1.771443	-1.792099	-0.920979	0.627080	-2.459230	0.061076	1.374248	0.006091	-0.487986	-0.406198	-1.207037	-1.203751	0.800633	0.359724	-3.253725	-1.855121	-0.469182	-1.054903	0.179438	-1.311092	-0.512020	0.279893	-0.923270	1.031210	1.329521	0.811776	-2.311366
3.196890	-0.213657	0.300451	0.285062	-0.240366	-2.529511	3.274732	-1.284865	-1.148828	0.522507	1.513321	0.691221	-0.202159	-1.097647	-1.085774	-1.378283	2.726632	1.596575	-3.793011	-0.605743	-1.793134	0.060405	-1.760197	0.658656	-1.612648	1.444844	-0.815851	-0.406611	-0.314208	1.368632	-0.025885	2.714771	-0.240289	0.164040	1.957064	-1.181526	3.034401	2.981141	0.299585	-1.610880	-0.748646	0.215744	1.727984	0.376550	-0.707966	-2.285768	-0.157849	1.591505	-0.284787	-0.665961
-1.142662	0.908163	0.769925	0.469304	-1.757159	-0.863876	0.694153	-0.660222	-1.127548	0.917630	0.143485	0.654364	-1.002795	0.996680	0.348812	-0.781415	0.203483	-0.566424	-0.415769	0.459062	-0.651903	-2.520582	-1.037594	1.440293	-0.813501	-0.341758	-0.267572	0.570038	1.018671	-2.103506	0.020705	1.111676	2.850569	-0.775083	0.498424	-0.799608	2.202831	0.465062	-0.395449	-0.952600	-0.788552	0.269495	1.727194	0.387925	0.656300	-1.932429	-2.007905	0.122064	-0.488606	-0.989231
-0.147171	0.493773	-0.205269	-0.302074	-2.110641	-2.957215	-1.453755	-1.057545	0.861597	1.696247	-2.600482	-0.485557	-2.381598	-1.325135	-0.966684	1.789807	0.417514	0.204364	-0.902412	-0.470643	-1.446393	1.555443	0.986206	-1.162907	0.935700	2.044102	-1.568408	-0.532924	-0.857014	0.392806	0.139325	0.224335	-0.905756	-0.238548	-0.633931	-0.053010	-1.563445	1.426456	0.642586	-1.277690	-2.218523	-0.568324	0.697007	-0.031771	-1.322431	0.265893	-1.235598	-0.255650	0.418835	0.460395
0.450772	1.858478	-0.525664	0.064663	3.861724	-0.384320	1.530374	-0.689256	0.744264	-3.513285	-0.541208	0.560011	0.581012	0.277200	1.242697	-1.314748	-1.746757	0.386327	4.652367	-0.627146	0.903906	-1.925229	-0.689751	2.480310	0.598926	0.230560	-3.147351	1.341211	-0.786878	-1.481861	-0.051674	1.228180	-1.431175	0.191633	1.313016	-2.783347	2.227821	1.572063	-0.831440	0.421520	4.500573	0.949033	1.874793	1.876745	-0.308279	1.422920	-1.090305	-1.053229	0.777989	2.301393
-0.131735	-2.891640	-2.875255	-0.992160	0.157916	0.256108	-4.465479	0.438105	0.448302	0.525405	-2.058560	-0.910124	1.136102	-1.487981	-0.287038	-2.870286	0.013772	0.847437	2.298262	-2.833016	-2.883567	1.943042	-0.774654	-0.993579	1.720457	1.565929	-0.328583	1.654503	0.553625	-1.843421	0.317004	0.673560	-0.164112	2.063497	-0.390298	-3.246373	-2.942421	4.982438	-0.758371	2.237078	-0.282994	-2.924513	0.818846	1.154677	1.594034	-1.163080	-3.271105	2.452011	0.709374	2.504007
0.717310	2.241651	0.928778	0.568233	1.223352	0.849857	2.666223	-0.910769	0.236962	-2.016389	-2.488488	-1.980655	0.795983	-1.157111	0.096140	-1.602383	0.005397	1.636766	-2.230840	-1.229263	-0.110703	0.226470	1.600783	-2.938357	-0.012337	0.311124	-0.400653	-2.088219	-2.126733	0.480930	-2.047902	-0.942778	0.118326	-0.732346	-1.787156	-0.150246	1.912930	0.227397	-2.352896	1.842330	0.139671	-2.425955	-2.265327	0.165495	-1.580943	-0.403182	1.793378	0.808112	-0.552798	-1.717070
-4.664240	-1.303181	1.280062	0.707623	-0.864303	-0.786114	-0.166469	-1.011999	1.352342	-0.201494	1.358785	0.078779	-0.742889	2.278039	-2.046222	-0.408804	1.423917	-3.368005	-1.142480	0.233771	-2.148936	-0.610353	0.084707	-0.428758	-1.102496	1.505336	0.488605	1.019505	-0.076645	0.202784	-0.983153	-2.574442	-0.544496	-0.008219	0.512595	-0.639228	0.559398	-2.622530	-1.413524	-1.298410	-0.951767	-0.739888	-1.193595	0.052796	-0.787063	-1.296018	0.866317	0.596769	-1.881696	0.521703
2.801628	-2.254184	-1.232380	0.106711	-1.072039	-0.713930	2.106480	-3.461505	-3.106695	-0.469081	1.135805	1.476511	-0.373201	0.674765	0.479582	-2.266231	2.124239	0.583721	-1.951894	1.441300	0.201321	-2.604552	0.635182	1.862264	0.046964	-0.360420	0.049487	1.455231	0.711789	-2.295742	1.115794	0.817857	0.975360	0.644986	-0.210249	0.293167	1.271860	-0.970635	-1.273871	1.274499	-1.064209	-0.051501	0.933603	-0.903014	0.041605	-1.371983	-0.197637	-2.289093	1.873909	0.347841
-1.263529	0.989487	-0.010233	1.632323	1.492276	-0.954923	0.124141	-0.788098	2.002632	0.222513	-0.923547	0.810622	0.061155	-1.832380	-1.364710	-1.124024	-0.558986	-0.827588	0.357764	-1.372660	-1.394993	-1.306915	-0.808748	-0.996245	-1.257348	1.014947	-1.094644	1.219495	-1.145537	-1.010791	-0.551966	0.131832	-2.456477	0.438259	0.432580	-2.812480	0.522577	1.505761	-2.046571	-2.085008	1.517826	0.349925	0.416974	2.315883	-1.975116	-0.799965	-2.058413	0.009174	-1.351333	0.088946
2.033108	0.181862	-1.708107	-1.976440	-0.933591	2.130863	0.588745	1.122662	-2.496575	3.834713	1.861340	-0.583879	-1.259449	-3.107131	1.317875	0.222765	1.033686	0.322074	-2.871990	3.416788	1.451991	2.851134	1.400193	-4.111694	-0.613890	-0.247242	1.310156	-1.196743	0.527975	1.817842	0.220537	-2.911046	-1.589539	0.243650	-4.333817	1.931751	-2.062007	-4.527518	0.318679	-1.742164	-0.410581	-2.905232	-4.370233	-3.001208	0.289865	0.176400	-1.011778	-0.687677	1.624617	0.376627
