X33	X4	X29	X20	X10	X30	X18	X41	X17	X1	X40	X2	X11	X8	X46	X24	X16	X36	X13	X28	X48	X50	X34	X14	X31	X23	X38	X6	X27	X47	X37	X44	X26	X9	X5	X3	X7	X21	X39	X12	X35	X19	X22	X43	X25	X15	X49	X32	X45	X42
0.266633	0.197034	-0.213910	0.626923	-0.074451	0.610306	0.908453	0.706478	0.427216	0.001885	0.927797	0.755514	-0.280464	0.863278	-1.099998	-0.697678	1.258984	1.267897	0.391690	-0.721000	-0.681287	1.614279	-2.106610	0.169487	-1.483010	-0.724675	-1.549300	0.613733	0.185054	-1.057385	0.333885	2.289026	1.180163	0.294852	-0.638354	1.869333	-0.784740	-0.079743	-0.872537	1.209034	0.233297	-0.943552	0.515279	0.194419	-0.119811	-0.600972	-0.013166	2.329465	0.566307	-1.874969
-1.038337	1.275215	-0.056390	0.617828	-0.631326	-0.795708	2.093595	-0.072417	1.743033	0.656776	-0.126389	0.999130	-0.530284	-2.615183	-1.543284	-2.021578	-1.376563	0.547981	-1.369806	0.491754	1.337804	-2.489036	-2.383365	-2.145006	-1.362352	1.328800	-1.643112	-1.206618	0.894773	-0.467914	1.890228	0.358434	2.977765	0.329237	-3.514653	-1.130455	-1.659854	-0.366542	-1.966414	0.391653	0.960628	-2.064971	-0.247282	-0.323362	-1.312662	-2.429695	0.828303	0.978908	-2.373212	1.239261
-0.231824	-1.160279	-1.398918	-1.013709	0.572840	-0.640897	1.751362	0.545026	1.103929	-1.111328	0.939971	-1.751451	-0.551837	-1.699660	0.532238	-0.357429	0.113352	-1.982287	0.395943	-0.611198	0.539737	-1.195164	-1.581267	-0.813089	-0.635392	-1.485956	0.086533	0.213755	0.407962	-1.165839	0.065853	0.616851	0.559831	1.627470	-3.490551	1.440540	-0.309021	-0.769956	-0.903842	0.269984	1.363699	-0.814109	-2.311352	1.117671	0.881863	0.877168	-1.513228	-1.383393	0.402048	-0.022567
2.760660	-0.277882	-2.471731	1.113880	0.300401	-0.402683	0.014338	-2.068160	1.798068	1.548685	2.394221	2.792299	0.235105	0.184853	-0.784418	1.763159	-0.745148	0.420001	-0.382811	0.246023	-2.010604	0.890330	-1.863615	1.017668	1.109386	0.542633	-0.449495	-0.902193	2.336942	0.838335	0.706365	0.330752	-1.896748	-1.082415	-0.026291	1.049238	0.432975	-1.162888	1.129007	0.143453	-0.931979	-1.982998	-0.508379	-0.653013	-1.047611	1.199284	0.179830	1.387619	0.034099	0.019835
-2.576148	-0.210358	0.544539	-0.475935	-0.621355	0.009328	-0.036899	-1.072886	1.404952	-0.087768	-1.069360	-3.681581	-3.118294	-0.507118	-0.128778	-3.731114	-2.166238	1.579434	-0.286138	1.246893	2.716825	-1.871474	2.138583	1.032916	-0.321166	0.008118	-0.277069	0.134760	-0.111072	-0.032945	-0.381337	-0.371370	1.613491	0.765799	-1.624283	-2.375799	-0.028203	0.425608	-0.591563	1.345810	0.438437	1.401724	-0.012684	1.306368	-1.109562	-1.452333	2.458881	1.166929	1.217803	1.908544
0.015046	2.429544	-3.016114	1.988960	-0.328205	0.468030	0.800319	-1.436257	-0.130991	0.115796	1.415764	1.366046	0.360905	-2.237323	-0.152232	-1.151394	-1.478097	-0.652317	1.955612	-0.923115	2.376865	-1.552579	1.222841	-1.627125	0.856155	-0.619487	-1.361592	1.771410	1.016703	0.163665	-0.074203	-0.621375	-1.173095	3.970569	-2.450272	1.953889	1.641943	-0.790169	0.697811	-2.184134	-0.718760	-1.483832	-0.356310	2.687695	2.737914	-0.478372	-0.503095	-1.748706	2.776052	2.168449
0.271320	-0.723450	-0.152214	0.148501	-1.299431	-1.216156	-0.874561	1.457378	-0.423588	-2.343615	-1.186927	0.374925	1.194635	0.890223	-0.892252	-0.475325	-0.828204	-1.219912	1.437971	-2.059218	-0.329349	0.070785	-0.103030	0.468665	0.348879	-2.955109	1.042061	0.118732	1.386271	-1.483955	-0.551734	-1.256083	-0.550243	-1.957850	2.211373	0.018345	0.229949	-0.476065	-0.898756	0.179582	-0.657482	0.201886	0.842830	0.690850	-1.125654	0.111462	-1.885314	-0.020522	0.539472	1.677859
2.169998	1.222482	-1.916704	-1.786965	-0.193149	0.086594	0.852108	0.406540	0.031551	-1.169150	0.271969	0.422916	2.744773	0.462930	1.613710	2.472002	0.877548	-3.592622	0.994585	0.159079	0.910394	-0.014448	0.702085	1.149916	1.062352	0.006505	-1.433243	1.514412	-1.922096	-1.142208	0.345322	0.388278	-0.838940	1.398893	-1.501489	-0.077716	-1.108341	-0.458505	-1.819763	-0.390846	0.779852	-1.952543	-1.711679	-0.343097	0.769208	1.395837	-3.430179	-0.324241	2.645130	1.683075
-1.015588	2.049500	2.433784	-2.398454	-0.955087	1.431703	-0.830418	0.646011	-1.152425	-0.152760	0.161610	-2.013576	0.135748	2.350618	0.338936	-0.956338	-1.264010	1.771888	0.767601	-1.200486	-3.511859	2.332432	1.707260	1.415024	-0.255417	-1.720382	0.367538	-0.664383	1.167541	-1.857171	-0.140213	1.172020	-1.574200	-2.501171	0.710285	1.831680	-1.298368	0.991119	-0.394650	-0.641999	0.281286	3.681236	2.339648	-1.248238	-1.667163	-0.863037	1.405976	0.643451	-0.753712	-1.562046
-0.799189	-0.567029	1.635098	-1.568947	-0.567954	-1.226605	1.243607	-1.486506	-1.212550	-1.591221	0.946738	0.502139	2.506077	0.662810	-0.342082	0.503121	1.624446	0.140598	0.353805	0.046306	0.965114	-0.336001	-2.622010	-0.697401	-1.406739	-1.319146	1.182171	0.214934	-1.288900	-0.603794	-0.755380	0.971711	-1.378539	0.464318	-1.175269	-0.861084	-2.032029	0.060184	-1.228462	-0.585498	0.300448	0.554685	1.218817	0.275880	1.652477	0.591880	-0.561885	-1.050435	-1.109254	0.974763
1.690718	-1.149388	-1.013943	1.130304	-0.478311	-0.237545	1.800512	0.595840	1.752900	-1.356530	0.795106	0.336406	-0.337014	-0.778490	-1.496034	2.046857	2.144516	0.147258	1.929872	-1.033736	-3.971971	-0.076996	0.161904	-1.253688	-1.856208	-0.596148	-0.740723	-2.290480	0.320893	0.242995	-1.253483	0.482295	0.569151	-2.269392	-1.657033	1.092169	-0.243393	-1.856252	2.164243	0.362737	-0.533668	-0.234342	-0.169382	-3.555899	-4.078609	2.290157	-0.696261	2.474457	-1.472464	0.977926
0.458591	1.554976	0.875696	2.121619	1.739928	-1.197601	-0.926067	0.157724	0.180484	0.944468	-0.754108	-0.549449	-1.306304	0.333281	-0.670961	-0.408997	2.375727	0.877051	0.165486	-0.512949	-0.938716	0.102235	2.129623	0.122774	-1.076558	0.594247	2.945332	0.222823	1.148782	1.509441	1.577435	-0.312750	-0.954384	-0.143653	1.607912	1.719497	3.595544	1.382591	3.220590	-1.443747	-0.878947	1.258997	0.969024	0.228045	-0.760802	1.518618	1.598737	-0.124759	0.335103	1.115319
0.471210	0.251690	0.921198	-1.106182	-0.248777	1.009096	-0.399986	-0.334448	-1.211041	-1.129248	2.010617	-1.478575	1.811404	1.654493	0.716377	0.593898	0.310523	0.886176	-0.270374	-0.267726	0.522355	0.767144	0.435639	0.668935	2.128357	-1.446956	-0.392965	0.172666	1.470203	-0.394424	0.511780	-0.445596	0.067973	-0.124667	0.852732	0.035670	0.231374	0.517283	0.954570	-1.370709	0.743222	2.257650	1.139086	0.520661	0.757395	0.939163	-0.503554	0.720524	-0.328056	0.477792
1.479923	1.231664	-2.077304	0.979464	0.217573	-1.684118	0.812674	-0.840276	1.025820	0.348628	0.470867	0.622565	1.039473	1.137032	0.153201	-0.322047	0.327792	2.186563	-0.879602	-0.002680	-0.044783	-0.836809	1.755977	-0.102579	0.577029	2.113251	1.583896	1.075148	-2.298301	1.369925	0.831267	-0.218100	0.529933	0.554771	2.165624	1.859846	2.923251	0.752933	1.796313	1.233890	0.423678	-0.342651	2.822474	0.027790	-0.329938	-0.098735	1.417128	-1.135718	1.804923	0.227316
-1.351589	0.816682	1.897495	0.467040	0.791308	2.222343	-2.492784	1.609248	-2.651707	-0.551927	-0.551280	3.055791	0.767441	2.081761	-0.939287	0.165207	1.016308	1.011378	-0.639954	-1.425652	-2.109226	2.996024	-1.823777	1.482564	0.572099	-0.332633	-0.812962	0.343559	-2.360774	0.133943	1.402044	0.090020	-1.001820	-0.832862	2.792011	1.533025	-1.182413	2.598164	-0.827355	-0.128049	-1.449276	0.407476	2.149587	-0.090180	0.612074	0.209622	-0.352468	1.356905	-1.071809	-0.454255
0.193767	-1.418309	0.089491	3.217543	2.634580	-0.328145	-0.386995	-0.919399	0.614650	-0.662733	-0.167638	-0.325483	1.372395	1.235376	-1.932093	-0.896790	-0.025493	-0.093877	-0.600390	1.222229	1.228041	0.345065	1.350327	1.552506	0.781694	-0.895424	0.567116	1.610078	-1.910809	2.106023	-0.789468	-0.721153	-0.439673	0.213385	0.976750	-1.813616	1.797559	-0.673723	1.162442	-0.126800	-1.865187	0.399318	0.382268	-0.009378	0.013116	-0.436657	0.008667	-0.385116	1.639799	0.173819
0.830338	0.905006	1.414024	-2.390137	0.112351	0.730589	-0.657214	0.490672	0.155068	1.120800	-3.236888	1.153876	-1.238467	0.147618	0.981728	3.377738	-0.120748	-1.731916	1.360028	0.441361	-0.567884	0.923106	-0.877362	1.080274	-0.506903	0.822019	0.582459	-0.587014	0.941911	0.127484	-1.971168	-0.037276	0.015644	-0.677232	-0.327910	-0.888621	-0.266573	0.238314	0.304571	-1.279568	0.317250	0.179905	-1.879698	-1.666451	-1.602103	2.420980	-0.452194	0.720562	-0.874248	0.716280
-0.931122	1.150485	0.635937	0.579003	0.132501	0.372554	-1.022777	0.805138	0.752189	-1.097639	-0.101537	-1.228097	-0.923973	0.026586	-0.110826	0.508505	0.645928	-0.403180	1.279454	-0.451059	-1.870095	1.357983	-1.486393	-0.120194	0.738904	-0.912354	-1.562698	-1.031557	0.893497	-1.758211	-0.322119	-0.561271	0.619918	-0.521341	0.307007	-0.494958	-2.331607	-0.169169	-2.833948	2.217188	-0.797023	-1.227269	-0.594438	-2.041659	-1.891295	-0.205865	-0.396748	0.884718	-2.084393	-0.714067
-0.837532	0.459672	-0.570853	-0.992014	1.911703	-2.471921	1.120925	1.489223	0.038659	-1.401560	0.847777	0.957459	0.467574	-2.515161	0.944362	0.042226	1.195040	-2.774655	1.079656	-2.023798	-2.387580	-0.705931	-0.892204	-1.561323	0.263923	-2.371924	2.212346	-2.208640	-1.714000	-0.529650	1.168102	-0.555371	-1.225565	-2.054024	-2.867348	2.419662	0.334059	-0.103634	-0.608195	-1.884366	0.555940	-2.719124	-2.586258	1.044737	-1.573010	0.497924	-1.640248	-1.314864	-1.375972	2.869535
-0.369614	-0.748169	3.251176	-2.008747	-0.009039	-1.686148	0.570653	0.352477	1.500854	-1.837504	-0.942591	-1.443425	-1.716311	3.060360	0.866861	2.420391	1.344800	-1.132526	0.171087	0.344442	0.205686	-0.220271	-0.349123	0.949496	0.762998	-1.446810	1.960237	0.405967	-1.245674	-0.433458	0.581680	-0.641401	2.393866	0.134064	1.179923	1.127105	-2.436033	-1.087490	-2.547153	1.208830	0.329460	3.588337	1.638668	0.494870	-0.483832	1.491979	-0.541165	0.468382	-0.245603	-1.289669
1.050147	0.618255	0.455198	-1.501401	0.482166	2.380833	-1.857330	1.387354	-3.068905	-0.058812	-0.842438	-0.176428	1.624260	0.610252	0.529644	0.362897	1.223659	-2.787639	-0.140706	-0.635569	-2.413229	3.379973	-0.363083	0.380738	1.639084	-0.587392	-1.155652	-0.275396	1.934635	-0.772502	0.175835	-2.074851	-2.786363	-1.719967	0.949927	1.712622	-1.723809	1.685514	-0.085907	-3.040215	-1.442502	0.708193	-1.565163	0.044759	0.431120	-0.635881	-3.269698	0.934041	-0.080461	1.901692
1.110460	-0.673769	-1.112174	0.920359	1.005094	-0.278117	-2.161891	0.366884	-2.850404	-1.061044	0.654643	-0.017037	-2.658357	1.475631	-0.333699	-0.889600	0.524234	0.424438	-1.229962	-0.154567	0.464541	0.799585	0.789550	2.071778	0.375918	0.768475	1.076921	0.727447	-2.789687	2.067248	1.806012	1.075069	0.214126	0.544941	2.394185	0.880191	1.873143	1.197479	1.619798	-2.022491	-2.041647	0.779635	1.271301	1.257656	0.709244	-0.627723	-0.808718	-1.695458	1.013084	0.003186
1.594205	0.799414	-1.783740	-2.084330	-0.289205	-2.285175	2.220750	-3.343181	1.738246	0.606390	0.266212	0.583792	0.589945	-2.212462	0.876139	1.606853	-1.116888	-1.652065	-0.785495	1.910739	1.947695	-3.262705	-1.896557	-2.457486	1.189122	1.994459	-0.957679	2.005358	0.796704	-1.443726	-0.077115	-1.497180	2.303182	2.809506	-1.562651	-1.189089	-3.215871	-1.715568	-4.077359	-0.163107	0.680905	-1.667810	-1.295614	0.312311	1.123699	-0.168076	-0.528014	-2.944425	0.852063	-1.463361
-1.141976	0.699890	-0.935191	1.103150	0.001816	-0.028271	-0.098299	-0.283952	1.652258	-0.357131	-0.095176	1.773496	1.569542	-2.477756	-1.320056	-1.880243	0.269384	-2.102156	0.220755	-0.650265	-1.548579	-0.295607	-1.131669	-1.465248	-1.476288	-1.348398	-0.953921	-2.776545	-0.058247	0.189482	0.094306	0.683311	0.734709	-0.566385	-2.133272	-0.541271	0.023396	-1.709862	-0.215957	2.023181	-0.353936	-2.124685	-0.692268	-1.716133	-0.963515	-1.605262	-1.086194	1.490018	-3.000710	-1.588619
-0.019166	0.916124	-0.139672	0.685047	0.178460	0.206848	-0.702747	0.261971	3.337149	-1.383142	-1.137721	0.081428	3.122795	-0.428768	0.442656	-0.027602	1.670138	-2.728654	-1.141583	-0.652766	-0.099701	0.003903	-1.380886	0.230484	0.429511	-1.127784	0.820138	-1.703211	1.481063	0.104183	-0.264861	-0.785164	3.277584	-1.323091	-1.060434	-0.626412	0.650098	-1.204713	0.400338	1.774301	0.071576	0.680451	-0.264041	-1.943228	-3.127311	0.228713	-2.182690	0.484114	-2.464576	-0.970685
0.702988	-0.401487	-0.055520	-1.148873	0.538263	1.341422	-0.866622	-1.465599	-0.632771	0.850207	0.124109	-2.701795	-0.558172	0.551485	-0.846079	2.020378	0.449996	1.040825	-0.875431	1.105499	3.083300	-0.439595	-2.049535	0.298685	0.818288	1.728774	-1.491679	1.541377	1.048768	-0.647586	0.600365	-1.294632	0.375264	1.661585	-1.382187	-1.706704	-2.437003	0.735154	-1.749882	-0.284125	-1.055145	2.299993	-0.243043	0.318093	2.104137	1.806180	-0.002472	0.124216	1.138678	0.881407
-2.636294	-1.756054	1.925011	-0.690230	1.113030	-0.429656	-1.537170	0.029543	-1.574230	1.465004	0.184570	-1.358721	-1.515642	0.592167	0.782556	-2.745593	-2.858043	3.066526	-2.742273	-0.405318	-1.677515	0.588795	0.422794	-0.226999	0.779580	1.242165	0.478100	-0.737153	1.407513	0.340963	1.167365	-1.084607	0.395151	-2.091699	3.767904	0.299213	0.120711	1.175478	0.009974	-0.358248	-0.608183	2.090421	1.366985	-1.039699	-0.153312	-3.835122	3.302723	0.148339	-1.443788	0.498515
-0.973035	1.473631	1.287160	1.689063	0.078662	-1.549376	-1.099167	-0.719441	-0.656549	-0.542620	-0.617249	-0.168598	-3.850599	-0.576333	-0.498067	-0.073706	-0.805432	4.164602	-0.526589	0.847607	3.705204	-1.630356	0.872835	-0.730238	-0.497767	0.406881	1.622601	3.851704	-0.198888	1.005135	0.522842	0.276777	-1.477136	2.642861	0.730686	-1.072430	1.931752	-0.955007	1.336019	-0.635070	-0.424455	-0.669105	1.078395	1.132359	1.903659	-0.233965	3.241721	-2.657967	0.685970	1.463797
0.537042	-2.326736	-0.511496	1.577200	-0.391465	-0.226104	-0.190232	-0.997835	1.866596	0.749930	-0.428388	0.705743	0.017490	-1.201183	-0.893602	2.028879	-1.469099	-1.138145	-1.061098	0.232678	0.053969	0.318099	1.720941	-0.313714	0.040097	-0.507587	-0.434030	-1.361909	0.982395	1.002046	2.156319	-0.897172	1.839975	-0.778097	-0.244474	-0.013366	1.282748	-0.640090	0.534486	1.040523	0.322183	-2.155061	-0.109637	0.739614	-1.104572	0.641105	0.119325	0.880188	-0.746319	-0.259795
0.275346	-3.260420	0.178640	-1.024990	-0.339278	-0.413229	-0.098420	-1.909382	-2.161833	0.460365	-2.410831	-2.076966	-3.294253	0.183262	0.353638	1.036155	1.389914	1.671537	1.389856	0.881369	1.889307	-1.114081	-0.001080	1.067232	0.649893	-1.459521	0.189590	3.675513	-0.475970	0.013774	-0.056722	-0.952030	-1.324898	2.221504	0.223418	-0.376167	-0.512092	0.896629	0.391711	-1.405064	0.785985	1.706699	1.034578	1.323208	2.845764	2.518106	1.695213	-0.478753	2.677055	-1.234964
0.936364	1.212855	-0.501795	0.513871	-1.055552	-0.877014	1.784690	0.435891	2.004750	1.488359	-1.141153	2.153342	0.108577	-0.346031	0.181204	-0.290346	-2.337176	0.322722	-1.515245	0.772870	-0.297068	-1.038824	-0.943584	0.268432	0.491363	0.536025	0.632589	-0.232838	2.031525	0.696848	0.411433	-0.328792	1.302189	-1.787381	2.711661	-2.429160	0.434664	-0.801213	1.190086	2.984202	0.294352	-0.517932	2.408840	-2.099156	-2.587347	-1.604054	0.546689	1.029690	-0.303469	-0.000853
-1.706521	-0.806564	2.115853	1.746989	-0.670959	0.028689	-0.542659	1.664305	-0.119094	1.058044	-1.175728	1.448063	0.842811	1.763081	-0.880785	-1.831124	-0.609362	1.201384	-0.928462	0.410968	-2.318604	1.565758	0.236900	1.131688	1.833477	-0.154231	1.547299	-0.212942	0.096791	1.523746	1.376285	-1.705952	-1.521048	-0.316007	-1.217669	1.637298	2.103404	-0.091644	2.606954	-0.445953	-0.053598	1.070309	2.273334	-1.342522	0.303733	-1.738204	1.461683	1.379001	-1.373023	1.758161
-0.298895	0.666263	-1.260464	-0.817807	-0.597666	0.774799	-0.547763	-1.117238	-2.661623	-1.783121	-0.262002	-0.258126	0.296041	0.086679	0.451323	-0.894077	-0.397405	-0.583764	-0.764863	-0.238398	2.222805	0.055802	0.506786	0.190814	2.053707	-2.428549	-1.211624	-0.582649	-3.065369	0.396219	0.884135	-1.964658	0.036785	0.549014	1.086655	-1.614772	-0.760346	0.707490	-0.793977	-2.023677	-0.298475	0.066563	2.462014	0.915352	2.464600	-0.304980	-1.295239	-0.390774	-0.215380	-0.922566
-0.572818	-0.403057	-0.876477	-2.101809	0.656507	-2.464255	1.055269	-1.351596	1.395473	-4.740162	-4.144827	-0.949940	0.250092	-0.475945	-0.290005	-1.040641	1.817702	-0.241454	0.957431	-1.117539	3.108770	-1.996635	-0.353259	-1.234480	-1.187307	-2.920127	1.954488	-0.439346	-4.064369	-0.637309	-0.826211	-1.248992	0.585350	0.058585	-0.363300	-2.721676	-0.606686	-3.498165	-1.511300	1.410449	0.726218	-0.354414	-0.124225	0.397657	-1.225408	-0.696454	-0.953954	-0.708604	0.057369	-0.858997
0.462662	-1.200479	-1.539951	-1.491787	-1.747225	1.466335	2.052168	0.455159	-0.797490	-1.106021	1.235897	0.147583	1.128421	-0.108281	-0.169575	-1.388389	1.329306	-0.255030	-0.020993	-2.552788	-2.597047	1.116619	-0.949193	-0.924535	-0.702493	-0.570807	-1.567782	0.110379	-1.305115	-0.683939	1.184288	-0.016599	-1.196604	-0.768795	0.807299	3.206844	-0.909326	1.100642	0.128976	-0.319781	1.064598	0.187555	0.525463	0.104781	1.620260	-0.900425	-1.439561	1.472819	-1.027968	-0.247011
0.339975	1.201329	2.583287	0.227527	0.515305	0.041891	-0.477489	2.326495	-2.685077	-0.966744	-1.748530	0.165816	0.859137	3.178303	-0.329174	2.110467	0.158576	-0.367435	-0.457479	0.830221	1.736537	1.311316	0.329592	2.604836	-0.115660	-1.036642	1.791859	0.735637	0.387335	0.536006	-0.015292	0.022805	-1.817547	0.329942	3.866787	-0.296530	1.472852	1.059691	0.929314	-0.081396	0.255969	2.838224	0.028331	2.257696	2.340120	1.171525	-1.391746	-1.523182	0.186997	0.324606
0.180197	0.823757	-3.663165	-0.914913	-1.872845	-0.736159	0.997692	-3.241900	2.813879	-1.841542	-0.301451	1.815051	1.235452	-1.405967	-0.155317	-1.934676	-2.043359	0.142697	-0.374020	0.665209	0.669429	-0.350813	-1.521959	-1.682962	0.240637	-1.688111	-1.820104	-1.354172	-0.162139	0.516223	-0.944072	-0.536868	2.164766	-0.703996	-2.398617	-1.183173	-0.657403	-3.438109	0.065846	1.825609	0.808924	-2.021575	2.392524	0.537069	-2.492248	-1.853336	-0.350210	0.339043	0.858365	-0.282658
0.078373	-0.224530	1.634199	-0.528734	0.835421	1.158730	-0.730139	-0.893740	0.088374	1.548641	-1.688105	-1.024932	0.119102	2.714664	0.353438	-0.771825	-0.037469	3.115807	0.401342	2.007563	2.678635	0.853265	1.412595	1.080879	0.355800	1.372607	1.471001	0.091243	0.180549	0.297725	-0.541792	-1.643130	0.173333	1.128307	-1.169105	-1.738028	0.994309	0.379958	0.345968	-0.239209	-0.771222	3.245261	3.418031	0.965095	2.117423	-1.271762	2.693670	-0.235036	-0.758175	-0.240379
0.087201	-1.566052	-0.787512	-0.273672	1.374254	-1.445397	0.901865	-0.741536	-0.737579	-0.812959	-0.113584	-0.921601	0.369058	-0.457370	-0.256251	0.109777	-0.429608	2.000166	0.191837	0.282939	-1.017377	0.236677	-0.726146	1.197991	-1.223398	0.646434	0.037055	-1.189396	-1.851466	-1.278183	0.366137	0.871588	-1.352202	-1.337614	-0.173762	-0.124045	-0.869166	0.553837	-2.452830	0.527656	-0.515315	-0.362346	0.450795	0.622699	1.336565	1.098751	0.660027	-1.906086	0.276289	-1.640357
-0.249171	1.038247	0.508775	1.914715	1.129345	-0.138087	0.170512	0.775478	1.190877	1.460671	-1.946030	0.455664	1.548438	-1.254681	-1.102013	1.098617	1.138133	-2.220925	-0.677498	0.370343	0.504595	-0.862136	-0.178711	-1.602130	-1.730923	0.495653	0.557317	-0.789323	0.029238	2.227391	-0.663372	-0.237809	1.661145	-1.006900	0.323153	-0.383757	1.026471	0.537219	1.175168	-0.252069	-1.719843	-0.753045	-2.104618	0.080134	-0.170679	0.439192	-0.676889	0.594255	-2.001986	1.693918
0.620864	-0.048091	2.762544	-2.317921	-0.305499	0.684998	-0.014893	1.630315	1.128828	0.149615	2.643439	-3.073550	2.132116	0.168816	1.574347	3.276022	1.884885	0.530061	-0.229206	-0.883007	-4.314444	1.127026	-0.816002	1.182570	-0.828098	1.864077	0.134418	0.207178	1.061863	-1.766624	1.259528	2.262125	2.516078	-0.468801	0.495491	4.436888	-3.496265	-0.918407	-2.051195	-0.824916	0.332193	1.269828	-0.393746	-1.366383	-2.326378	1.741407	-0.275246	0.911873	-0.223849	-0.466166
-1.360372	0.353915	2.200758	-2.537221	-0.006878	-0.681720	-0.110416	-0.267101	0.378671	0.538930	0.909040	-0.837899	-1.318969	1.215015	1.154393	0.652511	1.404589	2.072221	0.304439	0.404049	-0.395020	0.276950	-0.746117	0.953543	-1.851345	-0.853753	1.600199	-0.100896	-1.456716	-1.930000	-1.044909	2.015230	-0.793046	-1.363064	0.851176	-0.501134	-1.469803	1.144584	-2.169625	2.493533	0.253802	1.623751	1.324377	0.322423	-0.081831	0.637960	2.306111	-1.890329	-1.115629	-1.224549
-0.964710	1.426558	0.893129	-1.197057	-0.593980	-2.551547	0.107151	0.904351	0.820335	0.257886	-1.251902	0.508636	-1.395811	1.914691	-0.042495	-1.522332	-1.348218	-0.696435	-1.952264	0.870414	2.232313	-0.947531	-1.503748	1.022495	-0.972066	-0.104458	1.345308	-0.422116	0.286010	-0.962105	1.772467	1.091505	1.395395	-0.915639	0.900089	-1.804517	-0.774292	-0.469812	-2.286338	0.750427	0.443555	0.279383	-0.922976	1.229889	-1.289388	-0.920140	0.269380	-1.018037	-0.000979	-0.322791
0.241932	1.357833	-2.319130	-0.924796	0.225858	1.558469	-1.272127	-1.253560	-1.157397	0.338014	0.530214	2.764949	-0.663543	-0.478725	-0.067188	-3.554869	-2.930148	-1.022443	-2.844687	0.369900	-0.555014	1.352320	-2.151450	0.339836	-0.084121	-1.667935	-4.369996	-0.020542	1.673916	-1.167910	2.138668	0.299956	-0.942787	-0.297832	2.261126	-0.627052	-2.292657	1.341539	-2.742583	-1.148831	-0.991662	-3.194640	-1.438766	-1.679605	0.820690	-3.233713	-1.518788	0.302543	0.862167	1.269241
-0.195958	0.283849	2.226754	-0.298682	0.643420	0.805416	0.082104	2.019266	0.302505	1.237460	-0.995341	0.486904	-0.798722	0.544345	1.524746	1.137417	0.165353	3.344591	-1.083169	1.135116	0.804635	0.058561	-0.651236	-0.563432	1.167825	1.585082	0.816953	0.038811	-0.475592	0.407080	0.686604	-0.671840	1.022394	1.574499	-2.476145	-0.157847	0.261182	1.029762	-0.034371	0.919227	-0.740166	0.328039	2.405415	-1.055365	0.726298	1.018668	1.884248	0.480256	-0.365030	2.454365
-0.596927	0.333282	1.706506	2.289117	-1.111723	-2.047969	0.474621	-0.166695	-0.482752	-0.218563	-0.357554	-0.583938	1.154840	0.569877	-0.761622	0.371697	1.955071	-1.666385	0.761393	1.075249	-0.042896	-0.731115	1.881930	0.957359	-1.038332	-1.025991	3.620352	1.311796	0.881919	1.732158	-1.243515	0.448501	1.189468	0.206962	-0.487518	-0.680953	3.150714	-0.620954	2.694270	-1.386657	-0.209438	1.406532	-0.247743	-0.161295	1.594999	0.447249	0.236347	-1.356853	0.319332	-1.241143
0.234952	-0.821449	-0.383735	-0.040520	0.187459	-1.039845	-0.990507	0.526000	1.025159	-2.039760	2.955148	-0.555078	-2.257589	-1.361125	-0.469700	1.405513	-0.846299	-0.638399	-0.152612	-1.771357	0.888697	-0.407308	0.657390	-1.823241	1.531198	-3.381886	0.478173	1.024678	-0.379233	-0.465833	1.280982	-0.812926	3.579683	2.546019	-3.611615	3.250997	-0.416253	-1.445403	-1.851019	-0.409963	-0.786924	-1.166499	-1.190042	0.801319	1.940380	-0.485464	-0.811895	-1.211541	0.385293	-0.832996
-2.067960	-1.397081	1.580735	-1.384873	0.501676	-1.033709	1.946073	0.169127	1.623988	-0.110438	-0.392077	0.119927	-0.275088	0.712995	0.314452	-0.059007	2.584217	-0.424219	0.537608	0.511502	1.167175	-1.041987	-0.583716	1.060900	-0.592304	1.122387	1.445975	-0.763064	-1.407768	-1.063105	-0.643803	1.117042	1.532962	-0.380715	0.249190	-1.045626	-1.556879	-0.960262	-1.475467	2.491496	1.224547	0.372710	0.162875	0.724305	-1.341478	0.980725	1.107125	-1.412403	-0.461991	0.899321
0.587791	-1.001644	-2.866090	-0.938450	0.755521	1.049253	-0.273495	-1.481046	-1.023089	0.943036	-0.059010	1.825698	-0.288173	-0.769958	-0.496069	-2.070281	-0.841270	0.250101	-1.732396	-0.804283	-0.864231	1.250582	-1.316065	-0.892605	-0.044379	1.093289	-3.348478	-1.665048	-0.121060	-0.058570	3.003347	0.371990	-0.276881	-0.311919	-0.750356	1.612962	-1.333373	1.331698	-1.022250	-0.600826	-0.566531	-1.852068	-1.502238	-0.758517	0.637894	-0.724063	-0.178289	1.567723	0.586001	0.019768
2.094946	-1.367836	-0.516831	1.769924	-0.342607	0.195720	-2.494080	-1.854300	0.328827	1.715924	-1.137589	0.462362	0.744638	-1.788763	-0.222931	2.208146	0.358851	0.600265	-0.484831	0.644908	2.006029	0.465570	1.017207	-1.838611	-0.287227	0.448888	0.399325	0.424804	2.771983	1.312925	0.871273	-0.407641	2.798731	2.583660	-3.549907	1.160826	2.771207	-1.275362	1.201486	0.304840	-1.472670	-2.226788	-1.736222	1.625787	1.721915	1.378586	0.585137	-1.525521	0.162959	-0.485551
-0.315795	2.392317	-0.486424	1.107411	0.239205	-1.825004	0.852163	-1.463970	1.658728	0.146435	-0.341033	-0.902858	0.398087	-1.577512	1.133083	-0.516907	0.335334	-2.105862	-0.392496	0.226107	-1.671897	-1.066837	1.132770	-0.861359	-1.116126	-0.370940	2.438590	-2.227340	-0.015762	1.541071	-0.491447	0.033943	0.215494	-2.960776	-1.238288	-0.983217	2.371666	-1.403443	1.963813	-0.077911	0.352109	0.089192	-1.623634	-1.176688	-3.873148	-0.052585	0.081157	-0.259718	-1.857787	-1.554056
2.927099	0.476275	-2.902767	0.105355	1.641793	-0.593086	-1.250506	-0.678952	-2.681605	0.649192	-0.130753	1.462898	-1.535392	-0.734454	0.803034	1.038017	0.431524	-0.411434	-1.950339	-0.925811	0.153369	-0.484210	-1.206270	-0.701346	0.408222	2.710314	-1.609555	-0.228320	-2.025177	0.505400	1.392440	-1.029689	-2.158187	-0.512799	-0.966223	-0.226956	-0.882201	2.440245	-1.541141	-0.416263	-2.036253	-1.706287	-0.220165	-1.319674	1.145631	0.115938	-1.534570	-0.247374	1.180223	-0.566178
-0.385575	-0.583409	1.296837	0.518457	1.190452	1.362998	-0.471369	1.638356	-2.646661	-0.677814	-0.464166	-1.933228	0.508122	1.319284	0.396002	0.761765	0.566544	1.768078	0.982556	-0.139029	0.731077	0.188265	-0.587368	0.685399	-0.130805	-0.529527	-0.295123	-1.014301	-0.687918	0.658174	-1.905803	0.553202	-2.170231	-1.830395	0.951818	-2.750078	0.616216	2.343974	2.295101	-1.006537	-0.169013	0.381114	1.633224	0.408359	-0.578093	2.734668	-0.274317	0.781305	-0.930899	0.647692
1.256410	-1.936075	-1.586226	-1.890959	0.909412	-0.243528	0.660715	0.834530	0.494676	-0.106165	0.505088	0.041228	-2.446422	0.719682	0.542191	0.426984	-0.236124	1.994841	0.604253	-1.142317	-1.607041	-0.765159	-0.564325	1.780430	-0.911642	1.769030	-0.796355	-1.932571	-0.163408	0.099217	0.522952	1.196478	-0.066390	-0.474931	0.591552	2.330969	-0.828913	0.567435	-0.060342	0.410165	-0.640089	-0.599676	0.961832	-0.396238	-1.892152	0.576089	0.654626	1.703902	-1.535082	2.721623
2.427275	2.574343	-3.368613	1.290360	2.100156	-0.800829	-0.392091	0.387390	0.148449	-0.306767	1.956143	-0.164383	0.393757	-1.438629	-1.240576	1.259199	1.328850	-1.138213	1.447297	-1.411139	-1.373032	-0.028373	1.550128	-1.279248	-0.435622	0.380723	-1.061863	0.063120	0.145181	-0.000910	-2.351111	0.431407	-2.150138	-1.700806	0.497652	-0.428087	0.317746	1.170297	0.763990	-0.281584	-1.530195	-1.347247	-0.042205	-1.006130	-1.957196	1.861907	-1.395100	1.170195	1.097603	1.893753
-0.863456	-1.176892	0.742170	0.212735	-0.636278	1.275169	-1.172026	2.022660	-0.061500	0.238649	-0.493115	0.823403	2.044513	-0.926837	-0.445857	0.626644	-0.673747	0.037865	-0.482853	-0.367328	-0.834790	0.489352	-1.122872	-0.028243	-0.152410	-2.498256	-0.387890	-1.275531	-0.531945	-0.364052	-1.174892	0.122094	-1.082190	0.100343	-1.604499	0.659775	-0.591489	0.137040	-0.142901	-0.683048	0.049565	-1.027412	-1.656666	-0.222205	0.403699	-0.213283	-0.492554	0.023556	-1.201781	-1.941989
-3.093668	0.500966	4.591529	-1.977202	0.075658	-2.045496	0.104799	0.634046	-0.069539	0.730085	1.594647	-0.494980	-0.947849	1.576715	0.990540	0.580432	0.952287	0.555161	-0.842334	1.178843	-2.669730	-1.011117	-0.775477	1.306997	1.677703	1.863568	4.042241	-0.228222	0.941887	0.238984	0.627802	-0.014398	1.753766	-1.404868	3.189843	0.766137	-0.364928	-0.419321	0.601314	0.282056	0.614445	2.453748	-0.678845	-1.507740	-1.093819	1.397506	2.340139	-1.039208	-2.295361	1.601645
-0.184101	1.035841	-0.174292	-0.898788	0.698497	-0.526544	-2.909280	-0.785303	-3.007796	-0.989028	0.408154	0.828007	-1.295815	-0.855418	1.660806	-1.330674	-1.510848	-1.345129	-3.190165	-1.237544	0.936756	0.461947	-1.898979	-0.210495	2.775370	0.041372	-0.277686	0.650364	-1.599771	0.183274	0.820239	-2.117058	-5.662127	0.702262	-1.084738	-0.275850	-0.613925	1.625593	-0.462146	-3.101069	-0.553316	-1.382730	-3.395226	-0.762067	0.988040	-1.518790	-1.641066	-1.016647	-0.108954	-0.618078
-1.845665	0.226047	1.323611	-1.082743	-0.950660	-1.555228	-0.481471	2.937368	-1.708909	0.640493	0.538168	-0.736198	2.187510	1.563213	1.862423	-0.569968	-1.396066	0.744600	-0.444733	-1.013725	-3.770761	1.957552	1.550388	1.618503	0.308826	0.688773	2.051614	-1.689682	-1.086598	-0.014578	1.651832	1.164231	-0.343749	-3.307964	0.912588	1.302692	1.012705	1.011475	-0.492115	0.269760	0.414019	0.974007	1.351960	-0.218836	-0.792579	0.708063	1.151651	-0.348775	-1.723409	2.722445
-1.104326	-2.209341	0.187647	-0.083057	-0.841878	0.340458	-0.111192	-0.121139	-0.790477	1.895813	0.070318	0.040592	0.834945	-0.259058	0.467644	-0.021102	0.499235	1.745864	0.240694	0.511214	-1.864031	1.756260	-0.921661	-0.631814	1.693070	0.469086	0.186848	-0.497477	2.973288	0.273404	0.187142	-1.783124	-1.381439	-0.313791	2.230182	0.333565	0.407299	1.109692	1.590286	0.023949	0.036023	0.468992	1.803248	-1.743727	-0.283754	0.639125	1.722752	1.038811	-0.900988	-1.739053
0.409684	-1.165903	-2.928675	0.066102	0.617835	-1.104807	-0.889533	-1.524849	2.685165	-0.881643	0.508457	0.627300	-1.271170	-0.757672	0.212784	-1.946646	-1.080008	1.321597	0.369937	-1.041476	-2.697388	-0.219805	1.141158	-1.767460	-1.317257	-1.205609	0.444343	-1.535289	0.324385	0.765330	-0.962682	0.337835	-0.466849	-1.724851	-0.125277	0.571000	1.769859	-1.957596	1.836090	0.992043	-0.568700	-1.587891	-0.747343	-0.923659	-2.508418	-0.128066	1.157392	0.736216	-0.391407	1.093116
-0.262630	-0.228294	-0.581804	-1.669572	-0.041626	0.272079	-0.353935	-0.935966	0.297813	0.439243	0.884080	0.063612	-2.158592	-1.739799	0.802010	1.697602	1.929949	2.438582	1.704876	-0.165613	0.706976	-1.754818	-0.002495	-1.433732	1.978058	0.279427	-0.415615	-0.321625	-0.022150	-1.038512	-2.397263	-1.472954	-0.569583	-1.309427	-0.106806	-0.567811	-1.445513	-0.019654	0.127343	1.759317	-0.617352	-1.851861	-2.740487	-0.194824	-2.098309	1.718163	2.179714	3.191796	-0.057689	0.113955
0.978947	1.758092	-0.177110	-1.060566	1.928989	-1.135461	-2.604040	-1.769939	-1.851565	-1.677520	-0.514844	0.430760	-1.208556	0.283126	1.474442	0.739029	1.582142	-2.040679	-1.291261	0.532896	4.337855	-0.434962	-0.197493	0.358750	1.475633	1.299133	0.244413	0.978912	-2.296206	-0.688752	-0.306070	-1.702440	-4.261895	1.199869	-1.180424	-2.726488	-0.778697	-0.632153	-2.208633	-0.761637	-1.335054	0.621888	0.243930	3.022208	3.375062	1.470790	-1.708598	-3.620921	0.133379	-0.224198
-0.156519	-1.192709	-0.367022	0.136632	-2.294845	-0.050567	-0.305112	0.298932	0.009291	-0.467215	0.279451	1.660709	-1.398588	1.862012	-0.636752	-0.335142	-3.122997	-0.246299	-0.701246	-0.365936	-1.609214	0.720891	-0.124124	0.878257	-2.318195	0.801775	-0.676718	-0.671407	1.108127	0.215563	0.946014	2.694699	1.342148	-1.060565	2.474528	1.579648	0.225106	-0.677489	0.743783	0.263138	0.917965	0.589536	-0.164987	0.560134	-1.966550	-1.077068	-0.335183	0.938961	0.031911	1.492371
-1.115208	-0.578955	1.516788	-1.709562	2.187650	-0.832712	-0.254625	1.409846	0.835049	1.014673	-0.043962	-1.078841	2.602956	0.044185	0.883309	-0.212672	3.408362	1.051755	1.570984	0.006006	-1.448509	0.946536	-1.969641	-0.445934	-1.517292	1.075630	1.195475	0.232648	0.537181	-1.679550	-0.957516	-0.146292	3.787921	2.209883	-0.412469	3.889505	-3.191572	-0.248719	-2.807837	0.002588	-0.495084	0.420607	0.411837	1.018516	2.071707	0.472677	1.116867	-1.165583	0.462636	1.421620
1.579605	0.131204	-2.448852	0.025950	-0.127879	-1.919227	-0.195545	-0.095698	-1.055492	-0.550043	-0.496972	0.243012	0.540010	2.177660	-1.052856	-3.635867	-0.840007	-1.285602	-2.647844	0.200293	0.936964	0.382232	0.080156	2.034177	-2.064933	-1.654325	0.985983	2.586313	-0.802547	-0.025146	1.855528	2.415035	0.447637	2.093014	3.653454	0.927016	1.841787	0.694131	-1.606914	1.629736	0.632813	0.108497	0.918772	0.966498	0.760942	-2.438418	-1.486997	-4.656076	3.225407	2.452633
-0.846215	-1.335131	0.472074	0.996693	0.193214	-0.335958	0.826906	-0.821058	0.954691	1.979780	-0.022413	1.888239	-1.093124	0.807397	-1.281941	1.267385	2.163983	1.605862	0.873598	2.344993	0.132487	-0.801300	-0.929962	0.655625	-1.870000	0.379800	0.675627	0.519167	2.252787	-1.528939	-1.149990	1.286888	0.345315	-0.411106	3.630009	-1.510474	-0.181410	-0.580791	-0.455234	0.461803	0.803659	-0.561390	0.780858	0.059362	-0.505514	1.815012	2.327047	-0.733553	-1.018949	1.227054
1.231864	-0.458253	-0.033047	0.059790	-0.128510	-0.426438	-0.719329	0.053985	-0.928792	-0.241609	0.236405	-0.406559	-2.788304	-0.707447	-0.541380	-0.387023	0.449406	0.264683	0.469305	-1.129661	-2.536461	-0.546975	-1.207953	-0.825008	-0.155190	-0.759292	0.441765	-1.407366	1.892495	-1.859371	0.285607	-0.230925	-1.357767	-0.290344	-0.655771	1.068432	-1.114265	-0.183923	-1.209286	-1.950964	-0.535994	-1.391018	0.248233	-1.784512	-1.253976	0.128347	-0.298765	0.351936	-0.876265	-1.883494
2.270127	-0.663456	-2.660927	-0.423869	0.639834	1.206721	-0.287470	-0.688002	-1.665946	1.852335	1.609284	0.653897	1.598453	-1.292722	-0.431038	1.322177	-1.170390	-3.399513	1.576574	0.043032	1.056293	0.657938	0.310030	0.439288	-1.112840	-0.992692	-1.748223	0.585464	1.083036	-0.596413	-0.245899	1.391176	-4.789183	0.007063	-0.034230	0.733899	0.259779	1.780586	0.427158	-1.552293	0.352182	-2.281500	-2.573877	1.407647	2.387603	1.504453	-2.490033	-0.692392	1.933091	1.159823
2.065007	0.875403	-0.662128	2.203946	0.538899	1.617536	-1.986559	-0.497251	-1.916217	-0.030726	0.405393	-0.843762	-1.068113	0.078812	-1.247696	4.667524	2.469158	2.131725	1.175486	-0.172746	1.514991	0.152030	1.285796	-0.246658	-0.587997	1.196117	-0.135046	0.015381	-0.261652	0.505199	-0.659528	0.114017	-0.860597	0.651957	-1.342236	0.205499	1.448395	1.488235	2.041373	-2.610519	-0.865168	-0.798674	0.389292	0.980577	1.324429	4.593656	0.236504	1.087885	0.404147	0.226616
-0.791045	1.395148	1.664385	1.216309	0.864451	-0.702803	0.309035	0.771709	0.465896	-1.835400	-0.629017	-0.519400	-0.595983	-0.984651	-1.294133	0.595817	-0.641570	0.239729	0.410021	-1.387751	0.683436	-0.502523	2.055238	-1.751845	1.894523	-1.225011	1.657072	-0.743604	0.831006	1.346741	0.220681	-1.992783	1.897942	0.065200	-0.348948	0.959467	2.697468	-1.434976	1.812130	-0.303890	-0.465796	-0.214743	0.346934	0.982993	0.232761	1.243660	0.436448	-0.988653	-1.602154	-0.115537
0.428046	-0.241360	0.067533	-0.920577	-0.108398	0.432473	-2.444907	0.124842	-3.888816	0.338143	3.362999	-0.493748	-1.885258	2.567095	0.691481	-1.785720	-2.486738	1.957165	-2.592141	-1.056061	-0.883519	1.629561	-0.090844	2.825430	-0.118683	-0.032057	-2.184678	-1.269294	-1.446575	0.364967	1.461182	2.413276	-3.379047	-1.330777	2.883498	1.689500	-2.034482	3.054894	-0.202178	-1.822892	-1.642675	1.531069	1.930265	1.490926	1.010079	-3.423828	0.460588	0.543034	0.971571	0.420077
-1.898876	1.354756	0.983716	1.778829	-1.666693	-0.398054	-0.969105	-0.200629	0.562890	2.916021	-2.657480	-1.479498	0.451504	0.397604	-0.263382	-2.460468	-1.407304	1.279940	-1.891092	1.034104	-1.643001	0.897239	0.775378	1.615277	0.804087	1.586614	-0.125266	-2.912031	2.144661	0.692988	0.160089	-1.425280	1.936997	-2.728990	-0.378579	-0.758060	0.507633	0.247789	0.636924	0.040486	-0.167190	0.803186	-0.751346	-1.805484	-2.181635	-0.316168	2.670760	-0.109356	-2.446297	0.481728
0.706239	-0.474610	0.438174	0.110371	0.465791	0.412179	-0.711892	-0.854425	1.018009	-0.584461	-1.608758	-1.251709	-0.841269	-0.111327	-1.053857	1.589551	0.654824	0.510450	2.837854	0.801704	2.446780	0.365345	-0.361271	1.047924	2.139358	0.104759	-1.434381	2.244869	-1.149906	-0.366332	-1.919971	-1.294570	1.216354	2.470213	-2.017499	-0.738715	-1.450203	-0.137162	-0.989339	0.579772	-0.117906	0.001977	-0.770814	0.907587	0.992845	1.511486	0.103164	0.263615	2.356886	0.620178
-1.005327	1.330102	-1.170143	-2.661542	0.160757	0.659999	1.138611	-1.218475	-0.509162	-0.792596	-2.105213	-0.941023	0.455334	-2.661674	0.949257	0.654412	-1.451504	-1.447554	0.329636	-0.094425	2.640947	-1.791389	-1.635463	-2.860518	-1.214617	-2.315229	-2.693895	0.467076	-0.870837	-0.100327	0.019697	-1.507321	1.361325	0.701936	-3.344473	-2.581998	-2.507572	0.167621	-0.839996	-0.675238	0.170981	-0.254242	-4.217878	0.660561	0.593731	0.197455	-1.392553	1.087541	0.479282	0.248849
-0.721956	0.315232	-1.769466	0.463680	0.186239	-0.748207	-1.472562	-1.774151	4.024650	-0.437039	-1.107117	0.994733	-3.173904	-1.373908	-0.555914	-2.129919	-3.072027	0.741212	-1.247278	1.152554	0.960040	-0.556000	0.005250	-0.908614	1.149165	0.529916	-0.889450	0.906830	2.421771	0.994097	-0.225758	-0.826791	3.686474	0.323990	-1.071096	-1.958915	0.643898	-2.451955	0.555171	2.413852	-1.124575	-1.409216	-0.505627	-0.685541	-3.112888	-2.790626	1.498208	1.624186	1.982657	-0.373981
-0.101795	1.359665	0.213685	-2.460139	-0.497981	-0.580411	1.306143	1.111307	0.880376	-2.057035	2.439031	0.887812	-1.507612	0.633680	0.781522	1.887153	0.127822	1.514189	0.991461	-0.730195	1.019353	-1.298634	-1.678637	0.477916	0.189258	-0.838517	-0.358480	1.377069	-1.597852	-0.812665	-0.708563	0.828902	0.555760	2.219791	0.861292	1.125999	-1.842728	-1.342680	-0.631403	2.725233	0.175397	0.251284	-0.850522	0.398054	-0.426107	2.010806	-0.081768	2.294459	2.089400	-2.016248
-1.090115	-0.159077	1.006441	2.065675	0.018790	-1.548761	1.777134	2.132400	3.475218	-1.114374	-0.503363	0.044663	0.963210	-0.967221	-1.687636	-1.070386	0.717823	-0.929017	0.097871	-0.886182	-1.271185	-1.255302	-0.575377	-2.339233	0.880715	0.228415	0.814440	-1.513133	1.660853	-1.087993	-2.577370	-0.988555	3.684047	-2.187025	0.420629	-0.849663	-0.106578	-2.888121	-0.184627	1.563238	0.125034	-0.618948	-0.886666	0.111422	-2.098259	-0.869676	-0.210396	-0.778291	-2.580153	-0.472544
-0.214270	-2.197272	0.812057	0.476608	-0.598713	0.564770	-0.921525	-0.111798	0.984646	-0.451804	0.039076	0.804010	-0.838738	1.000500	-0.849729	-1.934258	-0.620164	-0.928892	0.198559	0.413533	-0.851210	0.289208	-0.272379	0.684095	-0.790970	0.976375	-0.586949	-1.692702	-0.082612	0.869398	0.002490	0.379505	1.237842	-0.079902	-1.311755	1.056253	-0.270321	-1.521138	0.302107	-0.318180	-0.107463	0.674161	0.614670	0.917840	0.438461	0.257776	-0.407092	1.564020	-1.668703	-0.741225
-0.809484	0.491134	0.358389	0.349267	0.610120	-1.099272	-0.165004	-0.160472	0.999882	-0.413134	0.111840	-0.862509	-2.021220	0.090937	-0.394467	-2.540567	-2.473783	0.829136	-0.732876	0.055454	-0.328116	-0.653503	0.776662	-0.625835	-0.762048	1.836115	1.410362	1.087919	-0.313242	1.729061	-0.968857	0.418948	0.975247	-0.452808	0.245440	-0.052726	1.323661	-0.411251	3.123413	0.158322	0.271676	0.936625	-0.031584	-0.696180	-0.391889	-2.225926	1.411819	2.222198	0.957656	-0.072142
-0.564044	0.004246	-0.129713	2.393980	-0.093392	-1.750779	2.050178	1.306203	0.031100	-1.418446	1.015583	-0.612108	0.326408	-0.914385	-3.051777	0.827889	-0.334525	0.503517	1.368335	-1.156553	0.816514	-2.039055	-0.176219	-1.783607	-1.266853	-2.907029	2.190136	-0.555662	1.479866	-0.086547	-1.483403	0.819099	0.608360	0.677383	-1.922006	0.482382	1.318252	-1.192393	1.801905	-1.063040	1.168523	-0.371281	0.223877	1.092398	0.403153	-0.198277	0.192498	-0.009877	0.341739	-0.649312
-1.106680	0.884863	1.278820	-1.161552	-1.187986	-1.120866	-0.036585	-0.497576	0.268716	-0.838804	1.598790	-0.644736	-0.430855	0.659038	-0.785650	-0.814822	-1.869564	-2.083559	-0.485450	0.302271	1.361023	-0.714917	-0.947471	1.506176	-0.639184	-1.514022	-0.250705	0.539982	0.491897	-1.541717	0.463263	1.546236	-0.820427	1.143404	-0.698755	0.847162	-2.026075	-0.417835	-1.928036	-1.043349	0.848157	0.578431	1.686030	-0.717211	0.498159	-1.523903	-0.606789	-2.885210	0.089695	-0.173548
0.770752	1.999413	-0.223037	-0.640040	-0.731047	0.402577	-2.269919	0.768688	0.646778	-1.125059	1.060503	-1.813908	0.700120	-0.755879	1.771793	1.863683	0.814000	-0.644141	0.175149	-1.241602	-1.986216	1.553933	1.877920	-0.633473	-1.776092	0.144444	0.408762	-0.073557	-1.251735	0.234425	1.183982	1.293961	2.990249	0.169216	-1.550345	1.565986	0.378347	-1.195347	-0.492141	0.797257	0.122997	0.756742	-2.385814	-0.115901	-0.217585	1.192361	-0.688352	-0.409267	0.769692	-1.874121
-0.073755	0.681469	1.657906	-0.657963	-0.645084	-0.943014	0.508247	-0.403321	1.767620	0.371166	-2.721347	3.679757	-0.905883	2.145761	0.130643	1.687969	1.551685	3.608941	0.331099	1.736602	0.431765	0.083630	-1.599205	1.242724	-1.384026	-1.642234	1.289056	-0.088212	0.663775	-0.327571	-1.055903	0.391792	2.038262	-0.048591	0.968869	-3.243487	-1.427313	-0.392742	-0.929404	0.688686	0.369150	-0.383248	2.411449	-2.475545	-0.890061	1.319812	2.474416	-0.341094	-0.055675	-0.506557
0.160675	-1.349890	-0.053362	-0.363717	-1.935364	2.484206	0.103191	1.489490	1.294097	1.969840	-0.416625	-0.231381	-0.826272	-0.197232	-0.420306	2.393458	2.589974	1.738955	0.726291	-0.439734	-0.993907	0.914208	-1.992938	0.437619	1.823939	1.731123	-1.813628	-1.510409	0.924276	-0.081210	0.169054	-1.236549	-0.004403	-0.779666	-3.090808	0.485058	-1.775564	0.330966	1.585169	0.414825	0.355212	0.334307	3.221770	-0.499793	-3.008885	3.135558	0.808466	4.319152	-0.295730	1.996500
0.417339	-0.845970	-1.604075	-1.024522	1.061060	-1.513179	-2.329608	-0.121627	-1.077053	1.622248	-2.359775	0.114198	-2.563562	-0.094238	1.063053	1.243238	-0.961396	0.288627	1.402781	0.412158	1.365395	-0.322444	0.249837	0.470815	-0.153882	0.374521	0.699464	1.178041	-0.706465	1.440080	-1.706337	0.135817	1.322210	-0.278303	-0.118659	-1.861544	0.463226	1.621167	1.266783	0.219267	-1.551988	-0.383571	-0.530057	0.141595	-0.883480	0.612059	1.307509	0.453301	0.634168	-0.687253
-0.754572	0.546969	-1.739371	-1.071261	0.512560	-1.734916	2.287917	-3.188596	2.463617	-1.143304	-0.555734	-0.778184	-1.540083	-2.227801	-0.472478	-2.066348	-0.163247	1.395931	-2.886529	1.206634	0.966301	-2.584182	-1.255272	-0.778533	-0.040945	-1.133542	-0.106614	-0.308004	1.993411	-0.346141	2.796683	-0.207034	1.315938	0.615890	-2.303379	-0.186020	0.195320	-2.977479	-0.953253	1.251356	0.875724	-1.869044	-0.524788	-0.273836	-1.802261	-3.273047	1.248498	-0.840203	0.833206	-0.738950
0.038807	0.101703	2.000276	-2.250034	-0.116933	-0.381073	-0.107870	0.094889	-1.046628	1.122250	0.388550	-0.870119	-1.387927	0.816608	1.416404	2.344826	-1.492600	0.953200	0.500274	0.485862	0.422743	-0.758826	-2.496950	-0.122847	-1.462756	0.660483	0.514545	-0.332020	1.728152	-2.131580	-0.405211	1.085078	-1.644734	0.624684	0.215790	-0.433059	-2.211235	1.066549	-1.954225	-2.874703	0.499493	1.905157	1.313777	-0.587999	0.033529	-0.402953	0.707113	0.882769	-1.131500	-0.683530
2.145588	0.380068	-2.248741	-1.607683	-1.217869	-1.344729	0.980094	-0.262719	2.803195	-1.835936	-1.956834	1.241005	-2.229811	0.407811	0.173666	0.908419	0.614805	4.823799	-0.709280	0.407552	0.861570	-2.129483	-0.744978	-0.027676	-1.011217	-2.639716	-0.060589	-0.944236	-1.491114	-2.016610	0.693998	-0.132433	1.746465	0.274898	-1.495250	0.205425	-0.973583	-3.153098	-2.400451	1.853086	1.354549	-1.081545	0.329537	0.193530	-2.044945	0.337721	1.295426	-0.355522	0.425897	-2.574186
2.523078	1.282554	-2.729797	1.220383	-0.598623	-0.381811	-0.309545	1.494303	-0.304474	-1.534047	1.319603	-0.335699	0.347212	0.110063	0.057816	-0.149198	0.251283	1.067601	0.276032	-1.997816	-3.027647	0.344065	2.068075	-0.438075	1.373141	-0.853908	-0.459030	-0.666922	-0.725478	0.882653	0.132815	-0.634896	1.228158	-1.510973	1.556346	3.540232	1.750927	-0.281578	1.871556	-2.310144	-0.313614	1.018600	-0.781413	1.397931	-2.523958	0.831585	-0.936622	0.259446	0.801604	-1.593843
0.122848	0.965562	0.616357	-0.279595	-0.159239	-0.645064	0.192053	-0.490023	1.719822	1.140963	-0.353710	0.857126	-0.855969	-0.334916	0.056567	1.354224	-0.523291	-0.528198	-0.612889	1.295183	2.445434	-1.568082	-1.171841	-1.453150	-0.668021	0.990981	0.226344	0.454993	0.771634	-0.251954	0.624718	-0.812695	-2.400380	1.520180	-0.376292	-1.297411	-1.308120	-0.021164	-1.476121	-0.919710	0.193166	-1.415660	0.056960	-0.151330	0.088922	0.154731	0.395018	-1.320304	-1.149089	0.386067
2.565189	0.222952	-2.129558	-0.185192	1.107195	0.000453	-0.955289	-2.458765	1.689356	0.514478	-0.612665	-0.125344	0.039529	0.752667	1.507230	2.510840	0.458762	0.869832	0.656833	-0.211453	-3.826628	2.403018	0.084358	1.669853	-0.678328	-0.937135	-0.322601	-2.058462	2.123638	-0.314009	-1.512710	0.306991	1.823072	-3.613851	1.819428	0.492247	0.408169	-0.499270	0.396839	2.604794	-0.762193	0.029009	-0.229241	0.361653	-3.713824	3.005111	0.334658	0.192624	-0.235369	-0.109116
3.460912	-1.365766	-1.728340	0.590435	-0.221406	1.123550	-2.592572	-1.362497	-3.260879	2.834589	-1.027927	3.354332	-2.488530	1.757095	-0.591725	1.142032	0.565177	0.610064	-1.549609	0.579864	-0.194389	0.696115	-1.748204	1.914489	0.773615	2.558325	-1.825822	0.218484	2.671068	-0.124582	0.776997	0.335636	-4.393312	-0.813149	2.703781	-1.418176	-0.155788	4.173649	0.447331	-1.436256	-1.453902	-1.393803	0.937237	1.310498	0.827700	1.004441	-0.749788	0.915486	1.484578	0.424622
-0.456424	1.190847	1.039552	-1.302874	0.250740	1.095421	-0.852701	-2.317169	-0.428383	3.089750	1.442205	-2.123829	2.676788	1.633683	1.812841	1.716310	-0.199563	0.120597	0.399098	2.175163	0.452006	1.903090	-1.068104	1.485145	1.148802	2.131748	-2.443402	0.623820	1.517768	-0.718818	-0.592587	0.148732	1.941752	0.802574	-0.628860	-0.087374	-2.949987	1.634543	-1.776581	1.849474	0.040573	2.952332	1.219266	-1.430471	0.688188	1.839461	1.117014	0.406090	1.597407	-3.432988
0.387018	0.012274	-2.501168	1.545214	-0.226535	0.176016	-0.096130	-0.341837	-0.571310	-1.053259	0.429538	3.432802	-0.024773	-0.826989	-2.656462	-3.163357	-0.874153	-0.037470	-1.465953	-1.864944	-0.903875	-0.646585	-2.208741	-0.489946	-1.927196	-2.401000	-2.600265	1.416066	0.223133	0.109525	2.296679	0.179759	2.370978	0.679607	-0.501891	1.435976	-0.886276	0.484318	-1.072308	-1.241582	-0.383312	-2.846157	-0.756228	0.980605	1.578947	-2.804015	-1.338323	0.029660	1.639199	0.259129
0.568379	0.122048	-1.107128	0.745305	-0.182080	1.282652	1.700734	-1.177471	0.703295	-0.922046	-0.279869	1.448367	0.010895	0.100930	-0.453573	-0.717641	0.895158	-1.018878	-0.074218	0.588255	1.182940	0.126407	-1.398084	0.167669	-0.235458	-2.220525	-1.520121	2.396749	-0.367619	-0.366527	0.913089	0.589656	-2.682723	2.621312	-0.585768	0.796584	0.014762	-0.622602	-0.149344	-0.250728	0.482663	-1.467256	0.339187	0.704260	1.744333	-0.812115	-1.552594	0.059832	3.163241	-0.062359
0.177744	0.968158	0.523692	0.958165	-0.468610	0.213812	-0.282564	-0.444597	-1.755520	-1.806066	0.223736	-0.783215	-1.109638	-0.830303	0.101189	0.787002	1.302038	-1.618689	-0.125334	-0.284062	0.408839	-0.506446	-0.621028	0.302286	-0.897726	-2.087775	1.177241	-0.554372	1.334201	0.687915	-0.299233	0.570578	-2.541706	0.174903	-0.644540	-0.240157	2.205191	-0.158794	2.036719	-1.571816	0.225639	0.314346	-2.265660	1.198870	0.929018	-0.062663	-1.612002	0.128472	-1.791218	0.040049
0.501387	1.068423	-1.525186	1.340666	-0.842402	1.362761	1.698001	-3.057980	0.860993	0.912143	-3.072862	-1.785334	-0.034671	-1.758702	-0.639143	1.443372	1.419621	-2.828934	-0.567951	1.681350	2.715513	-0.798507	0.545433	-1.962450	0.167208	0.202465	-0.779276	2.938816	1.874120	0.554231	0.415024	-2.554607	-0.570653	3.866214	-0.388640	-1.580487	0.865020	-0.423096	0.646618	0.495883	0.811442	-0.529747	-3.732765	-1.334495	2.297699	0.899496	-1.098300	0.188433	2.317525	0.342993
-1.147319	0.249319	1.058977	-2.077124	1.151599	0.215638	-0.992484	0.354916	-0.531750	-0.359105	-1.630067	-1.071803	-1.005650	1.240250	1.258204	-2.894922	-0.634783	1.510082	-1.038943	0.395226	0.345159	-0.420960	0.083370	2.075352	-0.957631	-1.724679	1.828706	0.322626	-2.241818	0.599077	2.696262	0.645515	0.094695	0.067419	1.265645	1.853102	-0.681427	0.949654	-1.669334	0.353934	-0.326080	1.369967	1.002454	1.192637	1.211297	-2.078484	0.995084	-1.773882	0.054076	-0.486387
-0.647380	0.252761	0.941524	-0.158192	-1.954433	-0.125711	0.946399	0.266082	-0.583712	-0.129447	1.350535	0.397932	-0.771531	2.726674	0.266446	-1.849181	-1.765212	1.530323	0.488753	0.167450	0.780643	0.320369	1.804708	2.132488	-0.060544	-1.644572	0.543177	1.138245	0.580746	0.250070	-1.566406	1.285096	3.410789	0.962056	0.159724	1.405799	0.344670	0.255709	0.891713	-0.090302	0.968788	2.300806	2.998645	1.574632	0.538694	-0.643682	1.286551	0.839548	1.670861	-0.156565
