X19	X48	X40	X46	X44	X42	X20	X26	X28	X15	X1	X47	X4	X3	X31	X35	X17	X18	X27	X37	X5	X50	X16	X9	X24	X14	X6	X29	X34	X39	X38	X49	X32	X43	X30	X45	X41	X7	X11	X36	X13	X21	X23	X12	X25	X2	X8	X22	X33	X10
-1.010582	4.202513	2.669938	3.207761	0.408876	-0.202547	0.486429	-3.368659	0.530073	0.913864	0.471849	-0.601053	0.331290	1.146113	-0.065917	0.185614	-1.322811	-3.274498	-0.095416	0.182560	0.055871	0.000687	0.077248	-1.705083	-0.214946	1.629124	1.865709	-0.169925	1.149444	-1.151606	-0.232803	-1.787295	0.466596	-2.310113	1.286152	-1.440412	2.427918	2.206529	0.526263	-1.108314	-0.723656	0.319747	1.223103	-2.467709	-0.602240	-0.934594	0.084120	1.783490	0.010567	1.751528
0.316129	-0.482694	-2.340274	0.881081	-0.377659	1.519739	-1.140568	-1.836423	4.045940	1.374827	0.880465	0.252666	-0.698253	0.732078	0.547844	0.046321	0.695886	0.458850	-1.487203	-2.136958	-0.583697	-0.527397	-0.985980	2.090136	1.142188	0.084237	0.248485	-1.514705	2.199864	0.659029	0.663749	-1.607105	-1.740648	0.791292	2.074418	-1.379423	0.025254	-0.114017	-0.783938	-0.940604	1.551787	0.440389	0.299970	0.785422	0.861860	0.491936	-0.788534	-0.890082	0.433932	3.266306
1.018788	0.576271	0.893539	0.045776	-0.413147	1.563968	-0.253951	-2.021358	1.668454	2.873717	0.081350	-0.040046	-2.172798	0.982873	0.771082	0.779140	-0.703801	-0.889564	0.405769	-1.092900	-1.698281	-0.511134	1.243699	0.941463	1.192842	2.052953	0.873740	0.469720	1.401765	-1.687994	-1.884270	-0.307291	1.074519	-0.406910	1.775303	-0.601941	0.350995	-0.787089	1.163801	0.763244	-0.240558	1.233854	-0.401094	0.184587	-0.901109	0.890018	0.123984	0.913021	2.032720	-1.202886
0.479722	-0.924045	-0.038893	0.201185	-1.319832	2.410203	-1.236924	0.917921	0.577687	-2.755129	-0.554519	2.029787	-0.092636	1.422363	-1.191063	-1.504190	0.575898	0.504759	0.248353	0.112813	0.559570	-0.542561	-0.552991	0.075185	-0.509697	0.628369	-1.736695	1.053774	-0.683176	-1.377001	-0.698283	2.214213	0.509514	-0.636721	1.306953	-0.308333	-1.342713	0.025714	-2.475102	0.792458	-1.921509	0.564094	-2.146328	0.608680	0.904113	-0.768067	0.294742	0.183897	-1.737044	-2.082037
-0.191216	-2.153156	-1.229026	-1.238640	-0.476259	1.462150	0.441892	-0.088363	0.361175	-4.658396	-2.891206	-1.011531	2.109231	-0.958316	-0.914436	-0.416216	1.687748	1.675845	0.727939	0.761878	-0.623288	1.078931	0.321294	-0.065339	-2.242464	-0.537213	-2.193174	1.271477	-3.458436	2.920216	2.302476	1.807823	0.622145	0.423843	0.620962	0.209478	-2.551639	-0.659203	-0.635889	0.951064	-0.242497	0.978765	0.460473	-0.008862	1.116461	-0.837194	1.983607	-0.654052	-1.733087	0.896375
2.098278	-0.151770	-0.450295	-0.717357	0.716304	-1.594467	-1.470653	-0.546434	0.867715	0.058809	0.659263	0.183831	-1.908061	0.044389	-0.743616	-1.259477	0.481376	0.337625	1.161362	-3.044439	-0.061669	-0.565459	1.678233	5.442309	1.606231	1.068241	-0.888037	0.482034	0.815721	0.268063	-0.789146	-0.037220	-1.276389	2.750624	0.157162	1.230915	-1.354846	0.617147	0.554661	-0.403441	1.571493	0.000424	-0.151948	0.967338	-0.051008	1.132238	-0.640727	0.455837	-1.531243	0.485890
0.266939	-0.493115	2.341076	-1.324989	-0.153153	-1.174593	-0.160070	-1.261770	1.278051	-0.459124	1.785159	-1.054348	2.074623	0.044193	-0.724421	1.864459	1.945928	-0.456650	-0.359612	1.029138	0.752383	1.767835	1.747907	0.441440	0.085629	-1.543915	0.231697	0.965788	0.751460	0.158422	-0.076196	-1.975352	2.389282	0.048826	1.277407	-0.988568	-1.304466	2.091840	0.133260	1.158258	-0.189013	-0.093508	-0.266729	0.420094	-1.023975	-0.473343	1.464256	-2.535466	0.775057	2.238767
0.233911	-0.485360	-0.064748	0.325542	0.667358	1.180894	0.644670	2.451855	-0.491328	-1.713689	-0.295773	-0.095538	0.541970	-0.967973	0.721055	-1.113778	0.139237	2.511761	1.007626	2.555050	-1.027645	-0.521308	-0.751637	-1.934288	-1.600943	-1.094779	-0.979745	0.020665	-0.296715	-2.858638	-0.824935	0.831970	0.952977	-1.121594	0.959137	2.200753	-1.512803	0.265551	0.825095	-0.018839	1.340319	-0.128452	-2.122664	-1.849598	-1.283114	1.565806	0.178382	0.271481	-0.564470	-0.645970
3.335198	0.030037	1.415897	1.447275	0.924730	1.136369	1.099237	0.137955	-0.868092	0.515142	0.193555	-0.919960	1.359519	0.758196	0.101585	5.093840	-0.764278	-0.231131	3.248013	0.684697	1.359382	-0.407521	-0.968962	-0.473981	0.447819	-2.581768	1.885189	-0.267814	-0.890927	-1.526014	0.173016	-0.231696	0.168124	-1.626557	0.243843	1.640729	-0.488501	-0.187345	0.349770	1.653488	1.004227	0.851406	-0.506511	-0.710876	-0.834394	0.952841	0.014844	-2.165107	4.743663	-1.352469
1.877818	1.439829	-0.342314	1.369082	0.253250	1.815552	0.340552	0.655826	1.427975	1.531173	-1.383304	-0.298591	-0.019242	0.188267	1.814533	2.595143	-3.063699	0.660092	0.960118	-0.890305	-0.625957	-0.229172	1.001173	1.828309	2.858195	1.329109	-0.393137	-1.017005	1.429686	0.038616	0.242129	-0.132798	0.652719	0.784947	2.150904	-0.386924	-2.678698	-0.635742	1.029484	-0.637529	0.325332	-0.160498	0.112697	0.422953	-1.488500	1.102410	0.508851	-1.035405	1.374979	-1.337417
1.051310	-1.414744	-1.255679	-0.962587	-0.593053	2.210198	-0.781397	1.538203	-1.387841	0.280580	2.554820	0.648265	-3.326990	0.638597	1.171954	1.748357	-1.422013	1.208314	0.152671	0.007092	-0.208926	-0.568100	-0.207007	-0.533453	2.599841	0.265136	1.066412	-0.678684	1.002118	-1.223739	-3.440441	-1.110376	0.054034	0.361193	0.531700	-0.674839	0.674396	0.966695	0.709302	0.604195	0.673757	0.930594	-2.131644	2.951517	-0.672386	-0.284488	-0.136172	0.307292	1.251859	-1.254180
-1.914820	-1.249905	0.702107	-0.622736	-1.449019	-2.023936	-0.555780	0.120351	0.119767	2.423841	-0.790331	0.857709	3.233405	-0.354208	-0.107629	-0.925209	0.154394	1.851887	-0.440217	2.253770	0.233243	-1.314095	-0.211841	-2.814889	-0.298491	0.391876	-0.390391	-0.843123	-1.056546	-0.406989	2.894245	0.778374	-2.285655	-0.858018	-0.913949	0.779176	-0.549167	-1.733764	0.066600	-1.130281	1.664947	-1.848292	-0.042184	1.284715	1.606853	0.997606	-0.940310	0.532142	-1.737906	2.985694
1.847533	-0.321212	-1.257517	0.086813	1.361900	-0.674967	0.882709	-0.971395	-0.378756	-0.611129	0.001959	-1.074497	0.237112	1.500165	-0.751584	0.232757	-1.125102	-1.083803	0.963653	-0.992740	0.081513	-0.506720	-1.585003	-0.904675	0.438818	-0.439705	0.334210	-1.048056	0.713042	1.448018	0.227602	-1.325683	0.758801	-0.544177	0.946387	0.037008	0.072440	0.687269	-0.291013	0.226360	0.126004	0.480643	1.297327	1.345143	0.331371	0.642497	-1.701266	0.363035	0.258348	-0.113853
-0.611708	2.134180	0.001200	0.921136	-1.117423	0.350170	1.830804	-1.466114	0.451645	-0.708377	0.682617	1.428699	1.534604	-0.907206	-1.610943	-0.846147	0.484942	-2.064869	-0.317876	0.454017	1.889474	1.401581	-0.368298	0.186869	-0.438377	0.637521	0.728549	0.736461	0.001197	1.866786	-0.719890	-0.320751	0.981275	-0.608309	-1.199280	-1.588510	1.328533	2.000884	-0.550229	0.683985	2.202959	1.664575	0.762144	0.435744	1.225401	0.849671	1.461456	1.476056	-0.841901	-0.965451
1.116283	0.719715	0.348898	0.186818	0.417859	-0.475842	-1.676478	-1.172955	0.150251	0.895868	-1.155052	-1.100453	-1.396289	1.156053	-0.579218	2.256306	-0.296660	-1.929444	0.822651	-1.292598	0.858550	-0.334618	0.491259	0.392900	1.417245	0.440170	0.546278	0.403995	2.140849	-0.064807	0.425833	-1.374024	-0.395862	0.839354	-0.166715	-0.864188	-1.267757	-0.661547	-0.572593	-1.537907	-1.698667	-0.094444	-0.015688	0.300378	-0.113459	-1.489452	0.132342	-0.722882	1.756802	0.876011
0.970932	-1.057948	0.036904	-0.595172	-0.051952	0.148839	0.883697	2.259182	-1.579717	2.493599	1.609617	1.517903	-0.334406	0.842028	0.034212	0.046035	2.458364	1.005123	0.012045	-0.083390	-0.469617	0.932861	1.512379	-0.652801	-1.854206	1.730964	1.576301	-1.398674	1.631601	-0.910785	-0.384669	-0.249740	1.508254	-0.379811	0.362576	-1.203084	1.939590	0.919850	0.243948	0.284904	2.440169	-0.446763	0.857445	0.159603	-0.959791	2.374601	-0.289476	-0.400096	1.082073	0.459386
-0.469266	0.672172	-1.337245	0.746945	-0.873163	1.413637	-0.959188	0.533616	0.005143	-2.135940	-0.091221	0.624592	-0.253147	-1.906611	0.025336	-0.117967	-0.302916	0.855666	-1.264860	0.466218	1.724160	0.818119	1.034596	0.140101	1.851136	2.130399	-1.443756	1.388006	-0.296507	2.021816	-0.534314	0.468269	-0.784485	1.734168	-0.555993	2.245088	-0.241137	-0.048928	-3.235581	0.335085	-2.364217	1.401159	-0.758470	1.497317	2.196379	-3.130856	-0.355482	-0.246447	-0.748797	-0.950202
-1.269284	1.756796	1.312538	0.403166	-1.366960	2.864205	1.096649	0.414281	-3.253425	-2.533166	0.120352	0.635916	2.923732	1.568022	0.044856	-2.521385	1.329748	-1.244321	0.349737	-1.813566	1.744951	0.644225	1.054894	3.175853	0.158676	-0.468529	-0.909324	-0.823082	-1.609773	1.421689	1.427391	-0.069768	0.094735	3.163762	1.140225	1.179909	0.783967	-1.337630	0.374479	0.088984	-1.117710	-0.344597	1.435631	-2.430016	0.141370	1.161700	1.627462	1.882492	0.050914	-0.501904
0.761644	0.298461	-1.848824	-0.234420	-1.636326	0.381460	-0.030723	1.704600	-2.821066	-1.053329	-2.435823	0.569651	-0.870605	0.014722	0.538217	-1.030864	0.169501	1.036343	3.077865	0.716282	-2.266136	2.120925	0.849421	-2.526527	-1.010576	-1.260652	-0.122270	-0.014719	-2.704013	2.816291	1.005250	2.247386	0.528739	0.974144	-2.034758	0.677942	0.355171	-2.165443	1.239568	0.459851	-1.278908	0.357123	0.617882	0.199799	-0.360391	0.318840	0.190332	0.196844	-0.064593	-1.987144
4.761563	-2.353842	0.588615	-1.758781	2.515747	1.771502	-2.339832	0.171093	-0.550426	-0.665502	-1.215150	-3.327083	1.471144	-0.062368	0.939710	2.269179	-0.166443	-1.227249	-0.026063	0.231242	0.576700	-0.007186	0.130583	-0.841004	-1.545152	1.204551	-1.729271	-1.006409	-1.457249	0.864230	0.651350	-0.224327	-0.482661	-0.910668	0.381665	0.768775	-4.213386	-0.011587	2.848011	0.055411	-0.765795	-0.901897	-1.784853	-0.434846	-0.814200	0.359652	-1.697844	-2.176790	1.447108	-0.295372
-1.742658	1.201256	2.882721	0.497418	0.417355	0.142344	-0.860903	1.512831	0.535336	-0.149681	-0.158771	-0.835762	2.466383	1.469948	0.435604	-0.569799	-0.593997	0.555919	0.675013	0.613566	1.420742	-2.335879	0.593076	-3.358118	-0.737201	-0.128261	1.737444	-0.068624	-1.514836	-1.983979	1.929732	0.937107	-2.932781	-1.946947	1.037476	0.852484	3.109075	1.006436	0.140854	0.045069	-2.289872	0.073173	0.735502	-0.714273	0.362405	-1.712367	-2.973108	1.110626	0.292377	-1.460559
0.220094	1.724169	1.211229	1.353126	-0.804491	-0.669655	0.096086	-0.325066	1.783312	-0.214137	-1.653827	0.924442	-0.682367	-0.691032	-0.300627	-1.338433	-1.611451	-2.509329	0.860771	-0.387652	-0.664090	-0.239414	-1.114313	-0.276092	0.677534	-1.630045	-0.708290	-0.388431	-0.451724	-2.335434	0.495947	0.602650	0.306169	-0.693224	-2.131478	-0.652777	2.150344	0.441714	2.600337	0.141739	-0.017084	0.046852	0.592983	-0.651412	-1.287539	0.427024	-1.770514	0.535971	-0.297468	-0.868539
-0.992134	1.514404	1.202974	0.197929	-2.416517	1.701661	1.622003	0.145160	0.901590	2.876359	-1.409902	-0.342508	-1.383183	0.876480	-2.122987	-1.396998	1.382395	-1.630932	0.960409	0.232112	-0.633747	-0.878716	-0.443961	-1.837900	-0.933509	-1.405758	3.146137	-0.718747	1.002169	-2.226791	-0.587310	-0.513337	-0.233821	-2.035943	0.786488	-0.065181	3.283772	-0.924429	-0.349690	-0.695139	-1.837475	0.729012	0.786651	0.403573	1.597466	0.286084	0.021130	0.716294	1.104129	-0.731454
-1.837533	1.131286	0.771585	1.508838	-2.068209	-1.798129	0.010489	-0.121854	0.822138	1.757609	0.981627	0.392576	1.871270	1.379920	-2.297889	-2.012128	2.745031	1.456330	0.753678	-0.144924	0.769006	0.035250	-1.185136	0.484647	0.114392	-1.222884	0.688071	0.096530	-1.095399	-0.715468	0.991128	-0.093811	-0.213353	1.438060	-2.075328	1.247826	2.776170	-2.350018	-1.355437	0.595909	-0.577412	1.939124	-0.153643	-1.606280	1.508348	-0.467258	0.599858	1.211847	-1.552021	2.660770
0.123256	0.838343	0.660659	0.405616	0.241019	1.384415	-1.224063	-0.454873	0.955817	0.945316	-1.173678	-0.816484	0.302885	0.028626	1.398844	0.699648	0.265940	-0.106554	2.605409	-0.454772	-0.134297	-0.597422	0.349304	0.068261	0.033420	-1.395805	-0.172916	-0.275729	-0.181309	-1.617892	0.468404	0.388908	-0.198900	0.502378	1.041259	-0.356534	0.479191	-1.148754	1.879535	0.248895	-0.781815	-0.041999	-0.201881	-1.525019	-0.697346	-1.257396	-1.853554	-0.082170	-0.101222	-0.380441
1.731067	0.077651	1.536355	-0.271019	-1.176419	-2.420205	-1.480409	-0.303709	2.573671	0.434283	0.362345	-0.037155	1.482193	1.492551	-0.149973	-2.475370	1.004995	-0.602236	0.214657	0.507700	-0.246375	0.971451	-0.373371	0.835271	-0.213761	-2.453921	-0.184941	-1.432930	-2.206631	-0.885071	0.007969	0.915870	-0.394466	1.185569	-2.992769	0.628143	1.107096	-2.262040	1.078570	1.023565	1.400796	0.964077	-2.168059	1.372797	0.167836	0.529436	-0.203381	2.568691	-0.732562	0.332722
-1.221536	-0.209209	-0.192772	1.425486	0.721742	0.686113	2.485289	-0.335926	0.465410	0.986028	-0.573643	-0.595675	0.982801	1.230274	1.668870	0.432163	-2.469630	2.129697	-1.301615	-0.786246	-1.889115	-1.312595	-0.806533	-0.248616	1.740529	0.094435	0.452044	-0.913782	0.581157	-0.233439	0.961978	0.346959	-0.900387	-0.655967	1.798973	-1.728559	1.457026	0.570519	0.796307	0.023598	2.908842	2.615909	0.781446	-0.142464	0.838364	2.598677	-1.167259	1.041416	0.678221	1.210101
1.629700	-1.725283	-1.816728	-0.417188	0.084488	-0.416720	1.755671	-1.238141	0.223674	-1.902886	-0.688807	-0.962802	-1.706804	-1.455452	-0.452013	-1.059234	1.502952	0.916300	-0.692678	0.265894	-1.249833	-0.720320	-0.273443	-1.597927	-1.830242	0.001782	-2.781049	-0.426080	0.341675	0.275167	0.159835	-0.323201	-0.641564	-0.186559	1.102542	0.156683	-1.529947	-2.126200	1.424014	-0.011191	0.411323	0.979410	1.035438	-0.141075	-0.273929	-0.276794	-1.153579	-1.038854	-1.565049	4.028910
-1.871386	1.625989	1.446879	0.431726	2.145980	1.319521	-1.672766	0.433683	-1.648188	1.336899	1.164897	0.239113	1.089092	-0.713131	-1.153718	1.270232	1.625468	1.048930	-1.534772	1.248545	0.642849	-0.671496	1.760855	-0.592649	-1.774497	1.978987	0.170032	0.594747	1.376370	1.022305	-0.209335	-0.404338	-1.365863	-1.423826	0.975700	-0.493712	-0.794139	1.172428	-1.285048	-0.753977	-0.629305	-0.744120	-1.035891	-1.423618	1.060529	0.981269	-0.439155	-2.322053	0.015925	0.171812
3.234216	-4.851237	-2.207571	-2.158973	0.741580	-0.032192	1.214781	0.700081	-0.195739	-0.526066	-1.140824	0.023592	1.384503	-0.397211	1.470580	2.930136	-1.434703	1.923906	2.098859	-0.319282	0.459534	-0.993991	-0.743440	0.922537	0.793520	0.274061	0.879576	1.154740	-0.628546	2.358433	1.014893	0.955687	-1.128219	-0.954110	0.739954	-1.978631	-0.140022	1.117222	-0.958726	0.037067	-2.271730	1.354475	0.255237	2.466792	1.699720	-1.044387	0.168982	-0.775211	2.486800	0.202627
1.144196	-0.038650	-0.434395	-0.344457	-0.172281	-1.128682	-1.944948	-1.521296	1.638995	2.300594	-1.456703	-1.223053	0.553173	1.941811	-0.658495	3.584702	1.026352	-1.616036	-0.129444	0.577691	0.416475	0.858572	-0.777208	-2.410553	-0.809697	-0.104359	3.777804	0.700673	-0.139716	1.617572	2.268785	-0.520131	0.524734	0.742569	-2.846256	0.546733	1.598785	-1.466741	0.485161	-0.707746	-0.469475	0.321304	0.308291	-2.096502	-0.054989	0.814234	1.753127	-0.118396	4.979960	2.923456
-2.058057	-0.338554	0.667872	-2.030891	0.109956	-2.483698	0.615553	-0.805352	3.252953	1.360145	-1.909799	0.366291	-0.900353	0.904517	-0.259720	-0.534032	1.283806	0.022528	0.121230	-2.358568	-1.067927	-0.097525	-0.240383	0.423521	-1.007802	-1.835667	0.161498	-0.271146	-0.710996	-0.937849	0.304596	0.820928	-1.031790	0.470138	-1.756848	0.900275	1.747446	0.588281	-1.780866	-0.938615	-1.232491	1.233422	0.276639	1.344916	0.641932	-1.227504	-3.697878	-0.363138	-0.916168	-0.013823
0.254667	-0.635799	0.485538	0.770969	-0.179925	3.383292	-0.204706	0.352901	3.341635	0.386850	-0.061126	-0.857940	0.744013	1.374402	1.545485	1.051183	-0.402802	0.962981	1.657496	0.864528	0.001328	-2.286859	-1.575774	-2.286522	-1.307835	0.508199	1.239310	-0.460162	-0.004444	-1.026523	1.397276	-0.079023	-0.267584	-1.491488	2.569456	0.385578	-0.121442	1.456930	1.685352	-0.124779	0.023688	-0.126032	0.131545	-3.382473	-0.524430	-0.150036	-0.253079	-1.664700	1.335984	0.737349
-0.689970	1.276254	0.021383	2.562846	1.170166	-1.274733	-0.151807	-1.653423	1.329878	0.105456	-1.102790	-3.131700	-0.810819	0.706365	0.283747	-1.945949	-0.652787	1.532750	-1.641116	-1.800726	-1.660106	-1.803966	-0.916956	1.566316	1.572787	0.337652	-0.331056	-1.333238	0.255474	-2.424509	0.190271	-1.936641	-2.542121	2.045942	-0.864431	-1.749463	-0.306194	-2.526125	-2.758344	-1.739893	1.314364	-0.154941	-1.750877	-2.250176	1.963194	-0.014489	-0.546093	0.418784	-0.406109	1.537032
0.023392	-1.009745	0.677644	-1.466001	-0.555573	-2.935151	0.004034	-1.407651	1.963349	-1.587892	0.630249	1.223080	0.962021	-0.954260	-0.457440	-2.818962	2.039740	-2.253422	-0.270842	1.053407	1.038145	1.989371	0.928757	1.098744	-2.665355	0.273119	-2.881304	0.387683	-1.655415	1.330725	-0.827350	0.528165	0.555471	-1.009245	-2.322282	-1.310654	-0.578103	3.318263	0.612135	0.410724	1.271135	-1.049826	-0.755872	-0.181469	-0.460014	0.496463	2.192446	0.047233	-3.028282	-0.442264
-0.342012	-1.300774	-2.387487	0.314841	-0.356579	-0.279847	1.168055	0.791629	-2.600760	0.316455	-0.371183	0.291775	0.842253	-0.434378	-0.445399	0.560502	-0.990655	1.086521	-0.643135	-0.566690	0.405568	1.469631	-1.344383	2.039549	1.668422	0.498146	2.798159	-0.058262	0.970502	2.292656	1.072745	-1.169114	2.768423	-0.068011	1.197835	-2.117864	2.366000	-0.319805	1.628576	-0.513198	1.049454	-0.433873	1.264189	2.250944	-0.972835	1.508200	2.195624	1.057845	1.588378	0.002777
-0.625119	-2.789437	-1.247350	-2.959841	-0.257875	0.168081	0.530803	0.629236	-1.547744	2.150231	-1.437560	0.009199	1.102470	-0.502704	-0.736472	1.219178	2.277413	2.931340	1.278628	1.181858	0.285456	-1.076418	-1.404215	-0.517346	-1.398782	0.091355	1.556177	-0.779673	1.563848	0.188781	1.837007	-0.728112	-1.290245	-0.080635	1.260317	-2.899443	1.932016	-1.727451	3.240251	-0.742751	1.290517	2.533622	-0.337418	1.974046	0.108947	0.069247	-0.088517	-0.109040	0.418283	0.272909
-0.895533	2.636010	0.488661	2.117010	-0.769365	1.827270	0.710793	-0.591765	-0.655961	0.462294	0.883658	0.637488	-0.483152	-1.369653	1.144922	-1.066027	-1.217816	0.905371	-0.370505	-0.200374	1.575554	-0.685267	0.809257	-0.277572	0.572207	1.055407	-2.646306	-0.188816	2.891598	-1.558884	-0.937500	-1.275059	-0.567640	-1.655874	1.715411	-0.365020	-1.125685	2.842082	-0.579166	-0.480476	-1.017224	0.254048	-0.660399	-0.316111	-0.203188	-2.297635	-1.747135	-1.134843	-1.739293	0.823134
-2.271826	0.154538	-2.036160	-0.187044	-1.222754	-1.076881	-0.233559	-1.337780	0.096737	-0.802489	1.522643	2.047919	-2.113249	0.240122	0.401713	-0.090705	-0.161525	1.348049	0.106014	0.610695	-1.257877	1.271438	0.058664	-0.236286	-0.431383	-0.538342	0.984064	1.374847	-0.172449	0.667206	-1.734488	0.987651	1.484746	-1.545741	-1.031469	0.243682	1.692701	1.122554	-1.572649	0.632776	1.971583	-0.945532	-0.443650	-0.398578	-0.384970	-1.155471	1.683178	1.052904	0.489818	1.702092
-0.789727	0.663858	1.767029	0.056179	0.120266	-0.206501	0.275657	1.115025	-0.346442	-3.237125	-0.563969	0.446851	1.773378	-0.860640	-0.218820	-3.559570	0.136057	1.231639	0.412976	1.289374	0.327492	-0.353533	0.593003	-0.716548	-0.795085	-1.376348	-4.874488	1.633731	-2.345142	-1.598336	0.194852	0.680347	-0.590820	0.867471	-1.609842	-2.570528	-2.628133	-2.142772	-3.995429	0.347654	0.445615	-1.461742	-0.812323	-0.706564	1.117847	-0.143378	1.342145	1.296630	-4.612095	0.120294
1.772569	-1.339356	-1.650325	-0.954389	-1.823207	-0.023952	0.024031	0.629707	-0.210770	2.437733	0.779435	1.293387	-2.800011	-0.010726	-0.560281	1.489549	1.374864	1.343182	0.381788	-1.056353	-1.049735	1.033459	1.808570	0.575121	-1.197511	0.695996	1.509797	1.273830	0.610043	1.241362	-1.798867	-0.088903	1.591910	1.573653	-0.041462	0.176888	1.414027	-0.492215	0.018148	-0.112243	1.656959	0.306515	0.652898	1.157662	-0.422076	0.600171	1.599575	0.815734	1.552947	-0.598645
-1.986253	2.012602	0.948418	1.175616	0.124313	-1.972880	-0.420212	-0.372324	0.021115	-1.725540	0.478478	0.422978	-3.923614	-0.301879	1.146093	-2.492111	-1.377809	-1.089831	-2.007385	-1.558069	-0.867994	0.683364	0.416015	-1.621137	1.113760	1.770259	-4.299102	0.345668	1.243588	-1.812303	-1.523700	0.010998	0.755969	-0.914208	-1.415700	-0.792442	-1.812263	0.833353	-3.418158	-0.952365	-3.007106	-1.156675	1.515880	-1.563242	0.663450	-1.766274	-0.117916	0.843738	-4.077937	-0.518837
-1.720383	-0.848726	2.696123	-3.092130	-0.514063	-0.394260	0.949802	0.354458	-2.774593	-1.094386	1.546918	0.457526	1.459559	-1.949434	0.148212	-5.603441	0.577306	-1.464091	-0.676580	2.048484	-0.527472	1.359103	1.090969	-1.235461	-1.905893	1.184745	-1.063332	0.135322	-1.170559	-1.160508	0.135993	0.328309	1.640158	-1.614344	-1.185209	-0.652746	0.113119	0.867806	0.112661	0.498046	3.197811	-0.280985	1.377404	3.320154	-0.040314	1.831225	2.346155	2.155227	-4.496735	-1.614194
-1.072685	-0.073782	1.608773	0.658202	-1.033609	1.638674	1.051538	1.803951	1.102385	-0.119662	1.099672	0.351530	-0.970625	1.313954	1.889695	-0.308806	-0.191754	0.725069	-0.447435	-1.821009	-0.033769	-0.717489	-0.614134	-1.139442	-0.182892	-0.733152	1.128726	-1.094263	0.719572	-2.820356	-0.650893	-0.094136	0.088780	-1.164296	-0.172667	-1.199522	0.042893	-0.951013	0.874511	-0.123788	2.052821	-0.356362	1.248898	-0.496157	-0.807265	1.231448	-3.416198	1.446694	0.437255	-1.026059
0.373160	1.679927	0.167539	1.466209	-1.788616	-0.070743	-0.408438	-1.099307	-0.082978	0.127170	-1.853277	-0.289626	0.801786	-1.295876	1.856675	-0.982762	-0.970649	-0.718376	-0.954409	-1.413124	-0.688293	0.662760	0.163562	2.854909	2.152945	-0.172616	-0.230225	-0.376317	-0.536390	0.608498	1.660918	1.250784	1.020785	1.153663	0.403386	-1.155431	0.775699	-0.830314	0.307176	-1.038587	0.637638	-0.318573	0.729843	-2.251496	-0.694191	-0.219513	0.609018	2.089579	1.059189	-0.913975
1.193996	0.498238	-1.006355	0.198510	0.090293	-1.801462	-2.329436	-0.597149	-3.323009	-2.049346	-4.926661	-1.321150	-0.485042	-2.184182	-1.133001	0.077121	0.180614	-0.745817	0.594352	0.178718	-1.647303	0.578129	-2.171846	0.599899	-0.100667	-2.823835	-0.992574	-0.419232	-1.359665	1.674117	2.520929	1.496477	0.688920	2.090009	-0.901813	0.239559	0.055494	-3.443297	0.259498	-1.082841	-1.722426	-1.964122	-1.878482	1.569233	-0.240781	-0.807839	0.453246	-0.479108	0.177600	1.003958
-0.189230	1.999201	0.376674	1.244506	-2.704624	1.338135	-0.780614	0.328574	0.246475	0.322878	-1.149537	1.302184	-1.444666	2.573536	-0.250513	-1.339436	-0.417426	-3.454089	0.542719	-0.524079	-1.414195	0.418573	-1.854535	-1.143401	0.247334	-1.334904	1.623199	-1.255591	0.604729	-0.661863	-0.160170	0.521212	2.566190	-0.896823	0.676922	-2.919822	3.032257	-0.132564	1.170864	0.272714	0.129792	1.211870	0.034608	-0.355781	-1.597968	0.125506	0.706217	1.482744	0.840838	-2.671929
-1.249658	2.306743	3.355134	1.348328	1.475439	-0.432391	0.044176	-0.910411	2.422284	0.732806	-1.004780	-1.059928	1.445688	-0.237970	0.816663	1.504173	-2.084482	-0.834458	0.977294	-1.052349	-1.267452	-1.025217	0.649403	2.174782	1.511008	-0.632123	-0.980914	-0.208553	-1.053015	-1.920536	0.961886	0.553940	-0.986529	2.548116	-0.488303	0.299199	-3.397046	-2.097313	0.891452	0.351436	0.613857	-0.601176	0.400906	-0.090559	-0.975253	0.141012	-2.050379	-2.520778	-0.843862	0.788026
0.575108	-1.152598	1.361669	-1.302498	-1.702152	1.311744	-0.615551	1.586972	1.552217	-0.823670	-1.913997	1.609355	0.991315	-0.949512	0.079819	-2.009822	0.835112	0.147744	0.969160	1.045498	-0.041011	-0.355975	0.646845	-0.827667	-0.968237	-1.352108	0.864210	-1.654110	-0.481807	-1.047215	1.061846	2.426357	0.126175	1.649868	0.594966	0.862612	2.075278	-0.969235	1.281921	-1.332615	1.721194	-1.574057	-0.211724	2.031130	-0.515311	1.543539	0.440711	3.291693	0.613879	-2.864033
-1.569467	0.635762	0.060424	0.628130	-2.131652	0.852318	-0.526701	-0.276998	0.567529	-2.204200	1.609571	0.757498	-0.270201	-1.394792	0.275164	-3.449372	-0.114509	1.117442	-0.377020	-1.955929	1.292587	-1.770566	-0.830753	1.261402	-0.230868	-1.306731	-1.048010	-1.716422	0.499011	-1.093034	-0.049160	0.033092	-1.773256	0.390401	1.822616	-0.818413	0.571161	0.429330	0.123582	-0.118116	-1.177031	-0.579229	-0.602711	-0.266138	-1.443214	-0.871613	-4.781729	1.016111	-2.627578	1.277561
1.247118	1.137567	-0.759079	1.145594	-0.448669	-3.739248	-0.170128	-1.409915	2.655053	1.749889	-0.844944	-1.010394	-1.884599	-0.099548	-0.288353	-0.277674	-1.801829	-1.738871	-1.719178	0.295630	-0.752745	1.340565	1.149227	-0.781665	1.909178	2.378658	1.257365	0.560863	1.212024	1.801426	-1.082161	-1.112863	0.999619	-0.538151	-2.001847	0.929980	1.540889	0.078002	0.382939	-0.031684	-0.876023	0.372070	-0.804356	0.587057	-1.817950	-0.783740	0.554394	0.796039	1.518741	2.101567
0.001995	-0.013658	-0.203284	-0.453859	-0.033761	0.624562	1.194767	-1.259886	1.479794	1.378293	1.518140	1.125741	1.249434	-0.307970	-2.755293	-0.256422	2.203320	0.430395	-0.150408	2.030219	0.844281	1.563024	-0.764039	-0.443522	-2.007185	-0.838856	0.670294	0.854655	0.583556	1.382388	0.407608	-1.459811	2.333279	-0.364206	-0.122378	-1.060040	0.554534	0.327488	1.606679	1.223022	1.061619	1.716185	1.124014	-0.280446	-1.104556	0.387502	2.062864	-1.333963	1.063428	1.727041
1.989079	-3.384141	0.023496	-2.148859	-0.254652	1.098494	-0.615067	-0.525229	1.041890	3.305027	0.155501	0.072745	-0.057873	3.560663	-2.264966	0.812797	2.883395	0.665934	-0.503031	-0.021260	0.903860	-1.751604	-0.575026	-0.931281	-3.000754	2.984967	2.185140	2.130766	2.255917	-1.292334	-0.687897	-1.504246	-0.912880	-1.841022	1.569787	0.811474	1.722168	3.180377	2.212310	-0.590721	-1.984191	-0.361938	-1.901733	-0.917782	0.516872	-2.613779	0.087692	0.627548	1.078595	-0.467182
-1.149565	-1.154891	-0.300929	-1.300142	0.147816	-2.518512	-1.185710	0.860417	1.422871	0.248686	0.560133	-0.368768	0.425904	-0.402167	-0.150880	-1.117302	-2.069637	0.377451	-1.907030	1.061006	0.368262	-1.041000	-0.877598	-1.940147	0.818108	0.800571	-0.160480	0.296145	0.026611	-0.852868	0.799762	-0.557229	-1.843574	-0.916290	-1.860283	-0.626738	1.549203	1.736037	-1.368579	0.044732	-0.936715	0.577911	0.352477	2.774247	-0.540722	-0.712558	-1.208755	0.312305	-0.822542	-0.010519
0.686629	0.866187	1.000329	0.300143	2.301539	-3.039863	-0.632070	0.132356	-0.714823	0.246773	0.268032	-1.868350	1.716731	-1.448149	-1.092405	2.602529	0.709718	0.311539	0.340639	0.349587	0.328866	0.762986	0.632853	-0.470234	0.069831	-0.269994	-0.512366	-0.362183	-1.796353	0.278908	0.369526	-0.693897	-1.380387	1.106842	-3.755233	1.097069	-2.798631	0.892731	-1.448311	0.703275	2.475139	-0.473890	-0.143643	0.834907	0.372183	0.432549	-2.203847	-2.934522	1.135329	-0.908339
2.078612	-1.100118	-1.567959	0.403640	0.476380	2.109811	0.303455	0.397032	1.397003	-1.084455	0.351313	-0.528124	1.634027	-0.503218	-0.359682	1.400888	0.719454	1.198588	0.916029	0.415577	-0.955531	0.628650	0.535418	1.054630	0.242631	2.064668	-0.318553	-0.282886	-1.156728	2.618233	1.043134	-0.005943	0.835766	-2.035937	1.471453	-0.094771	-0.604413	2.286613	-0.688500	1.002662	5.075884	0.937070	1.509824	-1.278162	0.117726	2.351342	2.235845	-1.303070	1.146822	0.345391
-0.784221	-0.136606	1.423201	-0.791345	0.867988	2.217746	-0.176300	-1.029839	2.240928	1.654203	1.286147	-0.881067	0.341585	-0.126674	1.625956	-4.154943	-1.796992	0.052641	-0.388712	-1.076266	1.399310	-1.154098	0.539016	1.306890	1.992677	-1.130011	-0.129182	0.250040	1.718573	-0.918207	-0.710306	-0.672986	-1.455915	-1.097070	0.738155	1.295711	0.149563	0.809076	-0.828764	-0.419203	1.521888	0.714383	-0.575763	1.022710	0.748087	0.414068	-2.477992	2.059061	-2.361271	0.983945
-0.824207	-0.433790	0.459139	-0.084364	-0.871315	-2.946783	0.362291	-0.484578	1.242129	-1.437720	-0.227163	0.264736	0.401074	-0.546474	-1.291599	-1.396181	0.744263	-0.969087	0.618855	0.978597	0.466224	1.051739	-1.521575	-2.151816	-1.743620	-0.485819	-1.832038	-0.157252	-2.013043	-0.920236	0.627687	1.102926	1.053996	-0.758824	-3.104495	-0.006905	-1.106304	-2.936237	1.198277	0.770293	-1.245242	-0.785015	1.094500	-1.542762	-1.677694	-0.496587	-1.167867	-0.883120	-1.310079	-1.700093
0.221809	-0.201288	-2.646597	-0.633712	-1.106658	-1.136579	-0.167858	-1.064936	-0.466715	0.106720	-2.120013	0.177084	-0.988538	2.608970	0.764938	-0.211613	0.354390	2.032519	1.498527	-2.345492	0.296084	0.330740	0.459966	0.767978	-0.996235	-1.780883	0.628773	0.428564	-0.672632	1.389923	1.495249	0.881021	0.053506	0.558005	-0.440506	-0.391318	1.283085	-1.346100	-2.342502	-0.821217	-0.238374	0.332957	0.890720	-0.456115	0.224817	-0.472044	-0.447209	0.668711	0.706240	0.286671
-0.067413	0.439338	0.549555	-0.245920	1.523976	-0.099374	-0.152177	-1.484831	-1.382747	0.699795	-0.114783	-1.483441	-1.681258	-0.839130	-0.499092	1.744162	-0.510904	-1.917217	-1.967422	-0.805019	-0.898710	-1.972044	-1.746035	0.708020	1.453386	1.338660	0.280650	-0.078834	0.828698	-2.174749	-0.814284	-0.726306	-1.933957	0.780332	-0.650766	0.648842	-0.370725	1.267794	-0.285435	-0.955072	-0.492837	-0.270168	-0.675533	2.771980	0.118504	0.101987	-0.878942	-0.659883	1.281115	0.767184
0.416126	3.416201	-0.225788	3.182045	1.720816	0.368510	-0.044566	-1.024413	0.730053	2.536462	0.980139	-1.226621	-1.205386	1.294424	0.339759	2.104314	-1.120373	-0.184150	-0.346899	-1.503683	-0.484231	0.496048	0.292842	1.655903	3.022001	0.387443	2.733024	-1.318693	1.602328	0.305279	-1.331392	-0.796711	1.574813	-1.030593	0.933950	1.668034	2.356643	1.955567	-0.299011	0.356229	3.194173	0.365763	-0.249246	-0.668465	-0.081492	1.552593	0.623026	-0.551426	3.194388	1.155374
1.746452	-1.443131	-1.684701	0.508353	0.776494	0.693940	-0.991754	0.349297	-0.706148	1.742098	1.783436	0.787343	-1.646064	0.931579	0.645749	-1.422730	-1.505584	3.832446	2.063386	-1.482803	1.148465	-0.622004	0.603302	1.900703	1.327584	-1.152385	0.158876	0.614463	1.596133	0.357793	-1.389137	-0.982348	-0.045690	1.953626	1.075490	0.070933	0.685633	-0.983061	0.772646	-0.433013	0.858657	-3.227110	-0.550097	0.339158	-1.169488	0.393198	0.223064	-0.123941	-1.287719	-0.523930
-0.929889	-1.690050	0.766170	-2.579050	-0.677326	-2.730856	-0.663063	0.313698	0.746691	1.606310	0.152196	0.694428	2.878932	-0.789045	-1.827246	1.218812	1.967875	-0.298774	-0.535000	3.218410	2.063632	0.434688	-0.348999	-3.024434	-1.771402	-0.335484	1.945738	0.442839	-0.185811	0.757653	1.873604	-0.267977	-0.308856	-0.143842	-1.632607	-0.546169	2.010370	-1.949564	0.413060	-0.378083	-0.232108	-0.709070	0.112451	-0.086682	0.288171	-0.767800	1.479141	-0.736479	1.511844	0.365802
0.089756	1.016059	-0.816415	0.554137	-0.199084	-3.004062	0.736221	-1.136963	-0.472210	1.650141	0.674735	0.814760	0.573153	-0.182135	2.117004	-2.216379	-3.880698	0.297195	-1.432177	1.477991	0.364879	1.705746	-0.324120	-1.326422	2.020412	0.357293	0.130755	-1.484421	0.122845	1.183399	-0.695908	0.767013	0.566734	-2.766037	-1.972271	0.437146	1.295446	1.315030	-1.593142	-0.181857	3.165867	0.770889	-1.461762	-0.463124	0.667950	1.244064	0.424561	0.280293	-1.074652	2.510698
3.141939	0.591462	2.004073	1.063387	1.476684	0.563897	-0.912493	-1.228636	0.403291	1.530361	-0.704482	-1.376532	-0.702078	-2.206975	0.819823	1.724371	-2.240042	-0.821480	1.952040	1.129721	-0.265010	-1.255842	1.332467	-1.256839	2.517961	-0.965592	-0.367577	1.275209	1.484199	-2.384078	-0.310776	-1.249912	-1.523558	0.215311	0.855959	0.208756	-1.640411	-1.106610	0.527234	-0.502307	-2.463406	0.892294	-0.335586	-1.119850	0.766610	-1.644038	-1.293785	-0.038782	1.596526	1.820488
0.958762	2.133221	0.018117	1.504042	-0.649169	1.343361	-1.703253	-0.791248	-1.155397	2.477299	-0.110342	0.825962	-2.329887	1.870634	-1.131121	-0.613916	0.501453	-0.683266	-0.802719	-2.291205	-1.275650	0.626988	0.612712	2.740636	1.568126	2.146410	3.421987	-0.713891	1.514251	-0.424611	-1.708540	-1.030802	-0.546976	1.165252	-0.395767	-2.872386	2.691717	0.635295	-2.538438	-0.906178	-0.621862	0.514066	-2.293248	0.456340	2.046935	0.035061	-0.656759	1.065271	2.844620	1.390710
1.082544	-0.218809	-1.547006	0.305437	-0.649039	-0.626941	0.575706	-0.027987	-0.931601	0.425376	-0.318837	0.515378	3.097983	-0.343546	-0.754296	-1.627503	0.785915	0.657707	1.177231	4.354909	1.075096	1.918379	0.026342	-3.143116	-1.368857	-0.512780	-0.303408	-0.476460	-2.648566	2.772067	1.682689	1.236517	1.419224	-1.284942	-1.171772	0.268970	0.346928	-0.534786	0.408568	1.212546	-1.680511	2.431237	-0.350757	-0.313284	1.191008	-0.139793	2.451447	0.961636	-0.384706	3.211646
0.699300	-1.275290	-1.049925	-0.019586	0.727056	0.089249	0.510163	1.943022	-0.601714	1.409547	0.248038	0.314063	-1.416281	0.529479	0.291111	3.517281	0.003022	1.677680	-0.995160	-0.666873	-0.194852	-0.226273	0.484088	1.210206	-0.026601	1.339361	1.780109	0.697424	2.361481	0.332997	0.555589	-0.365434	-0.055047	0.240796	1.554920	0.194513	-1.168106	0.716876	2.121412	0.165821	1.118643	0.382412	2.135622	-0.759943	-0.747110	0.700231	0.274741	-0.843246	2.775586	-0.973022
-2.461430	0.881688	2.439531	0.587873	1.162494	-1.037331	-0.909375	-1.305584	3.355694	2.384553	0.758809	-1.149669	0.602866	0.614835	0.480037	1.895247	1.012840	-0.192834	-0.900125	0.786645	-0.469202	0.286651	0.061912	-0.139181	0.382700	0.568150	0.671392	1.769254	-0.056894	-3.735216	-0.647284	-0.949071	-0.204065	-1.495381	-2.747281	-0.829596	-0.141320	0.930855	-0.983500	0.175153	0.549246	-1.684404	-1.486722	0.313808	-0.203934	-0.420937	-0.155446	-1.736390	1.239684	0.115699
0.123140	-0.331650	-0.452272	0.503020	1.599728	-2.275670	-0.633433	2.738830	-1.513269	0.363041	-1.027941	0.323286	1.246539	-0.221373	3.324415	3.758542	-1.168171	2.535152	-0.545082	1.880568	0.258374	-0.099263	0.377220	-0.472736	0.845360	0.540485	-0.874665	0.375491	-0.068253	-0.091411	0.723305	1.120500	-0.803956	-0.694229	-1.678293	-1.156060	-0.699571	-0.292611	-1.344554	0.090260	4.042301	0.278549	-1.572515	-3.450177	1.639636	0.704146	0.522014	-2.970340	0.853115	1.068171
1.724878	-0.874866	0.668461	-0.361688	1.248054	-0.172864	-2.235156	0.090625	-0.295124	2.798136	0.665692	-0.104652	0.272026	1.045428	1.531689	2.327414	-2.422304	-0.271584	-0.611183	1.074181	0.285284	1.479408	1.785940	-3.090118	1.773012	0.498663	2.591520	0.590100	-0.944699	0.788983	-0.782675	0.531867	0.447855	-1.049280	-3.477560	-0.458109	-0.996697	-0.347992	2.269788	0.545447	-0.054764	-1.892662	-1.272331	0.300128	-1.962556	-0.626071	-1.678847	0.546908	4.258081	-1.453789
-0.886874	0.218298	-0.475927	0.383756	-1.914171	-1.457722	-0.112859	1.091231	1.472809	0.924858	1.970403	2.606606	-2.658738	0.267691	1.621770	-1.173177	-0.173195	-0.288596	1.246582	-1.174572	-1.224884	0.031779	-0.031203	1.806608	1.322315	-0.121573	0.735785	0.521048	1.011361	-0.966812	-1.755939	0.690842	1.679373	-0.904081	-0.645663	-0.423569	0.800337	1.233262	0.866349	0.363897	-0.230161	-0.528855	0.891689	0.026645	0.051445	0.034520	1.892053	2.181887	0.749548	-1.287435
0.840649	-2.669871	-1.895409	-0.877281	-0.801493	0.542040	-1.679967	2.305732	-0.651808	1.022038	-0.916331	0.927235	-1.403057	0.458235	-1.942621	1.081543	2.691488	2.832247	2.061158	1.156579	-1.122951	1.358700	0.921548	-0.934804	-0.475448	-2.802256	2.021124	-0.676218	-0.449085	0.565246	0.438889	0.405348	0.847539	0.871261	0.014039	-0.080373	2.014340	-2.285496	-1.318982	0.217939	0.056384	-0.489996	-1.095948	1.103724	-0.096839	0.533462	1.028573	-0.044064	2.405434	0.944818
0.405052	0.230337	-2.732212	-0.915107	1.084996	0.451683	-1.164133	0.845460	0.387909	0.348080	0.456524	-0.724624	-0.274730	-0.455676	2.612766	0.735777	-1.738082	0.687182	-0.417602	3.183065	0.076442	2.320425	-0.632938	-2.143960	0.559104	0.544752	0.049091	0.997173	0.020004	2.215205	0.019688	0.989663	2.685288	-0.664368	0.406832	1.171973	0.140396	1.631251	-2.239782	1.555147	-1.792828	-0.976972	-0.700689	1.957375	1.189295	0.054097	2.484417	-1.672504	1.209484	-0.063655
-1.736620	-0.407380	-0.485604	0.512297	0.298101	-1.621510	0.052078	1.448570	-1.441508	0.512773	-1.743521	-0.744579	2.115702	-2.188044	2.671180	-1.371888	-2.340418	2.748889	-1.484394	1.379099	0.526583	-0.574948	-0.476486	-0.103886	2.183805	-0.099083	-2.575038	-1.032312	-0.477193	-0.345197	0.784377	0.972983	-1.075356	1.826237	-0.441376	-2.188294	-0.980636	-0.725761	-1.254012	-1.907267	1.705591	-1.574696	-2.749881	-0.847379	-1.472696	0.366323	-1.216026	-0.684477	-3.026417	2.949890
-1.177246	1.385010	1.435875	0.665975	1.053760	2.018444	0.738562	1.275527	0.868943	0.655896	-0.485598	-0.578282	-1.435315	1.267689	-1.946026	3.160782	0.825089	0.451187	1.110920	-1.294777	-2.294624	-0.015232	2.183671	0.785726	-0.396188	-1.073565	1.608034	-0.833573	-0.846589	-1.463768	-1.924756	-0.438150	-1.319528	1.966256	-0.550744	0.248089	-0.263791	-0.588333	-1.451192	-0.002021	1.962111	-0.381063	-0.674774	0.292762	1.365887	1.412284	-1.059469	-1.204181	2.291937	-3.509373
1.452957	-2.716846	-1.127689	-0.145688	-2.595623	-0.210214	0.190395	-3.496076	2.166501	0.567680	1.054595	1.910060	-0.696719	3.121381	-2.448410	0.792643	1.036411	0.848628	-0.188131	-2.512133	0.631969	-0.687015	-2.861640	3.719320	0.966378	0.859172	1.858714	0.211536	1.033341	-0.460137	0.483461	0.237704	1.074467	-0.104639	-0.154195	2.235756	0.585477	3.639271	2.700860	0.318699	-2.477836	-0.066720	-0.278340	0.002879	-1.576766	-0.917458	-0.344456	1.425246	1.733984	3.345446
2.357015	-0.031396	0.043957	2.095144	1.412777	-0.824938	-1.775556	-0.819238	-0.008621	-1.939326	-0.571685	-0.446768	0.157892	0.743943	-0.782308	-0.942293	-1.854741	-0.316556	0.808653	-2.010456	-1.599034	-1.219990	-0.875381	2.411212	2.705328	-0.330936	-2.376212	-1.967439	-2.472871	0.130707	1.283125	0.992963	-3.906282	2.109288	-3.449884	-0.804689	-3.238815	-2.070385	0.560322	-0.610530	3.032600	-0.965527	0.108466	1.813207	0.891157	0.206660	-0.724412	-0.484839	-2.449079	-0.195558
-0.449035	-0.295117	-1.864007	0.184049	-0.715291	0.871209	1.622394	-0.225823	1.884214	0.040737	2.057673	-0.188346	-1.606707	-1.212176	-2.801526	1.660478	2.502428	-0.663625	-0.119954	-0.323570	-1.895936	0.460463	-0.785597	0.893806	-1.010941	0.854963	-1.400783	-0.068290	0.183722	1.018905	-0.928143	-2.344116	0.025436	-0.016969	-0.003989	-2.489095	-2.689973	1.818049	-1.134239	0.528324	0.428552	-0.488251	2.027863	0.513791	-0.165356	1.605779	1.273429	-0.207615	0.288388	0.295471
1.049055	0.064176	-1.909233	1.759429	-1.043610	-1.903220	0.302314	0.769146	-1.203375	1.274166	-0.251115	0.268017	-0.551466	0.857431	-0.322356	-0.332102	0.693930	0.521194	1.878876	-1.425952	0.050814	0.555458	-0.332374	1.331025	0.976332	-0.098528	2.149482	0.774448	0.176653	1.987609	0.577895	0.091097	-0.820954	-0.673477	-0.563494	0.274093	2.555767	0.771095	-2.893179	-1.191618	-0.801395	-0.496715	0.513752	-2.170598	2.115985	-0.345742	0.595259	1.092996	0.345176	-0.196524
2.570060	2.602360	0.094157	1.557262	0.609150	1.232325	-1.528564	1.505799	0.007936	0.035475	1.925214	-0.699896	-0.798408	0.588964	-0.227482	2.461117	-0.588269	-0.530576	-0.416164	0.110192	0.189251	0.975241	2.117299	-0.999618	-0.140593	2.736071	-0.252554	0.328570	0.646561	0.496215	-0.070934	-1.806711	1.839710	-0.259333	0.797162	0.521792	-2.118409	1.325717	1.658574	0.280945	-1.225879	-0.758270	1.359579	-1.727045	-2.058458	0.556081	1.876578	-1.501561	1.228365	0.978461
2.042961	2.031103	-0.102110	2.666249	-0.840871	1.195340	0.455959	-0.007579	1.226117	3.423010	-0.031935	-0.306046	1.053467	0.164915	-0.309065	2.006043	-0.273830	1.809620	1.405140	0.438898	1.228963	-0.073553	0.820926	0.316108	0.748595	-1.027945	0.094763	0.158000	1.160586	0.191928	0.182351	-0.642137	-0.364475	0.917644	1.585861	0.336699	-0.077189	-1.291333	-1.108287	0.023060	-1.880551	1.007131	-1.142158	-2.904403	0.871112	-0.717544	-1.025425	0.401492	1.765171	0.824107
-0.462081	3.376942	1.735217	1.909843	-0.311257	-0.288908	-0.867930	-1.805016	-0.675634	1.786375	-1.907612	0.279609	1.678932	0.769985	0.604250	-1.760019	0.893186	-0.185753	2.857935	0.083048	0.291652	0.078864	1.445846	1.137446	0.647599	-3.218450	1.350763	1.997896	-1.138951	0.502740	0.930136	1.758077	0.512307	2.227870	0.344843	0.053669	2.609065	-3.895502	-0.618400	-0.637621	-0.819371	-0.744518	-0.653245	-0.338101	-0.482037	-0.441704	1.210562	1.383403	0.104406	1.321954
0.047968	0.189568	0.798938	0.941694	0.495314	-0.936668	0.813315	1.014471	0.237793	0.409891	0.351447	-0.116239	-0.290454	1.355847	1.279844	0.474858	-2.197604	1.353768	-1.739820	-1.506336	-0.895261	-0.624166	-0.008148	1.549042	1.497142	2.220587	2.333856	-0.946790	-0.715131	-3.789839	-0.560669	1.247176	-0.794824	1.071824	-1.608616	2.430534	2.853132	2.061133	-1.956167	0.347962	2.437618	0.967295	0.403745	-2.028108	1.011512	-0.419888	-1.818505	0.475093	1.879888	-0.165766
0.758203	0.008953	2.323578	0.355576	-0.193492	0.087816	1.196804	1.197998	-1.039461	3.098980	3.030750	2.016915	1.630324	-0.608353	0.551264	4.035550	0.605885	1.737447	-1.206072	1.645203	2.516083	-0.443721	1.099193	-0.791679	1.540391	2.862913	2.831038	0.847511	0.940343	-1.138805	-1.204672	-0.588572	-1.112398	-1.555057	-1.481010	-0.196715	0.596652	2.000775	0.468486	1.126677	0.965747	-0.415580	0.932781	0.045043	-0.475839	-1.258181	-0.840871	-1.297955	3.758850	-2.548777
0.870478	-0.484712	-0.287500	0.123430	1.944622	0.996524	0.770236	0.029290	-0.561709	-2.752906	-0.607456	-0.948927	-0.571149	-0.592829	1.715303	-0.074336	-0.125133	1.621276	-1.426707	-0.421714	0.702563	-1.116071	0.417335	-0.307201	-0.778787	2.056509	-2.902871	0.455166	0.538597	0.073983	-0.712991	-0.008825	-0.741269	0.049221	0.916728	1.287800	-1.468552	0.777237	-0.872911	0.180860	-3.969884	1.506049	-0.409701	0.645041	1.025018	-1.064466	-1.203608	-0.917412	-2.552509	0.712307
-1.532757	1.714535	3.161591	-0.470935	-0.063810	0.889492	-0.899645	-2.114600	-0.304555	-1.412391	-0.823780	-1.087278	1.600654	-2.072088	-0.610762	1.318534	-1.458925	-1.954499	-0.361701	1.883571	1.938169	0.914584	1.490124	-1.776527	-0.392151	-0.600636	-1.926211	0.766188	0.433150	-0.593325	1.214799	-1.162551	1.801479	-1.227640	0.940925	1.100263	-1.539407	1.526676	0.472460	0.919709	-1.038763	-0.042054	1.301683	-0.751254	0.072489	-0.800256	1.645105	-3.037834	0.809189	0.245836
-1.362255	-3.434405	-2.108743	-2.202487	1.222629	0.200448	0.178952	1.358656	-0.422841	-3.096636	-0.454234	-0.473023	0.379353	-1.572056	-0.152404	-2.081671	2.510130	4.448658	1.107758	2.242094	0.045900	0.493886	0.969563	-1.650686	-2.907953	-0.197232	-2.076795	-0.148197	-1.218878	1.417699	-0.176605	1.059668	0.145499	0.412309	0.728331	1.600500	-0.635054	-0.928969	-3.293283	0.181612	2.067598	0.474226	-1.571369	2.685596	2.092665	0.845931	1.293228	0.020612	-2.159385	0.284805
-1.242455	1.566604	1.615432	-0.341269	0.274546	-1.428230	-0.697995	-0.143357	-1.637658	0.469463	-2.137968	-1.370075	1.636231	0.903630	0.961492	-1.401547	-1.607483	-1.406382	-0.798656	-0.786270	-0.749306	1.353792	1.249466	2.714451	2.262407	-0.056338	-0.920847	-0.100634	-0.342084	-0.523064	0.741527	0.984919	1.304276	1.653839	-0.110933	2.165621	-0.965590	-0.114158	-1.564317	0.312107	-0.424906	-0.641178	-0.772770	3.032031	1.766642	0.755005	-0.347574	-1.087963	-0.683859	-0.761534
0.309246	-2.266827	-1.165559	-1.668162	0.686705	-0.581556	2.106036	-1.002458	-1.916455	-0.017617	-1.158218	-0.993214	-0.191435	-0.681867	-1.331233	0.539358	3.411712	-0.613920	2.776452	2.619363	-0.701056	0.494222	-1.262478	-1.504252	-2.745261	-2.797828	1.222880	0.988483	-0.955344	1.064880	-0.200464	-0.156807	0.949073	0.374881	-0.232566	-0.553084	0.124872	-0.840990	0.999439	0.628066	-0.073145	0.829110	0.315894	1.739223	-1.466806	0.037982	1.706471	-0.402553	0.426544	0.028735
-1.228450	1.110737	-1.122487	2.115873	-1.140140	1.151615	1.310296	1.022787	1.163113	1.812871	-0.469580	1.226457	-2.644214	0.847657	-1.041405	1.012713	1.233705	1.908592	-0.484042	-2.554721	-1.100380	0.422489	0.754714	1.764617	1.873879	-0.179382	2.460695	-0.691101	2.151670	-0.574181	-2.089342	-0.310643	0.565502	1.593243	1.702171	-1.015633	1.879744	-0.142520	-0.870285	-1.414057	0.369540	-0.188981	-0.809378	-0.353999	-0.809641	0.683739	-2.359274	0.145815	0.609075	-0.915576
-1.481354	0.801957	1.515690	0.119102	-0.027905	-1.311609	-0.351564	-0.305020	1.230951	-2.373747	-0.429389	-0.892702	0.591035	-0.042313	-1.381926	-0.856107	1.390801	0.811721	0.345467	2.704135	0.291671	1.711940	0.795222	-2.566066	-1.796225	-1.709195	-1.240578	0.410777	-1.325090	-1.796585	-0.338764	0.628583	2.623406	-1.091825	-1.101994	1.301052	-0.253343	-1.502894	-2.097243	0.948699	0.164345	0.523954	-2.147737	0.176146	0.263137	-0.733487	0.032689	-0.117805	-2.060566	0.933021
0.369740	3.408302	1.272557	2.107503	-0.828218	-1.971138	1.242385	-1.616238	-1.367353	-0.583798	-1.474254	0.449138	0.005110	0.387118	-1.552798	1.693243	0.453695	-2.978342	3.146666	-0.961338	0.360226	1.429056	0.177470	0.917913	-0.856956	-2.670011	0.881631	0.372703	-1.287329	-0.322239	1.832310	1.837235	1.348032	1.691784	-1.813707	2.441549	-0.466936	-2.340864	0.338686	0.394890	-1.920390	0.069285	2.727059	-1.182713	0.019475	-0.520543	0.041274	1.073589	1.833619	-0.142819
0.246094	2.501666	2.349369	0.861481	-1.065121	-1.039906	0.252918	1.744136	0.625108	-1.140648	-0.871806	-0.146226	1.064851	0.679859	-0.827429	0.221737	1.337669	0.206808	-0.313232	-1.632774	0.601579	-1.698778	0.708781	0.868968	-1.174438	1.988773	-0.140217	0.463103	-1.339266	-3.013588	0.553976	0.704565	-2.979122	-0.520909	-1.886449	-0.799818	0.882511	1.067221	-0.447061	-1.394024	0.055559	0.593514	0.772184	-1.160806	0.525069	-0.548290	-1.442047	1.480432	0.092829	-1.816718
-0.081336	-4.494879	-0.830043	-2.198900	0.006448	-0.126098	-1.225447	0.639253	-1.302256	1.622535	-1.169323	0.290732	2.406109	1.256725	-0.849953	2.625359	-0.720693	3.686302	-0.290404	0.945664	1.779908	-0.801945	0.051420	-0.644800	-0.032310	-0.643518	0.934630	0.339134	0.083751	0.423383	1.341193	1.534224	-0.433974	0.233837	1.165807	1.746225	-0.701476	-1.273664	0.726453	-0.028037	-1.505846	-1.101850	-2.307638	0.887010	-0.568867	-1.542566	0.060201	-1.501983	0.747498	-1.117948
-1.015627	-1.959549	1.743569	-1.788227	-0.187728	-1.212859	1.394979	0.191864	-0.745571	-0.198639	0.385769	1.907125	0.820085	-2.602943	-2.185470	-1.050266	2.208621	0.265958	-0.174785	-0.208555	-1.122500	-1.005723	-0.550816	0.743671	-1.553093	0.087435	-1.667844	-1.358235	-1.768313	-1.842913	1.085701	1.441493	-1.859894	-2.017480	-1.408106	1.358190	-0.470284	1.558284	-0.939956	1.530824	2.314394	1.563228	2.290589	0.766216	0.619678	3.129304	-2.496815	0.004666	-1.692161	-0.986489
-0.926164	0.944408	1.521652	0.863858	-1.768665	4.907821	1.187261	2.504557	-3.259172	3.711027	2.047342	1.718337	-1.624468	0.389265	1.934266	-1.463168	-0.009696	0.587681	-1.829292	-1.133846	1.326059	-2.299836	-0.284514	-1.208607	0.767408	2.287403	1.946612	-0.733870	4.886479	-3.588396	-1.930894	-0.996116	-0.948967	-0.440861	2.689996	0.579089	1.515961	3.202655	-0.857350	-2.008852	-0.951419	1.023317	0.413419	0.461525	2.143542	-0.196769	-1.804719	3.662366	0.779888	-2.959639
-0.535079	-0.711573	0.035340	-0.731692	2.612128	-3.636917	-1.414478	-1.013645	-1.955594	-2.109168	1.686074	-1.262427	-1.018047	-1.493914	0.669954	-0.736907	-1.902947	2.789818	-1.846178	1.706041	0.219371	1.319004	1.314603	-2.630229	-0.406945	1.239109	-2.325886	-0.408946	-0.882365	-0.627981	-0.518759	-0.957839	0.073989	-1.114062	-3.009646	-1.940677	-2.861361	0.955080	-2.659984	0.393420	-1.430240	-0.570577	-0.558389	0.243951	1.766456	0.097115	0.058080	-0.974666	-0.446391	1.622617
0.994456	-0.237694	0.009019	-0.144461	-0.187813	-1.076935	-2.114530	-0.966429	2.314409	-0.697127	-1.188287	-0.349682	0.658226	-0.149284	-0.792264	-1.231154	1.057913	-1.937644	1.202733	0.000326	0.949574	-0.244836	-2.075647	0.104616	-1.238417	0.898330	0.241806	0.049546	0.361145	0.366679	1.181603	-0.098139	0.053617	0.691806	-0.240578	0.553092	1.386072	-1.129033	-1.598010	-1.174493	2.548665	-2.324105	-0.559518	1.392230	0.541124	-0.661776	1.713014	1.133013	0.426375	0.783828
-2.135160	1.109722	-0.876800	-0.465928	-0.831843	-1.639860	-0.053460	0.461678	0.214266	-0.649717	1.166404	0.714971	0.122390	-0.347536	-2.097856	-0.133514	2.035434	-0.439624	0.175804	-1.334193	0.720163	1.530923	1.119780	1.960746	-2.585852	0.123566	0.134044	0.686790	0.305828	2.159001	-0.503938	-1.097932	-0.245043	-0.579781	-1.396859	0.025512	0.805521	2.872848	-1.440131	-0.071068	-1.171350	0.353390	0.276614	-3.198328	1.489355	-0.739958	-1.053846	0.629057	-0.253144	-0.178819
