X38	X48	X29	X17	X40	X15	X19	X4	X34	X49	X43	X21	X27	X23	X16	X3	X7	X41	X14	X39	X10	X25	X33	X37	X36	X30	X20	X1	X44	X24	X47	X28	X32	X6	X35	X31	X2	X22	X9	X50	X13	X8	X12	X42	X46	X18	X45	X5	X26	X11
1.900732	1.077142	-1.161881	0.344751	-3.425302	-2.372624	1.800487	-2.297523	0.452069	-1.036172	0.642370	0.991319	1.524563	1.044310	0.858787	0.052313	-0.103553	-4.188958	-2.840969	1.223693	-0.255015	-0.296490	2.599466	1.765244	-1.344383	0.103785	-1.152586	0.549859	1.777236	1.238459	0.756290	1.077758	1.513593	1.168480	0.703379	0.973314	1.564964	0.681463	-3.830349	-2.548235	0.789611	0.941239	-0.314129	0.420585	-0.197779	0.086325	-0.033701	-2.636563	0.891152	0.469152
0.299026	-0.878548	0.307745	1.393631	-1.270144	2.003684	0.241332	2.498083	1.350184	-0.575552	0.681676	1.007949	-1.803919	-0.410851	2.592870	0.052083	-0.790295	-0.661391	1.278550	0.629443	-1.299359	-0.638294	1.172639	-0.233393	-0.813837	0.078812	0.347336	1.488914	-0.779051	2.172601	-1.118851	0.597227	-0.950623	-0.256706	-0.875050	0.247677	-0.654248	1.784644	-0.300087	0.492705	0.750028	-0.864287	-0.213649	0.249703	0.031418	-0.542616	1.574824	2.796447	-0.366468	0.112716
1.144681	1.057766	-2.255621	0.099718	0.324676	0.488463	0.350177	0.652593	3.171123	-0.337215	1.368209	-0.383191	0.044431	-2.871469	-0.942216	-1.140781	-0.610934	-1.598752	2.175050	2.692615	-0.366006	-2.207804	-0.844933	2.375648	0.682269	-0.192968	0.953429	-0.246690	2.272650	-2.292180	-0.911764	-0.073476	0.972547	0.411027	0.049630	-1.304521	2.164237	-0.485295	1.112664	1.250604	-0.086027	-0.850698	1.953811	1.160234	0.137148	1.075157	-3.877719	1.416543	-0.808459	0.697895
-1.038324	1.577118	1.056217	-0.547359	0.767227	-1.270093	2.757712	1.637016	1.026769	2.521702	-1.643081	-0.070282	-0.188249	-1.692549	-1.992326	0.893553	0.416241	0.451614	1.245979	-0.648181	1.393766	-2.776420	-1.033153	-1.400952	-3.467372	-0.455787	-0.329201	0.161435	-0.748624	-0.708032	0.199340	-0.142275	-0.297681	-1.744471	1.511925	0.092677	1.317004	0.270951	0.532637	1.127241	0.244683	1.705560	0.774362	-0.908973	-0.497041	-2.146227	-0.862015	-2.989830	-0.440208	0.295848
-1.390043	2.354609	2.035599	-2.194154	-0.285071	-2.498737	1.715707	-0.023170	1.361965	1.646043	-1.454310	-1.950583	1.823857	0.103254	-0.096667	0.221878	-0.581620	-0.903383	-1.878327	1.555305	0.942732	-1.727534	-2.070026	-0.817120	-1.531695	-1.954305	-0.791766	-1.153747	0.048839	-0.672595	0.075926	0.494353	-1.288452	0.662888	-0.253839	-0.361070	1.523737	1.304973	-1.241502	-0.416528	-1.019374	0.599419	0.427400	-1.969848	-0.324699	-1.435597	1.744014	-0.991623	0.634207	0.870774
0.564699	0.215626	-0.908846	-1.018414	0.495012	0.389608	0.986583	-4.006075	-2.626283	-1.358807	0.257920	0.608480	-0.915234	-2.162475	0.053522	0.752603	1.325617	-0.232851	-0.080066	-1.400204	1.242447	-0.767386	0.247081	0.422265	1.579815	-0.418664	0.813101	2.130851	-2.073946	2.085810	-3.647772	-0.249813	1.099974	-0.805736	-0.395463	0.768230	-0.393215	-0.420890	0.543383	-0.308256	1.667346	0.574158	-1.663936	0.729502	2.077975	3.637147	1.541446	-0.320177	0.925817	0.599953
2.250946	-2.207329	2.918285	0.110573	2.532779	-2.144364	-1.530906	3.893388	-1.391531	4.171420	-1.454309	-1.557648	1.067670	0.955008	-1.666227	-0.417443	1.328717	2.615155	0.728180	-0.954250	-2.053326	1.452417	-0.378861	0.593291	-0.584519	0.932855	-1.919280	-0.659176	-1.923887	1.688141	2.790397	0.199916	-0.961481	0.190972	-1.540875	0.778872	1.378878	-0.170103	1.894626	0.916112	0.554269	-0.700536	-0.898032	-0.961673	0.927566	-3.352758	0.377084	1.225345	0.350331	0.056333
-1.552428	0.329972	-0.212094	-0.805773	0.338884	-0.019170	1.432707	0.285510	0.659013	0.556438	0.255841	-0.536389	0.637980	0.885145	-1.515408	1.767984	-0.831016	0.321240	-0.110446	0.112622	1.231432	-0.161298	0.094830	-0.211219	-2.020692	-1.242911	0.072862	0.001634	1.932669	0.220630	-0.026081	-1.553532	-1.545144	0.870049	-1.358881	1.452316	0.888051	1.042656	1.030479	-2.205604	-0.411603	-0.980756	-1.199152	1.143702	-0.341768	-0.723956	-0.527470	-0.655423	0.779587	-0.246149
-3.626591	0.133755	0.273739	0.347305	0.412451	-1.162017	-0.600975	1.847838	0.682667	1.108014	-0.921826	1.064404	-1.341328	-0.964132	-1.204250	-1.069166	-1.757735	-0.118452	0.635863	-1.077322	-0.128557	-1.232655	1.630967	-1.851375	-1.987053	0.840416	-0.115264	0.569338	-0.615171	0.116866	3.384302	2.135213	-1.015518	-1.710544	1.164515	1.297698	1.174404	-2.630443	-0.368874	0.286462	1.648077	2.081831	-0.715660	-0.747401	-1.224010	-3.082231	-0.716759	-3.608632	-2.228594	-0.465404
0.505850	0.947960	0.849184	-0.212461	-1.053541	-1.095714	0.787951	-1.681291	2.085095	-0.070492	0.263340	0.586389	1.840655	0.702035	0.129633	1.362439	-0.327244	-0.333090	-1.341487	1.272551	0.374856	1.225432	0.339246	0.399209	0.110873	-0.437829	-1.421201	-0.963373	1.408313	1.303211	0.021477	-0.163901	-0.067055	0.303026	1.086445	1.135736	-2.058702	1.214865	0.024589	-1.498389	-0.766190	1.807228	-0.632051	0.267592	-0.858956	-0.511925	0.477349	-3.583885	1.801343	-0.484319
1.633096	-0.846832	1.756950	1.760626	1.044560	-2.508570	0.830647	-0.402663	1.371702	-0.681678	0.473578	0.387937	0.762351	0.884209	0.199203	0.992352	0.458507	2.096754	-1.062372	-0.237325	0.379466	-3.695131	1.136819	-0.069975	-1.464749	0.061257	-0.311651	1.342503	-0.532612	0.782711	2.759535	-0.963170	-1.679044	-1.278980	-0.537093	-0.683782	3.282143	-0.542630	0.680770	-0.414665	0.889921	0.011214	0.057562	0.629604	-0.866183	-1.015231	0.922335	-0.026994	3.406194	0.206340
-0.457803	-0.514445	-1.084765	-0.216942	-0.138627	2.004343	-1.011970	-0.304817	-4.014569	0.591084	-1.217891	1.775146	-0.748897	-0.097488	2.244028	-2.246991	-0.029866	-0.430046	-0.166007	-2.136268	-0.912834	3.325545	0.682430	0.335402	1.887321	0.028544	1.301762	-0.076083	-1.175294	1.210704	-1.534803	1.402703	0.448947	0.191041	0.597435	0.808573	-4.327429	0.514319	-0.596896	-0.075546	0.273514	0.638154	-3.424285	-1.352060	-0.113311	2.030599	0.132222	-1.667715	-1.981757	-2.736769
-1.372645	2.201765	4.569317	0.952336	-1.880778	-0.338818	-0.950112	3.520506	0.826039	6.057191	-1.387176	-0.207157	2.625884	0.870621	1.381902	1.847955	1.738767	1.746457	-2.417410	1.561035	1.515229	0.563354	-1.505552	-1.137707	-0.593357	-0.845994	-1.880134	0.100379	0.494751	2.358831	2.287446	-2.226994	-1.714776	2.511214	1.820925	0.217799	1.605687	0.625602	-1.832405	-0.452625	-2.021571	2.908846	2.057750	-4.446925	-1.483676	-3.279883	1.111074	-2.515790	3.210702	0.316748
0.346569	1.564112	-1.260253	0.121393	0.932081	1.565683	0.856858	-1.048308	0.783760	0.415406	2.406983	0.475180	2.173211	1.262873	1.465562	0.017350	0.243509	0.279666	1.263495	-1.256677	1.195165	-0.082583	0.417660	-0.526349	1.438466	0.360508	0.662450	-2.031601	-3.158639	-1.040948	-1.811923	-2.685807	0.684735	0.168318	0.264069	-0.761842	0.440696	-0.149728	1.787421	1.189736	-2.250330	-0.968490	0.742452	1.482081	0.662043	2.324491	1.366914	2.270504	-0.407026	1.048471
-1.998644	1.286473	1.796147	-0.119203	-0.206137	-1.320923	4.397019	1.771424	0.206129	0.879212	0.478066	0.149829	1.144282	-1.174745	-0.589800	-0.073503	-1.173699	-0.049408	-0.337562	1.440639	0.127577	1.634993	0.727116	-1.696083	-3.440077	-0.167549	-2.899361	-1.013497	1.116603	-0.953715	-0.711643	-1.021527	-1.262694	2.146884	0.012246	-1.378394	0.497106	2.968881	0.577408	0.451257	-1.414357	-0.648040	2.363948	-0.335465	1.700400	-2.745837	1.076722	-1.541637	0.683456	2.408949
1.846339	-0.509277	-0.474158	-0.425408	1.544615	2.405866	-1.377549	2.969807	-1.577530	-1.293634	1.263106	0.194786	1.377738	1.944418	1.820401	1.732373	-1.374932	3.128683	0.852469	-0.528820	2.010229	1.641342	0.714186	0.394142	-0.193551	-1.286508	-1.666256	-0.132423	0.392839	2.101540	-1.466686	-1.852217	0.816835	-0.941853	-2.590521	1.126802	-2.366811	-1.373396	2.754569	0.827830	-0.855829	-2.652800	0.626938	2.209189	0.486486	-0.109753	-2.051595	0.729277	1.383849	0.119139
0.557308	-0.143444	-1.028481	-1.154086	-0.296805	-1.008406	0.686665	-0.821648	3.711946	1.602174	0.621647	-0.848142	0.284579	0.019785	-2.073265	-0.814399	-2.151856	2.253692	1.664007	2.746614	-0.018612	-0.285102	-0.932312	0.124368	-2.439023	1.339525	-0.649906	-1.379377	0.411895	-0.634466	2.359004	0.534276	-0.461823	0.304699	0.009694	1.019167	0.590227	-0.779885	0.014412	0.312630	-0.872775	-1.225616	2.345649	0.276597	-1.810742	-1.323086	-1.012178	-1.206695	-1.043061	2.199457
-1.459737	2.951563	0.971232	0.990041	1.740242	-1.446672	-0.868449	-1.665509	-1.044634	-0.125965	-0.857631	0.671031	-0.099797	-0.627212	-1.497193	1.032955	-0.257746	1.111855	0.842699	-1.785380	1.115574	-0.636319	1.279564	0.727605	0.077760	-1.345501	0.445664	-1.175931	-2.781699	-1.268833	-1.261922	-0.621439	-0.971081	-3.247065	1.919913	1.161422	0.395421	-2.892178	1.526377	0.752402	-2.457539	0.795284	-0.548063	1.255852	0.359831	-0.629711	-0.846261	-1.701341	0.871510	-0.295780
-0.283665	-1.281901	2.304603	1.965931	-1.609099	0.021701	-1.747053	2.253223	0.389495	1.746270	0.300584	3.452104	1.204440	0.218289	-0.905906	1.626272	3.807571	1.282606	-0.957675	-0.550195	-0.514685	0.851016	4.097612	-0.742499	1.730086	1.768102	-0.411919	0.818727	-0.798615	2.590662	-0.223436	0.055237	-0.090122	0.315882	-0.198653	2.086845	-0.645837	-0.361106	0.018294	-2.310919	0.122891	0.912033	0.209869	0.305485	-2.058871	-0.867823	0.357304	1.650906	2.383408	-1.146477
-0.884353	-0.067746	0.650983	0.190460	0.210410	0.312684	0.467435	0.364708	2.566719	0.219837	1.928423	0.710218	1.699281	0.636617	0.408485	0.033736	0.245018	1.326506	0.497668	1.160185	0.248833	1.611688	0.935543	-0.289647	-1.306819	-0.592669	-0.961072	-0.978908	-0.080384	0.290094	-0.617601	-0.092743	-0.515737	0.244778	-1.856139	-1.826543	-1.737956	-0.197468	-0.040711	0.832047	-0.070627	-1.463699	2.471546	0.582654	-0.424790	-0.083818	0.020915	0.875533	-0.854698	1.589778
2.191501	-0.142228	3.748949	0.719755	-1.213854	0.231691	1.606991	1.784729	-0.608225	1.690456	-0.187610	2.271743	0.080449	-2.227786	-0.125602	1.759011	3.095634	1.223557	-0.405835	0.193171	0.959501	0.652710	3.038235	1.360573	-1.975162	1.581429	-2.369466	0.302214	-0.265152	0.847751	0.049171	0.858038	-0.915312	1.524167	0.036547	-0.168458	0.731779	-0.295385	-0.199807	-0.176898	1.035296	-0.124328	-0.236663	-0.339901	-0.830478	-1.364561	0.469584	2.223531	1.647406	0.912293
0.071090	-1.275891	-1.544456	-1.768695	-0.965788	-0.801976	-0.829010	1.183405	0.558289	-1.880982	0.318732	0.167415	-0.280126	-0.145399	-1.125764	1.449910	-1.252139	-0.019435	-0.576649	0.982265	0.233408	-1.881131	-1.265152	-0.771647	-0.416368	-1.231563	1.133384	-0.478448	1.216343	-0.990170	-0.591348	-1.248643	0.478031	0.487041	-2.307294	-0.944762	3.591858	-0.216044	0.496846	-0.694406	0.499872	-2.636353	0.676335	0.160929	-0.433057	-0.385688	0.303085	2.866667	0.694047	0.673545
0.814657	0.328464	-0.555683	1.076381	0.316601	0.575153	1.592903	-2.055186	0.773589	-1.191621	1.799117	0.927284	-1.178560	0.429971	-0.161169	-1.715288	1.903560	-0.017810	1.036695	0.688279	-3.528957	1.529471	-0.301040	1.378560	0.378833	0.585466	4.837609	-0.574501	-0.413767	-3.195398	-1.596933	0.892851	1.024626	2.282504	1.156631	-2.073637	-0.382582	2.091188	0.747886	-0.016931	0.423388	-0.500121	1.125772	1.280884	0.221099	2.270612	1.415564	1.002867	-1.145833	1.204482
1.701823	-0.053775	-0.019596	1.164125	-0.890922	-1.679777	-1.760566	1.311390	0.467560	-1.787551	-0.641723	0.922655	-0.184629	0.116651	0.733055	-0.840443	-0.282292	0.030785	-0.190064	-0.980675	-0.655492	-0.681039	1.772573	1.628982	1.238937	-0.057518	-2.721977	0.971584	1.169535	1.730490	2.954047	-0.940248	0.504142	-0.832171	-0.620313	1.199552	1.356297	0.892623	0.232110	-1.861684	-1.078728	-0.191783	0.125904	0.365586	-1.264241	-1.604321	-0.371066	-0.336678	-0.470110	-1.086940
-2.276490	0.014295	-2.874574	-1.027503	0.003019	1.649228	2.420059	1.667099	-1.467019	-2.005266	-2.220672	0.040685	0.144174	0.016568	0.278432	-0.468123	-2.469101	-1.807776	-0.013875	-1.716398	-0.428803	1.136358	-0.938741	-1.152703	-0.995962	-1.054874	2.702334	-0.951506	-0.813098	-3.332796	-0.172161	-0.875320	1.297996	-1.462371	-0.146089	-2.092809	-1.443538	-0.232550	-0.755004	-1.242708	-1.691648	-0.974693	-2.504095	-0.987189	1.505728	0.909791	1.116909	0.315216	-0.384617	-0.810925
-0.912934	1.408153	0.742209	0.735051	2.280688	-1.523626	1.017587	0.666083	2.613870	2.542310	2.589174	1.849028	0.367584	1.492237	-1.544803	2.288476	0.353758	1.310410	-0.521464	-2.102235	-0.235334	-2.263102	1.169827	-1.278107	-0.777633	1.831350	-2.925048	-1.214965	-1.849215	1.778193	1.223103	0.215797	0.307545	-3.131046	2.903208	0.513665	1.125423	-2.350834	2.208893	-0.644362	-1.576976	2.692702	1.891640	0.907248	1.032704	-2.301979	-0.894633	-2.944019	2.787472	0.410366
0.707373	-1.290864	-2.442777	0.919434	-1.913650	0.303624	-2.008172	-1.084127	-2.676585	0.409105	1.126627	1.647085	0.374953	-0.070403	-0.171728	1.065997	-2.579685	0.105097	0.521548	0.173264	0.709827	0.828659	1.600792	-0.010312	3.102407	-0.050759	0.706844	-1.592871	0.906210	-2.215249	1.034170	-0.500679	0.087972	0.575514	-2.833948	-1.640104	-1.696640	1.409833	-0.062727	-1.474287	-0.757950	-3.777959	-2.268144	1.611012	0.058811	0.980463	-0.632127	1.211473	-0.316222	-1.506320
1.619701	0.303441	-1.116603	-0.288478	0.451748	0.894746	0.535369	0.895876	2.609143	-0.429059	2.884682	-0.240230	1.823350	0.657243	-1.026190	1.619769	-1.825461	0.115036	0.186807	1.662011	0.626821	0.319761	0.180204	0.678122	0.262860	-1.175222	-0.160597	-0.050982	-0.831997	-0.502352	-1.957407	0.537464	0.492901	-0.390412	-0.911237	-1.714981	-0.207378	0.600552	1.973131	-1.285561	0.129576	-1.328494	3.699679	1.577941	0.593070	0.461430	0.499443	0.975328	1.467741	1.425531
-0.118635	-0.629104	0.794578	-0.467512	-1.190229	0.836352	-1.096474	-0.976318	0.089602	-0.428824	0.002385	-0.428387	-0.429295	-1.995575	0.086093	0.832470	1.983601	-1.328251	-1.991569	1.383284	-0.367718	1.206368	-0.911198	-1.331597	3.451659	0.329994	0.919229	-0.919784	3.546623	-1.568723	-4.988393	0.336312	0.791100	1.031255	0.739752	-1.010832	-0.020026	0.765826	-0.921227	-1.256636	0.960647	-0.860250	-0.322848	-1.046923	-1.500002	1.993916	-0.377323	2.458203	-0.036278	-2.333105
0.720538	-1.904997	0.885527	1.460817	-1.992420	-1.340872	0.138730	1.158383	0.279825	0.884542	0.390256	-0.017123	0.298060	-1.825750	-0.109671	-1.124620	-3.405509	1.700129	0.847279	3.467591	-0.476718	1.106026	0.976688	0.390094	-1.932769	1.884735	-1.344513	0.525660	1.872116	-0.897677	3.887241	2.265489	-0.617727	2.842867	0.705200	-1.470721	0.686205	1.950321	-1.024893	0.429004	1.017329	0.873353	0.572884	-0.011507	-1.542280	-2.816905	0.785711	-1.604435	-1.913147	0.517765
-2.985536	1.733694	0.031581	-0.709486	1.743587	-0.598063	0.043140	1.014168	0.147377	1.328366	-2.478291	-1.557484	-1.401704	1.287065	-1.426082	-0.511925	0.024775	-0.620577	-0.985699	-3.519471	-0.338581	-3.462038	-1.304146	-1.232288	0.240961	-0.812172	0.483339	-0.309585	-3.078855	0.343993	0.206584	-0.328356	-1.041249	-3.936129	2.326108	1.498567	2.084615	-4.062373	-1.553255	1.930306	-0.344632	2.445351	-0.488469	-1.385861	0.491315	-0.616119	0.492118	-2.190314	0.401373	1.377508
2.691790	2.864902	1.114188	1.631034	-0.589593	-1.345934	0.130465	1.327500	2.984767	-0.306428	1.419135	3.561772	0.371045	-0.005791	-2.171223	-0.592450	0.688434	0.761723	0.024484	-1.381100	-0.552497	-0.309402	3.669260	2.644766	0.327949	-0.802656	0.374067	-1.198999	-2.582419	-0.925130	0.386884	0.038155	0.991625	-2.414533	0.792673	-0.786505	0.095713	-2.192727	0.233913	0.155640	0.766339	0.763652	0.871968	1.840632	0.372899	-0.491666	1.409281	-1.088789	-0.999725	2.740719
0.185449	-0.440644	0.028707	-0.872173	-1.647899	-1.050695	-0.835494	-0.581770	1.988509	-0.141041	-1.044758	-0.734107	-0.212856	-1.258591	-0.108571	-1.614172	-2.580711	1.079143	1.095234	3.574684	-1.552720	2.737509	-1.575070	-1.167392	-0.697561	-0.330402	1.892176	0.737016	1.325119	-1.425830	-0.320268	0.379481	-0.927574	2.185111	-1.358457	-1.355380	-3.175761	2.354646	-0.161795	0.297860	1.188656	-1.260572	-0.182899	-1.101663	-3.025598	0.091279	0.452309	-1.419146	-2.272055	-0.489879
0.649338	-2.363000	-3.694185	-0.115680	1.186843	3.561107	-2.139765	-2.544593	-0.531920	-3.209741	-0.638122	-0.948948	-1.217938	-0.051924	2.065120	0.282990	0.127830	-0.579184	0.575064	-1.042246	-0.827687	-0.292111	-2.460335	0.970409	2.794989	1.175919	2.562674	1.269963	-0.915451	-0.953640	-1.433433	0.796602	1.714347	-1.045015	-1.031628	-1.119315	-1.597077	-1.446935	0.229522	1.003630	3.346586	-0.948069	-0.835135	0.257226	0.547767	4.922490	-0.640667	3.868654	-1.107821	-1.330202
-2.303710	-0.533240	0.066580	0.097441	-1.948400	0.281306	-1.419156	2.135349	-1.719619	1.214646	-2.504871	-1.583141	1.772432	-1.037461	0.478900	-1.014287	2.045666	0.682803	1.118999	3.885504	-0.739218	2.432368	-1.605094	-1.393935	-0.003913	0.699525	0.133255	-0.470379	5.415328	-0.709962	1.223283	0.877998	0.688971	5.460312	0.276917	0.154385	-0.198175	3.720727	0.281047	-1.361561	0.383499	1.167151	-2.347043	-2.396122	-1.671101	-0.708512	0.381526	0.750224	-0.596706	-3.379476
-3.172726	0.598119	-1.431123	0.984647	0.993751	-1.540113	1.432803	-3.371533	-2.354355	-0.291741	1.611361	1.029952	-0.922570	1.367101	1.004871	-0.012641	1.358391	-0.578911	-0.793442	-2.909602	0.348294	-2.081217	0.731761	-2.074918	1.312652	-0.049428	0.999312	0.650089	-3.492157	-1.068842	-1.263539	0.992569	0.933964	-1.930690	1.257070	-0.490818	0.829549	-2.055394	-0.408802	-1.282689	1.352504	1.582945	-0.839264	1.295127	1.064997	1.896836	1.151309	-0.251011	0.043747	0.015350
-1.554813	-2.493678	-1.464466	-0.986756	-2.998458	0.160989	-2.270892	-4.724479	-0.522866	-2.769633	0.603237	-1.714904	1.012930	2.238371	0.492096	-0.355772	-0.542290	1.488550	0.026978	5.024731	0.074919	3.620918	-2.366248	-2.270427	3.280593	0.745664	1.148953	0.399075	5.481485	1.670593	-1.325329	-0.455215	-0.453544	5.210538	-1.887330	0.114366	-2.441321	3.805502	1.065577	-1.158362	-1.317828	-0.388930	-1.302079	1.447704	-2.124591	2.892021	-0.352109	0.229392	-0.461240	-2.891199
1.178430	-0.852242	1.435225	0.413454	0.049739	0.410299	-1.365110	1.757476	-1.663755	0.147879	-1.946308	-0.463757	-0.801802	0.832058	1.002161	-2.297460	0.460295	-0.412759	1.268069	0.001501	-0.550509	-1.849564	1.812301	-0.409966	0.511719	0.904253	-0.486191	1.290209	0.419035	0.848430	0.812548	0.436727	-1.042774	-0.330079	0.032710	-0.089692	2.531096	-1.967248	0.362983	0.492422	2.062667	0.128768	-2.363497	-0.389895	1.105746	-1.626239	-1.554774	2.784169	-2.167612	0.095293
-0.596467	-1.366194	-0.566837	-0.137330	0.644631	-0.584375	-0.693674	-1.168744	1.425435	-0.328533	-0.376033	-0.997951	-0.106571	1.243915	-0.909591	1.548530	2.227441	-1.011800	-0.148656	-0.123317	1.630400	-1.632358	-1.318029	-0.750869	0.851032	-0.007908	0.097258	0.917183	-1.270545	1.418042	-1.721163	0.120795	-0.457100	-0.301874	-1.261421	-1.077208	1.702092	-1.213950	1.147573	0.608617	1.309829	-0.563448	0.992850	0.130304	0.455136	0.744344	0.846919	-1.250228	2.187545	0.739693
-1.268765	0.824622	1.139942	-0.695158	-0.484846	0.401963	0.361036	0.965442	0.610195	-0.194079	-0.651167	-0.636863	-1.305863	1.180455	0.521314	-1.527224	-0.805183	0.046066	-0.517359	-0.210822	-0.460695	-0.658013	-2.179064	-1.688001	0.282209	-0.224111	-0.419555	-1.545728	-1.538050	0.089977	-1.127154	0.572955	-1.167001	-0.825984	0.738591	-1.843173	-0.303408	-2.964048	-2.353868	-0.172206	0.244102	-0.511116	1.878021	-2.258907	-0.473554	-0.728215	-0.044045	1.115711	-2.251952	0.259820
-1.365262	3.523469	-0.502517	0.129352	-1.073715	1.367439	1.013552	-0.584046	-0.399262	-0.362791	-0.188158	-0.774696	-0.572942	-1.171527	-1.725894	-2.574116	-0.642462	1.109649	1.928117	-1.347775	-2.292230	1.017361	-0.971320	-1.390054	-0.164261	-0.060921	-0.198469	-4.109088	-0.986500	-3.015466	-0.346470	-1.370336	-0.217962	-0.622832	2.561851	-0.193394	-1.116585	-0.511854	-0.993985	-0.286941	-2.498362	0.224628	-0.969070	-0.701604	-1.640645	1.020037	-0.925407	-0.373015	-2.496056	0.219493
-0.052338	1.425037	0.687827	-0.298951	-0.740135	0.923191	0.076701	-1.739542	1.460336	-1.377300	1.638610	1.428919	1.656515	-0.408090	-1.150009	3.032980	-0.962948	2.087419	-0.358734	1.517790	3.587848	-1.518086	1.848883	0.208294	-0.301511	-1.786388	-2.348442	-0.958773	-1.357654	1.167462	0.132920	-1.556475	-1.340580	0.156477	-0.106201	1.139535	0.173473	-0.567819	1.479361	-1.736422	-0.325757	-0.363597	1.102174	2.516893	-1.352380	0.233843	2.418816	0.828885	2.828325	0.990358
0.572763	-1.945242	1.039474	-1.492860	-1.488660	0.574168	-0.833053	1.740773	1.217471	1.254864	-0.372703	-1.743541	1.592871	0.298689	1.195758	-0.280453	1.559705	-2.550424	-0.951140	1.146842	-0.654010	0.017095	-0.994752	-0.215979	0.111208	0.407018	-0.540646	-0.838038	0.568489	-0.883177	0.753136	0.452979	-0.228332	1.042866	-2.967130	-0.269252	0.194905	2.595528	-1.597421	-0.778678	0.177382	-2.691869	0.706400	-2.213544	-0.566397	-1.201841	1.564943	3.970182	0.115532	0.754021
0.091007	2.353554	2.396162	0.598089	1.379721	-0.905965	0.714745	1.193656	0.045460	0.192853	0.038602	-0.884698	-0.229170	0.219673	-0.277798	-1.119025	-0.696169	2.771989	1.519315	-0.806074	0.969616	-1.817910	-0.969142	1.084560	-1.202529	-1.308044	-2.058165	-1.596372	-1.337261	0.445122	2.100717	1.754360	-1.376720	-1.919723	1.910283	-0.031343	2.133460	-4.231631	0.336277	-0.068551	-0.185576	1.275730	-0.575407	-1.243562	-0.200081	-1.401491	-3.140910	-2.462754	-1.586473	1.084294
1.428133	-0.353035	-0.132066	-0.082009	-0.114318	1.128927	-1.241285	-0.325353	-0.309013	-2.176389	-0.131983	-0.397165	-1.700940	-0.127441	-0.416073	-1.643798	1.052943	-0.721940	1.251047	-1.227389	-1.842921	-0.340427	0.091303	-0.592082	0.619578	-0.024758	1.084030	1.342465	-2.700506	0.105656	-2.265214	0.403170	0.218008	0.129349	-1.105180	-0.281062	-1.204733	-1.078735	-1.254784	0.081095	0.064704	-1.835425	0.284621	-0.468025	-0.431154	1.550702	1.211891	-1.200366	-1.868678	0.104530
-0.982195	-0.411919	-0.385249	-1.290430	1.571272	-0.284623	1.080557	-2.269272	0.599438	0.728279	0.772793	-0.477494	-0.854714	-1.599237	1.179878	-0.117319	-0.920420	0.465457	-1.030501	-1.373170	-1.329122	-1.901408	-1.009299	-1.063639	-1.982983	1.476634	1.180892	-0.704727	-1.195509	-1.348535	-1.438832	1.310279	0.155904	-1.686130	1.431903	0.547845	-1.083275	-1.991095	0.525807	-0.614729	-0.457560	0.081634	-0.157393	1.229135	0.232345	0.560146	-0.644250	-0.178408	0.931809	0.323904
1.149317	1.793355	0.663667	1.577970	-0.261245	-0.789211	0.316229	1.504461	1.981951	1.408870	0.374174	2.341741	-1.889743	0.853633	-1.443016	-0.362951	1.087002	-0.553771	0.981685	-1.039581	-1.267680	-1.830289	1.769695	2.493679	-0.429432	1.158357	0.901916	1.266207	-1.501012	0.008214	2.836248	1.930771	-0.188424	-1.118972	2.424348	1.589186	0.535600	-0.232344	0.232660	0.155715	1.172355	1.457438	1.359464	0.047143	-0.291124	-1.402335	0.992267	0.331794	-1.248508	1.358986
1.090186	0.230322	-3.572804	2.065024	-1.390817	0.411646	2.037041	-0.069686	2.018459	-1.406202	3.632711	1.451248	1.627991	-2.122698	0.355839	4.196335	-3.702438	-0.015903	-2.823509	3.436612	3.040145	4.519957	2.678390	0.970111	-3.162444	-1.607455	-0.580315	0.129696	2.147397	-2.071088	-0.308996	-1.918486	1.941241	0.293703	-1.343155	-0.121257	-3.612732	0.229471	1.587448	0.182578	0.288260	-1.578727	2.263297	4.030856	0.658751	0.653299	-0.580722	0.508740	3.276824	1.871251
1.777417	-1.358849	-1.672719	-1.482229	0.874866	0.533170	-1.194907	0.512837	-2.437665	-0.962873	-0.639460	0.104261	-0.930287	1.578443	-0.774232	-0.473964	-1.556477	1.263438	1.056613	-0.251071	-0.305677	-0.842681	0.473015	1.186086	-0.081267	0.867940	-0.908949	0.467180	0.744143	1.623024	-1.302317	0.255557	1.718706	-0.143034	-0.907055	2.385539	-0.984889	0.115266	1.264584	-0.132023	-0.150880	-1.745166	-3.024570	1.060985	0.834587	0.196932	-0.647716	0.873936	-0.111867	-1.157593
-0.639252	-2.473921	0.131765	0.508285	0.209474	-0.318525	0.270030	2.067139	-0.389961	1.088740	-0.270854	0.198988	-0.951922	0.384689	0.062902	-1.706682	-0.819951	-1.022070	1.516734	-1.149283	-0.582164	-0.924556	0.230877	-1.646959	-0.359472	2.322942	-1.097374	0.223553	0.968654	1.559009	-0.270391	0.428851	-0.247596	-0.598406	-1.584919	1.552835	0.597864	1.706423	-0.046289	-0.298980	2.135574	-2.090725	-1.654017	-0.827799	-0.330354	-1.518439	-1.056500	0.924157	-2.497913	-1.225033
-1.346313	-1.205500	-0.586917	0.515257	-0.529807	0.291133	1.541194	1.967554	0.096030	-0.705445	-2.140777	1.198922	0.929890	2.370287	0.875940	-0.593056	-2.427854	-0.552112	-0.783213	0.361021	-0.596074	-2.864805	0.925553	-0.288246	-1.241120	-0.538498	0.010688	0.293013	0.516168	1.473362	-0.267719	1.869208	0.219851	-0.029120	-0.637597	0.703004	3.249995	0.763345	-0.875942	-1.847665	3.099916	-0.765530	0.446916	-0.925743	-0.254500	-0.600230	0.619820	2.321587	-0.021801	-0.582358
-0.417435	-0.068217	0.084686	-1.286966	-0.620190	-2.726518	-0.794618	0.411308	-0.429111	0.576598	-2.493115	-0.116699	-1.011489	-0.696974	-1.220516	-0.149289	0.276584	-2.529860	0.424056	-0.411632	-0.684393	-0.260622	1.416649	-0.051203	-1.914386	-0.133907	-1.226056	1.072712	1.532232	1.200218	0.125296	1.788933	-0.232810	0.055020	0.406101	-0.559945	0.572320	-1.309767	-0.955672	-0.328074	1.529062	-0.059632	-1.347677	-1.435037	1.186327	-2.185793	-2.696005	-2.542355	-0.845774	-0.700998
0.551239	-0.747260	1.386117	0.533025	1.166307	0.194981	-0.429923	0.482939	2.001480	0.472239	0.748771	-0.604194	0.610848	1.032394	-1.534714	-0.644034	3.336510	1.285178	0.781375	0.772621	0.588874	0.529831	-0.665690	0.662725	1.326137	2.034643	-0.281787	-0.189465	-0.949784	0.523513	0.126495	0.934276	-0.704352	1.859648	0.946904	1.173624	-0.686376	1.688696	1.376318	1.511569	-0.869992	0.796809	1.995719	1.091597	0.075218	-0.656303	1.824056	-0.500553	-1.882809	1.013545
-0.441010	2.559942	-1.212470	0.253806	-0.094401	-1.102272	-0.279863	-1.190312	-2.081661	0.711462	0.521178	0.616228	1.855255	2.086296	0.073691	3.074739	-0.440800	0.084993	-1.248691	0.066522	1.852888	0.092177	0.324501	-0.063840	1.650784	-1.164743	-0.330032	-1.768200	0.094771	-1.671714	-0.924702	-1.310265	0.381301	1.452620	1.670621	-2.112937	-0.652454	1.594541	0.139298	-1.778961	-0.480915	1.484707	-1.345243	0.892014	0.159905	1.010903	1.746027	-3.708186	0.949420	-1.981372
0.127086	0.047012	-1.946348	-0.365898	-0.798335	-0.337747	-0.110250	-2.024426	-2.480533	-1.799659	-0.750473	-0.473036	-1.630126	-1.478229	-1.829510	-0.988936	-1.648688	-0.972812	-0.251327	-0.041101	-1.107887	-0.570332	-1.355427	-0.238181	0.269913	0.363553	0.463247	-0.095735	1.436908	-0.177514	-0.567397	-0.958936	1.689235	-1.081746	-0.354635	0.467194	0.140966	-0.168762	-0.718994	-0.330350	-0.600486	-1.264122	-2.245608	-0.968295	0.284708	0.267854	-1.779194	0.255853	-0.844117	-0.241431
-3.020305	0.401190	0.802491	-0.802387	0.041000	-1.751917	0.276976	-1.451422	0.047106	-1.518703	-1.214673	-0.188148	-0.737343	-0.391393	-0.480214	1.525513	-1.412002	0.911513	-1.242055	-1.084692	0.315767	-3.054737	-0.522763	-2.308953	-1.210048	-0.394629	-0.688183	0.817487	0.724463	1.995914	-0.501574	0.541118	-1.693766	-2.360431	-0.032125	0.888596	2.145974	-1.242813	-0.830874	-1.687214	2.119679	0.246282	0.277555	-0.526349	-1.507510	-0.311582	-1.991245	-0.770419	1.379556	-0.252914
-3.383263	2.245123	-0.133261	-1.078266	0.547746	-3.114280	1.559491	-1.982048	0.788499	0.899998	0.422878	-3.643711	0.296863	1.165376	-1.066849	1.097890	2.934623	0.053566	-0.960009	-0.467642	1.034689	0.157716	-0.980383	-1.570868	-0.930240	-0.526892	-0.695512	1.487477	-0.108566	0.899483	-0.761398	0.669606	0.737910	0.602217	2.687232	0.645263	0.543473	0.767159	-1.098460	0.636661	1.049881	3.098158	0.304778	-0.304831	-0.150822	0.992302	0.946252	-3.644829	-0.471605	0.653531
1.236517	0.809631	3.449637	1.409349	3.582217	-0.293395	-0.668898	3.466563	1.069895	2.383208	0.552910	0.633057	-1.400753	0.598259	-0.860508	-0.929910	2.511521	3.804711	1.477887	-3.411419	-0.829935	-0.060072	1.007857	0.975159	0.329362	1.417849	-1.626278	0.126939	-3.321105	1.853785	2.751558	1.929280	-0.581105	-3.157557	2.379380	1.810041	-1.061243	-2.297425	1.928975	1.912577	0.459098	2.464058	0.360239	0.563987	1.451376	-2.764033	-0.108666	-1.271399	-0.686245	0.349381
-0.416977	-0.630042	2.300203	-2.779271	1.614986	-2.391396	-0.239598	0.690142	-0.553335	1.214169	-1.747459	-1.612873	-1.440695	-2.655547	-1.943322	-0.214651	-0.934224	1.884307	0.813477	-0.643142	-1.636901	-1.761939	-0.390088	-0.811076	-0.289165	1.839127	0.101658	0.562763	-0.339684	-1.409747	1.947550	0.845483	-2.314346	-0.323675	0.755508	-0.972886	1.719529	-0.374637	0.888801	1.521508	2.256616	0.419195	-0.802322	-0.389776	0.392990	-2.028242	-0.664356	-0.992059	-0.413943	-1.347536
-0.115667	0.080072	-0.653828	-1.604269	0.683504	0.029596	2.636636	-0.845382	3.238242	1.111816	1.160403	0.203710	-1.199186	-0.031052	0.781372	-2.600978	0.652554	-1.291696	2.224998	0.141578	-2.796318	1.681525	-0.880296	0.721556	-2.167528	0.490510	1.563339	-0.587574	1.158016	-0.517062	-0.546257	0.585798	0.849494	-1.437909	0.095089	-0.099837	-2.272368	-1.936942	0.310806	1.742911	-1.247170	-1.032649	1.202807	0.238899	0.522793	0.222417	-3.405264	0.977269	-2.809261	0.445953
0.032511	0.674461	-0.702355	0.359130	-1.498361	0.185439	0.275985	-2.805450	-1.851380	-1.797934	-1.307816	1.651427	0.461106	-2.262120	1.522775	2.204592	-0.877794	-1.987864	-3.490881	-1.810209	0.622517	-0.731754	1.691455	0.230438	0.527383	-0.390515	-0.838626	-0.092031	-0.122566	-0.367796	0.301067	-2.279937	-0.219706	-2.739681	0.242328	0.678901	0.048460	-2.186602	-1.446128	-0.288263	-0.669275	-1.028467	-2.157614	-0.830833	-1.058582	1.763671	1.130985	0.607369	3.533006	-2.147101
2.782539	0.394953	3.689677	0.562855	2.122668	-0.184556	0.952877	3.730325	-1.191692	1.969604	-0.050294	2.647625	0.587091	-0.770196	-0.492103	-0.404877	0.336484	2.139303	1.730739	-1.460454	-2.179656	0.836983	2.399472	3.008553	-1.125585	1.516008	0.557036	-0.265926	-1.287481	-0.689975	2.674494	-0.399162	-2.135156	0.089481	1.140791	0.105945	-0.193221	-0.849811	2.129119	-0.166612	-1.619544	1.318720	0.523843	-0.154843	0.610364	-2.419698	-0.202879	0.510958	0.432412	0.345581
2.900589	0.845363	-2.136243	0.002165	-0.288920	-1.274761	0.979273	-1.705364	2.463993	-1.881000	1.651997	0.142550	-0.551469	3.283150	0.046720	0.624005	-0.626369	-3.040034	-1.476824	-0.292183	0.990324	-1.393054	-0.722953	2.918235	-1.584902	-0.882643	0.522112	0.206877	-0.876400	0.261735	-0.298336	-0.098950	1.557326	-1.808237	0.632742	0.250818	0.967850	-1.100638	-0.716036	1.129549	0.583187	0.782053	2.081863	1.571064	0.922406	1.080702	0.184141	-1.647402	1.842786	1.794366
1.259532	-3.333910	-2.106104	0.725374	-0.143188	0.218581	-2.177277	0.725920	0.122153	-0.206104	-1.680670	-0.758270	-0.047505	-1.542767	0.291740	0.724599	-0.386448	-0.130905	-0.427592	1.814119	0.407977	0.086805	-1.209860	0.036884	0.699036	1.597906	-1.624756	0.632886	2.016448	1.748647	-0.548752	1.105707	1.159252	-0.323535	-1.958382	-0.794050	-0.581813	1.398278	0.258844	2.660363	1.116047	-1.925406	-0.936816	-0.946085	-0.633508	-0.442682	-0.121105	3.275136	-0.485944	-0.831879
2.223643	-1.733191	-0.183703	-0.836618	-0.495689	-1.670637	-0.164002	1.500975	2.979704	0.999405	0.564408	-0.008542	1.291255	-1.037480	-0.626295	-0.260894	-0.650128	1.894677	-0.064862	2.089980	-0.808021	0.697978	-0.218226	2.086073	-0.184615	1.356245	-0.922304	-0.857356	1.577072	-0.374409	2.362184	0.697909	0.094668	0.921979	-0.365820	-2.701577	0.973261	2.680255	0.275902	-1.173506	3.046117	0.644948	1.575184	0.362289	-1.055285	-1.028657	1.165281	-1.113743	2.161306	-1.137271
-1.372495	-1.906044	0.211702	-1.734801	4.419145	0.027019	1.835267	0.327550	0.396782	0.160430	0.049014	-2.118496	-1.206652	-0.200291	1.677820	1.232064	1.072424	-0.324656	0.264814	-3.038352	1.676916	-0.827678	-2.682817	-2.326036	-2.005273	2.005398	-2.584082	0.555222	-2.081294	2.678477	0.144579	-0.897339	-0.440938	-2.395354	-0.378828	0.855004	-0.865347	-2.390839	2.454495	2.259082	0.669454	-1.085710	1.407901	-0.585093	3.935850	-0.337379	-0.166671	0.936990	0.171987	1.919867
-0.041675	-1.248714	-1.465757	-0.124039	-0.890602	0.676401	-0.545451	-3.201423	1.997446	-1.454128	-0.437601	-0.583307	0.529326	1.320286	0.503831	0.315480	0.431318	-1.754494	-0.539953	0.900530	0.974562	0.296008	-1.867177	-0.614717	0.762942	0.671705	0.582449	1.643417	-0.986651	1.835686	-0.152529	0.790005	0.334840	-0.705241	-0.603708	-0.771151	0.047713	-2.298983	-1.205438	-2.225544	0.342950	0.103084	0.602098	0.490848	-0.239972	2.572337	-0.156284	2.289815	1.021355	0.732789
2.035253	0.702260	0.570312	1.927585	1.589469	-0.070878	0.419544	-1.689440	-2.044722	-0.479002	-0.563246	1.751276	0.247773	0.589564	0.562699	0.540043	1.874226	1.442158	1.209755	-3.313026	-0.207398	-2.225907	1.245438	2.106566	0.923961	-0.487457	-0.231992	-0.764267	-2.261781	1.261012	-0.407611	-0.325424	0.218339	-2.176481	1.930567	1.742464	0.737345	-1.305334	0.779603	0.714354	-0.666585	1.370817	-1.759114	0.512249	0.614173	2.463964	-0.096443	-0.128627	1.503198	-1.115642
0.813284	2.691459	-1.444255	-1.244776	2.373372	-0.324122	-0.111996	-0.330806	-3.834501	-2.005382	-0.478260	-1.345171	-0.511552	0.097788	-1.112563	-0.537026	-1.530754	1.199205	1.305460	-1.593966	-0.315527	0.131322	-1.388651	1.337089	-1.817070	-0.576476	-0.735075	0.380765	-0.505065	0.637792	-1.111749	0.209900	-1.221733	-0.455946	1.181055	-1.541138	0.074772	1.370876	1.394488	3.049603	-1.655983	0.968505	-3.048375	-0.113920	1.602348	0.326116	0.063828	-0.109661	-0.464505	-1.894487
-0.786575	-1.385627	1.654402	-1.676156	0.650765	-2.551498	-1.645824	2.547546	-0.782005	0.424102	-0.361515	-2.892313	0.064405	-3.257609	-2.299532	-2.578667	-0.824616	2.157372	1.293730	0.876082	-3.454421	-1.345965	-2.145732	-0.454593	1.566546	1.001303	0.057810	-1.454186	0.556063	-1.625480	0.722535	0.613108	-0.704447	1.387740	-0.369294	-2.042392	0.506327	1.165284	-0.498164	0.696788	0.831270	-0.402571	-0.276060	-2.466471	-0.114946	-2.278780	0.750776	-1.211988	-0.553325	-1.060688
0.378562	-1.464343	-0.583661	0.590911	-0.062352	0.646193	-1.233405	-1.728283	-1.625359	-0.641350	-0.544373	-0.331193	0.739329	-1.443519	2.646616	1.494005	0.238380	-0.726706	-0.638863	-0.787235	3.073828	-1.049085	-1.151305	-0.083623	2.495053	-1.093516	-0.358228	-0.405013	0.995360	-0.912110	-1.814736	-0.728399	0.324990	-0.951811	-2.286024	1.736197	1.952041	0.699462	-0.223564	0.177211	0.591015	-1.853159	-1.256949	-0.984661	-0.421020	1.873422	-0.416786	2.540695	0.500350	-1.227470
3.555269	-0.881047	-3.594841	0.742255	-3.852895	0.929702	1.700426	-0.838929	2.436957	-2.322879	0.503230	0.381075	0.089587	-0.298375	-1.470143	3.678629	-3.379777	-3.254017	-3.118035	2.987451	0.428224	0.831689	-0.157603	2.002168	-2.681759	0.564318	1.339608	0.879586	-0.343918	-0.109798	0.136790	-1.554580	1.052848	0.329810	-1.183543	1.343344	-1.268099	-0.401234	-1.810334	-2.338423	-1.334106	-1.235425	1.936089	-0.136079	-0.356427	1.641201	0.431622	-0.423498	2.020719	2.284483
1.681143	-3.050624	2.165788	-1.328325	-2.477996	1.751961	2.010219	0.190120	0.294774	-0.990857	-2.235770	-1.088158	1.756596	1.467414	0.643744	0.876756	1.950396	-1.404188	-1.848446	2.204334	0.693537	3.162531	0.867233	-0.013135	0.835558	1.596602	-1.139604	-0.476814	2.769288	1.888183	-0.172219	-0.072544	1.270647	3.666449	-1.352561	2.693855	0.285643	3.749183	-1.507858	-1.490875	2.613469	-1.645801	-0.932808	-2.433427	-1.883039	0.954391	2.065772	3.751144	0.670036	0.473940
1.483361	-2.656163	-1.406956	1.792184	-0.443799	-0.100401	-0.584171	-1.934658	-0.950391	-1.325540	-1.775897	-0.002290	-0.665292	1.512911	-0.899771	-1.428581	-0.192108	-1.941458	0.345339	0.120526	-1.116242	-1.809937	-2.055698	0.152147	0.383505	0.708025	2.035835	1.716205	0.413411	0.811405	-1.596751	1.085085	1.322992	0.735989	-2.199005	2.057821	2.219486	0.684189	-0.947585	0.549474	-0.296679	-1.236954	-1.192220	-1.477672	-0.433205	0.964341	1.477763	3.727072	-0.976180	-0.959379
0.785336	-1.019407	-1.769303	0.496978	0.287103	0.087474	0.279324	-0.664028	0.491243	-0.610006	-0.192067	-0.301513	0.943765	0.684330	-0.069537	1.010505	-1.179973	-0.407543	-0.845737	-1.652391	0.782140	0.234692	0.952924	-0.556346	1.071924	-0.074837	0.608792	-0.209443	-0.423171	0.082379	-0.938621	-1.217817	0.677723	-1.995132	0.173318	0.177167	-0.477881	-2.170318	-0.715668	1.041230	-0.569861	0.265404	-0.478196	1.291676	-1.086682	0.770468	-1.327590	-0.673305	1.592953	-2.447153
0.238410	1.303916	0.926329	-0.421306	0.703507	-0.512538	2.397061	-0.961375	1.687663	0.923655	1.421838	-0.330060	1.253827	3.058572	2.030601	0.694109	0.275098	0.334457	-1.258545	1.453038	-0.126039	-1.182460	0.096137	-1.101761	-0.358962	0.483154	-1.038665	1.605728	0.309904	2.612342	-1.085253	-0.254163	-0.286414	0.829975	-0.194188	2.129294	0.768608	1.514898	0.859504	-0.476198	-1.076539	1.235936	2.461713	0.782339	-0.122330	0.057975	1.137582	-0.035145	3.499297	1.402881
0.901318	1.296550	2.147520	-0.196111	0.449220	-2.784054	1.430245	1.268494	1.049738	1.583502	0.128732	0.672092	0.036410	-1.488542	-0.893775	0.194357	1.533806	1.118718	0.043862	-0.637922	-0.363005	0.719221	-0.419467	0.118612	-2.421883	-0.628613	0.156189	-0.026635	-0.576517	-1.438156	-0.293393	0.343305	-1.265264	0.021804	-0.168874	-0.072320	-0.991780	-0.503022	-0.180078	0.799178	-1.246687	0.668155	1.342928	-0.985648	-1.498492	-1.994693	-0.039459	-1.378126	-0.251526	-0.937429
-3.039680	3.097125	1.186940	0.639680	0.341557	-0.546321	-0.493678	2.021626	-0.555658	1.811134	0.278133	0.133082	1.330239	-0.338641	1.077637	0.907448	2.856536	0.856220	-0.046802	-2.116331	-0.190248	-0.669646	0.925066	-0.286468	0.184551	-0.671334	-1.666794	-1.591047	-1.098980	0.298919	2.632131	-0.414820	0.300438	-1.054159	2.547654	-1.608578	-0.610517	-1.695571	-0.601854	-0.751386	-1.008730	1.960612	-0.194865	-0.833793	-1.311338	-1.882133	-0.505238	-0.358278	-0.354891	-0.523064
1.057413	-3.058278	-2.037024	-1.573876	0.085487	2.512042	-0.344381	-0.349740	-1.058118	-2.507611	0.569344	-0.561456	-0.575728	0.376540	2.049784	1.597901	-2.154454	-0.487600	-2.323210	0.909898	1.150416	-0.755085	-1.079491	1.169316	1.129740	0.704828	1.721660	0.293124	1.958911	-1.686056	-2.374429	-0.865346	0.019860	-1.799397	-2.520774	-0.607576	-0.580364	-1.517613	-0.739393	0.112730	2.834189	-3.405645	0.089325	-0.497696	0.336572	2.655219	-2.774202	2.960600	2.595233	-1.654596
0.517008	-1.340629	0.424313	0.433921	1.644474	-0.285778	0.703090	1.963095	0.386429	1.077255	-1.560162	-0.712200	-2.823670	0.976368	1.003837	-0.716960	0.537568	0.324628	-0.489461	-2.918760	1.046439	-0.931525	-1.482259	1.228347	-2.016495	1.385613	0.753295	2.527802	-3.308140	3.331156	1.436515	0.828529	0.441566	-4.128199	-0.468654	0.678579	-1.739041	-2.608090	0.399980	0.941305	2.907198	-0.100859	0.303037	-1.223612	0.953695	-0.749935	0.466429	-0.388702	-1.336211	0.396262
-1.516453	0.810574	-2.015944	-0.089618	-2.955107	0.276595	0.530945	-0.687729	-0.980223	-0.436041	1.064698	1.110447	0.236501	-0.710980	0.696133	-0.698664	-1.535721	-0.228592	-0.540126	2.579009	-0.884153	2.744450	1.094653	0.012751	-0.155233	-0.614690	2.325402	-0.506650	3.427366	-2.435563	-0.743434	-1.218405	0.630348	3.182406	-0.491222	-2.994584	-1.471292	3.377694	0.062023	-3.471037	-3.170235	-0.214474	-1.101313	0.747270	-1.571804	1.439567	-0.235186	-2.071445	-0.584626	-0.738339
-3.563845	1.626912	1.601065	-1.044850	-0.818651	-0.994003	-1.143368	1.927370	1.507115	2.905786	-0.536597	-0.360799	-0.813208	2.030883	0.173295	-2.442011	-2.655442	2.536608	2.838652	2.353671	-1.753669	1.448277	-1.709888	-1.885057	-2.126371	-0.017788	-1.632320	-0.687075	0.177838	1.131787	0.660735	1.437374	-2.277544	0.662143	1.959594	1.593536	-1.106103	2.181002	0.712907	0.141184	-0.596168	1.769116	0.892135	-1.184666	-0.966453	-2.967017	-0.487197	-3.433902	-4.292655	0.399624
0.002870	0.082713	-0.432098	1.797700	-0.114719	0.280336	-1.743299	0.456784	-3.927530	-1.519506	-0.917481	1.724094	0.592955	-1.082050	0.735432	-1.852710	0.681868	0.288903	1.571787	-1.091069	-1.389031	0.138136	1.046986	1.363164	2.914102	-0.864197	1.340717	-0.378854	1.910223	-1.537761	-1.347983	1.684367	0.249203	1.285555	1.435560	-1.706048	1.169235	1.467179	0.754675	-1.862343	1.175123	1.588693	-4.340522	0.003226	-0.140613	1.978777	-1.756433	-1.099736	-2.579403	-2.785576
-0.592781	0.582736	0.930665	-1.151244	-2.122942	-0.923306	-1.308136	1.970209	-2.670286	1.329955	-2.453543	-1.161733	2.074120	-1.030909	1.055721	1.064951	-1.951392	-0.780323	-1.726898	1.936649	1.154551	1.483540	-0.352126	0.256350	-1.879107	-1.491361	-3.005189	-1.783175	1.659772	0.383259	0.408331	-2.508008	-2.998487	1.952182	-1.042829	-0.010556	1.043558	3.302682	-1.680217	-0.074946	-1.690315	-1.384276	-3.354820	-2.086935	-0.668935	-2.688331	0.774674	0.884322	1.648388	-1.323155
2.042910	1.015482	-1.472115	2.443394	0.993388	0.846228	0.445061	-0.230509	0.127034	-0.512004	2.220029	1.600804	-0.818223	-1.390552	-1.308849	-0.803598	-0.112863	-1.372187	2.553753	-2.084207	-0.546010	-2.397473	1.494574	4.333601	-0.073210	-0.059519	2.543092	-0.966014	-1.171574	-2.675842	-0.013891	-0.511752	1.665861	-2.145071	1.845235	-1.943622	0.052498	-1.519248	0.883813	0.676481	-0.453472	0.750374	-0.563217	1.779655	0.976592	0.468089	-1.257932	0.431876	-2.524001	0.845361
-0.671569	-0.214225	-2.016643	0.883552	0.410782	-1.074910	-1.160938	-3.183935	-0.575240	-2.097009	1.047174	-0.203403	-0.773622	-1.640948	0.367474	0.998986	-0.286262	-1.433318	-1.218156	-2.061150	1.202900	-3.099418	0.241616	0.254110	3.076419	-1.675007	1.485357	-0.391654	-1.990151	0.052855	-0.834921	-0.296949	0.006332	-2.399634	-0.886743	0.747062	0.945055	-1.800658	-1.024311	1.316056	-0.351048	-0.813988	-0.363920	1.088871	-0.319730	2.361178	0.663665	-1.346830	0.956653	-0.736118
3.566569	-1.021416	0.098169	0.996061	-0.082602	1.716787	-1.605121	0.711673	-1.061708	-1.394846	-0.141735	1.452264	0.167014	-2.650242	1.386355	-0.049867	1.401717	1.253923	1.765337	0.954850	-0.588623	0.497117	1.632350	2.935394	2.128995	0.491897	0.420059	-0.358132	1.861310	-0.816455	-1.703502	1.060247	-1.539021	1.542272	-0.547182	0.351250	-1.013816	1.657038	1.800437	-0.564442	0.641309	0.407444	-1.634718	1.315767	-1.025686	1.098507	-1.345665	0.252002	-1.007510	-1.773922
2.881664	0.611854	1.322443	0.324926	0.307835	0.367977	0.364449	0.006153	2.499039	0.665459	0.290469	-0.312144	1.175182	2.127593	0.306486	0.456229	1.395989	-0.485337	0.367495	-0.305267	0.385347	0.293131	-1.719605	1.089838	-0.903986	0.821572	0.626317	-1.229604	-0.342875	-1.321721	2.098057	-1.041221	-1.481869	-0.787726	0.473666	0.599045	-0.719488	-1.583969	-0.546879	0.986418	-1.886078	1.558848	1.113780	-0.965598	-1.885475	-1.150096	-2.135970	-1.973399	-0.225676	0.286472
0.325598	0.258230	-1.496312	0.958009	-2.151056	0.817984	0.110886	1.282202	0.515326	-1.349143	-0.386360	1.193364	1.833192	1.008223	1.582336	0.801232	-2.145551	0.259965	-1.728313	3.029629	1.609558	1.039262	0.581688	0.628427	1.500380	0.483612	-0.420324	-0.727131	2.259980	-0.286388	-0.959695	-0.441122	1.979258	0.765498	-1.487451	0.463887	-0.757840	-0.435684	-0.435865	-1.220975	0.247055	-1.280404	0.533780	0.240931	-1.967152	-0.218821	-0.707085	-0.717439	2.077974	-0.378140
-1.548094	0.557216	1.201546	-0.516144	1.263889	-0.533831	0.076672	2.897229	-1.341730	-1.173666	-0.183586	-0.908244	0.040129	-1.298867	-0.162700	1.481084	0.400658	1.042671	-0.464162	-0.786564	1.640748	1.606371	0.213540	-1.683677	-0.908435	-1.631542	-1.858481	-0.975276	-1.409021	-0.658282	-0.045273	-1.200360	-0.166399	-0.104277	0.482637	1.347413	-2.132115	1.407999	0.783437	0.438269	-0.538155	1.005326	-0.131708	0.209775	2.153934	-0.656355	1.015329	-1.591800	-0.385270	0.614460
1.915318	-2.740071	-0.717964	1.581766	-2.330247	-2.180994	-1.002978	0.987475	-1.938770	0.726791	-2.462976	2.085451	-1.163723	2.372048	-2.240386	-3.067637	-1.511481	-0.904688	1.686049	-0.016223	-1.431330	-3.486463	1.794144	0.423597	-2.336837	1.261127	-0.117404	0.321751	0.717787	0.926066	4.201134	0.002706	0.530427	-0.125053	-2.027304	1.661333	4.325284	-0.528270	-1.204857	-2.240886	-0.231698	-2.556992	-1.238637	-0.125940	-0.215506	-2.101737	-1.987758	0.994776	-3.547911	-0.795048
-0.458425	0.678314	-0.252096	-0.006944	-0.747323	-3.108676	-0.914667	-1.956044	0.490680	-0.789430	0.407267	0.461298	-1.148471	-0.144057	-2.081986	0.458760	-1.880268	-0.567833	-0.271812	0.612047	2.064998	0.597479	-0.293746	-0.692758	-0.090962	-2.060290	-0.224788	1.707588	0.328558	1.705968	-0.122111	-2.029211	-1.108070	-2.141209	-1.089884	-0.946148	-0.271972	-4.287945	0.954877	-0.824277	-0.144787	-0.130644	-0.955038	0.027763	-0.668083	-0.553063	-3.578842	-3.173453	1.115344	-0.725177
1.401158	-1.239373	-0.362152	-1.362849	-0.161265	0.260385	-0.952322	-1.225844	-1.912697	-2.459982	-0.485819	-0.884824	-1.964230	1.162528	1.057640	-1.760617	0.490543	-0.371712	1.566705	0.622640	-2.125357	1.396120	-2.266758	-0.001446	2.668003	2.686616	0.711504	1.406273	3.646515	0.542208	-2.524880	-0.449057	-0.582291	1.670033	0.574976	0.371321	0.134231	2.138704	1.466583	-0.456022	-0.966012	0.278710	-2.088475	0.055683	0.597183	2.354597	-0.670080	-0.121832	-3.459696	-2.249909
-3.713092	1.008494	1.440667	0.757654	0.224491	0.019381	0.488921	0.792579	0.175575	1.329655	-1.313947	-0.793961	1.825765	0.240586	-1.804526	-0.175935	0.206838	2.357140	-0.797028	-0.023438	-0.582721	0.942647	-0.313109	-1.807226	-1.492716	-0.339689	-2.122687	-0.991092	1.211594	0.059157	1.540154	3.161089	-0.473833	-0.436637	2.286571	0.062642	-0.914698	-0.853169	-0.112844	0.312403	2.678066	2.315728	-2.171754	-1.081815	-2.210149	-1.453078	-1.562559	-2.364969	0.576798	-1.351653
2.287652	-2.718209	-1.917201	1.457733	-1.266148	1.116889	-2.003619	0.147371	3.175477	-0.362527	0.228017	1.465288	0.281588	0.314985	1.736980	-0.409580	-2.341630	-0.994117	0.068538	0.229818	-0.163045	1.191082	0.614095	0.395847	1.155301	1.467639	0.070470	0.972841	0.743691	-1.124665	0.132984	-0.365076	-0.047507	-0.470683	-2.513078	0.862229	-1.022760	-1.207376	-1.474943	-0.166326	-0.173510	-1.606550	1.321180	0.426945	-1.565638	0.477969	-1.336445	0.221560	0.253306	-1.218114
0.139416	0.803755	1.850745	0.858380	-0.111486	-1.961484	-0.232289	0.550734	-3.236981	1.988396	-0.853470	-0.279631	0.050126	1.385124	-1.453804	0.194288	-1.030995	-0.467026	-0.252137	-2.634161	1.237317	-1.557283	1.471876	-0.353160	-3.386901	-1.340951	-2.596181	-1.591511	-1.296156	0.629966	0.499530	0.048350	-0.984574	-1.338582	-0.333523	1.194008	1.458710	-0.518984	-0.716865	1.544779	0.168999	-0.547912	-3.178212	-0.176815	0.252491	-1.688979	0.285024	-1.535232	0.480172	-1.956993
1.559449	0.549723	4.055891	2.188642	0.742704	0.444051	-0.932155	1.858472	0.750502	0.520000	4.217074	2.462138	1.222719	-0.490207	0.817456	3.348293	1.854178	1.125038	-0.980721	-1.226428	2.749028	1.412039	2.906451	2.173305	-0.629982	-0.601577	-1.523064	-1.329815	-1.527873	0.709099	0.916336	-0.795425	-0.944021	-0.945452	0.411378	-0.956681	-0.394590	-0.490562	1.289434	0.453346	-0.772949	0.391742	2.150768	1.815877	0.563203	-0.850432	0.820470	1.597961	1.955067	0.304730
1.044164	-0.846862	-0.885961	2.484444	-2.745474	-1.071018	0.589879	1.399138	0.213860	0.555911	-0.278839	3.118679	0.237513	-0.069164	-0.285317	-1.227070	-1.385259	-1.412386	0.911431	1.238247	-0.662541	-0.492972	2.617706	0.044418	-0.659458	1.198462	-0.042472	0.989063	-0.187356	-0.376839	4.102146	1.408667	1.343168	0.645014	-0.488179	0.451878	1.007488	0.262468	-1.679647	-1.741050	1.003814	-0.171517	0.115960	-0.129387	-1.367491	-1.400203	0.851206	-0.386353	1.152451	-0.751241
2.768007	-1.105755	1.661954	0.118181	2.029491	-0.875684	0.811265	0.323066	-1.638076	0.106009	0.907209	0.199767	-0.239258	1.655670	1.086359	0.465559	0.432239	3.706924	-0.223746	-2.866531	-0.702214	-1.342065	1.172702	2.127611	-0.917031	-0.512906	-0.021261	0.445984	-2.473222	0.930975	0.174396	-0.735246	0.390452	-2.918149	-0.287939	1.016929	-0.147332	-1.365466	1.818418	-0.770886	-0.529413	-0.728813	-2.104140	0.698047	1.828282	0.270627	0.512490	1.868078	0.060187	0.034693
1.521560	-5.812189	-0.041129	-1.306191	-0.637850	-2.086428	-0.423373	-1.979049	-0.146497	1.218742	1.005820	0.215296	0.234298	-0.289263	-1.155132	-1.341288	-0.164974	0.016360	0.211685	0.331994	-0.681082	-2.837823	1.298934	-0.220533	1.591010	1.763148	1.142640	2.457210	2.827319	0.727358	-0.187748	0.551948	-0.410913	0.309731	-2.979555	-0.399698	3.942771	0.676654	-0.254248	0.696780	2.522227	-1.939593	-0.676574	0.666653	-1.706495	0.816767	-1.712596	2.776078	0.247326	-2.184057
