X9	X27	X26	X19	X41	X35	X5	X23	X18	X36	X46	X3	X12	X43	X32	X6	X25	X37	X47	X16	X34	X1	X44	X2	X13	X22	X39	X17	X50	X28	X31	X20	X45	X7	X11	X33	X29	X40	X4	X14	X42	X15	X24	X10	X21	X30	X38	X48	X8	X49
-0.999780	-0.243456	1.414748	0.206665	1.634653	1.124844	1.395462	-3.004244	1.276410	-0.465912	0.763648	-0.807777	1.268763	0.967073	-0.805301	0.239640	1.716315	-1.787802	1.353093	-1.364171	1.259123	0.897820	1.909301	-0.725465	-0.750822	-0.982224	1.008327	2.706483	0.596893	-2.363347	0.073777	-0.100104	-2.128775	2.758958	-0.920563	0.627418	-0.012415	0.548903	1.462354	0.868558	0.505103	3.278035	-2.074535	1.083969	2.923268	1.426706	-1.165515	-2.326090	0.641970	0.730477
-0.797751	-2.128093	-1.252562	-0.342048	0.260376	0.656213	0.740062	-0.957455	-0.093390	-1.816516	-0.254217	-0.854989	-0.117406	0.719838	-0.015518	0.185698	0.885240	-1.689784	1.132957	0.402073	-1.060462	-1.073474	1.024678	-1.952236	0.328915	0.118745	-0.916589	0.262205	-0.123426	-2.800402	2.013864	1.001066	-1.035986	0.438752	0.511929	-1.474081	0.668634	-1.881077	0.236698	2.073920	-1.890751	1.425213	-1.191887	1.072765	0.758761	0.011594	-0.599389	-0.867828	-1.983679	0.642679
-1.698734	3.397056	0.296889	1.505538	-0.432297	1.581520	1.879485	-4.077075	-0.527834	-1.809837	2.004836	-1.364699	-0.915601	0.856469	0.494833	1.156293	2.538919	0.943095	3.202742	-0.429776	-0.408008	0.331410	0.986335	0.822003	1.407733	-2.693239	0.784837	0.990882	-0.632778	-1.244901	0.656101	1.784976	-2.437608	2.712828	1.528718	0.871225	1.960732	-2.356494	1.158300	2.748926	-0.074884	2.500296	0.174737	2.576940	2.493691	0.205468	-0.656152	-2.432115	-0.217658	2.176426
-1.394114	1.316489	-1.246106	-2.331743	-0.246299	-1.742939	2.423108	-1.920928	1.866587	-0.434989	1.359060	-1.737264	-0.553334	0.664986	0.453878	0.369489	0.338793	2.201073	0.931600	-0.928374	-2.724294	-0.524668	-0.695596	4.034714	0.367551	-0.825130	0.780753	-2.434949	0.656475	0.466715	-2.759684	-0.451500	-0.312453	-0.248806	3.033684	1.864451	-1.721994	0.523881	0.768037	2.571379	0.969727	0.525587	1.985561	-0.216731	2.017178	2.247607	-2.398843	1.853659	-1.249204	2.617457
1.906625	1.757068	1.162685	1.549873	0.494877	0.572933	0.847694	1.042523	0.803097	1.123042	0.142529	1.095274	-0.546685	-0.635720	0.825795	1.731598	0.146439	0.411291	2.029916	-0.314751	-1.627108	-0.630000	0.704669	-0.429752	0.952714	0.725716	-0.487482	1.481846	-0.851011	-0.471018	1.070150	-2.005892	0.934209	1.461155	0.307121	-0.291992	0.196435	0.556700	-1.333828	0.295518	0.697906	1.075571	-0.723618	0.594729	-0.378073	-0.311616	0.836552	2.107036	-1.234564	2.118784
1.757514	-1.072067	0.128718	-0.352727	2.555806	-0.325439	-0.284584	0.692190	0.919342	2.769508	0.884237	1.591352	0.594832	1.460649	-1.602686	-0.631318	-2.058486	1.912597	-2.969642	2.026863	0.485870	1.065444	-1.531037	1.523521	-1.032484	2.706098	-0.282978	1.602642	0.880140	-0.009004	-2.154232	2.067509	0.644500	-0.787957	-0.598587	1.811072	-1.373634	4.096381	0.851100	-2.175687	1.089077	0.719972	2.008643	-0.848178	0.419762	1.276152	-0.179222	0.692422	-0.469985	-0.496018
-0.868242	-2.521854	-0.083183	2.186768	-1.360005	-1.797381	0.266443	-0.643204	1.686221	-0.709454	0.028828	-0.369992	-1.353670	1.771045	0.110819	-1.109412	-2.132017	-1.884613	-1.532611	-0.855749	0.998066	-1.043426	-0.771761	-1.621518	-0.348737	0.835514	0.608530	-1.414556	0.607710	0.247290	1.052500	-2.526469	0.582647	-1.835840	-1.255444	-1.501715	-1.573350	1.252569	1.081957	1.038365	0.859383	-2.488073	-0.124507	-2.061002	1.361586	1.164075	0.065924	0.091599	0.180845	-0.203006
-1.361405	0.992440	1.631106	1.228567	0.689004	-1.183404	-2.488491	-3.288909	-1.416386	0.068998	-2.434712	-3.129035	2.185302	-1.441006	-2.435072	-2.375335	0.526761	-0.416261	-1.512401	-0.894619	3.310047	-1.332336	-0.241989	1.264182	-2.926743	0.982152	3.069054	1.011939	2.448123	0.047113	-0.609836	2.581453	-1.873034	0.351068	1.969627	0.293240	-1.378621	0.349923	0.432292	-1.867647	0.325374	-0.113922	0.239860	-2.354453	1.696771	-0.263421	-2.743167	-3.220678	1.876202	-2.330991
-2.305930	0.945838	-1.670659	-0.508412	2.770053	-0.454535	1.024022	-2.632687	0.019745	-0.460244	0.545356	-2.321892	-2.805798	-0.511009	1.405588	0.436607	1.579689	-1.688387	1.869807	-0.276697	-5.208885	-1.746749	-0.114315	-1.905826	1.402064	0.856787	-0.264820	1.265778	-0.198716	-2.126548	0.562312	-0.971918	-3.349792	-0.938696	-1.244871	-1.503140	-0.839312	2.219931	-0.703605	3.778112	-0.647837	0.644424	0.160697	0.420591	0.847332	-0.559103	-1.557528	0.471754	-3.957480	1.255270
-0.020217	-2.705743	0.673785	-0.485831	0.794332	1.035888	0.824415	-0.756857	0.844011	0.713724	-1.248857	-1.533817	1.844498	1.264425	-0.489978	-0.296182	-0.332013	0.348514	1.080838	-1.813822	0.165219	-0.055907	0.967710	-0.232947	-1.542271	2.744717	0.058246	-0.397145	1.313048	-2.850059	0.953421	0.603071	-1.163072	-0.871533	1.452390	0.316423	0.032809	3.496979	0.581429	0.868145	-0.459418	-1.117185	0.791741	-1.048909	0.200999	2.097478	-2.002451	-0.348635	-0.270846	-0.031124
-2.282635	2.344854	-3.018543	-0.020350	-1.108495	2.306725	2.077846	-1.421440	1.343389	-0.637504	-0.421372	-1.540413	1.020960	-1.133703	-0.465657	0.782351	1.572239	-0.803971	3.316106	-1.055478	0.001589	-1.008639	0.868506	-0.022495	0.092608	-0.241494	-0.270894	-0.643620	-0.434130	-0.618664	0.898435	-0.131805	-1.757080	1.925489	-1.204798	-0.171959	1.753263	-0.375734	-0.633636	1.147488	-1.768052	1.708826	-0.349525	1.399750	-0.353219	-0.114927	-1.633041	-1.076097	-0.584430	1.747165
0.666056	-0.681727	-1.324515	0.767915	1.131165	0.915737	-1.356181	0.188232	-1.975028	1.271555	-0.599523	1.477591	1.302526	1.066658	0.178461	2.156711	-2.107666	0.790140	-0.359389	1.069062	2.360384	0.576441	-1.202172	0.770810	-0.420275	-0.468460	-0.038812	2.011096	-2.280132	-1.671732	-0.454280	0.215667	1.694728	-1.966253	0.254481	1.184453	0.680289	-1.142888	0.751797	-0.493646	0.667474	-0.934488	2.116793	-1.066738	-0.967834	-1.237484	1.316935	0.913977	2.346362	-0.937988
-1.007870	-0.307829	0.632747	-1.209127	-2.298845	-1.036762	-1.851407	1.768860	0.952289	0.612076	1.192086	0.210624	-0.121454	0.766116	0.017584	-2.986103	-1.628186	1.136889	-1.894414	-1.547476	1.927511	-0.339493	-1.094263	2.341636	-0.593111	-1.556811	1.463504	-0.976744	-0.346741	3.239614	-1.769885	0.042847	2.429513	-0.920489	2.073938	2.030908	-0.556614	-1.423994	0.658201	-1.986186	1.815336	-2.368049	0.687568	-2.578934	-0.940967	0.375890	-0.118144	1.006358	2.349763	-2.004724
-0.108119	-2.506062	-1.054797	-0.420471	-0.512140	0.516433	-0.920321	-2.669718	2.569193	0.928573	-0.070394	-0.463869	-1.205344	1.384748	-0.608325	-1.831760	-0.933823	1.013301	-0.757922	-1.616346	1.857929	-1.314828	0.630907	0.107514	1.085781	-0.073162	0.786722	2.245432	-1.064188	-1.042831	-0.185855	0.372777	0.527767	0.028952	2.222083	0.904207	0.645707	0.567963	0.861555	-0.775939	0.099977	1.130429	-0.171203	-0.835081	3.095987	2.329019	-2.343343	-1.661355	-0.094732	0.039876
2.029187	-1.295300	-1.096335	-1.091468	1.072319	2.189846	-1.199561	1.572247	0.793519	-0.502317	2.273713	2.106092	-0.767924	0.753153	0.826391	1.657711	-1.463452	-3.043586	1.028281	0.931509	-0.714621	0.808215	1.987006	-3.567315	1.124035	0.886774	-2.678244	-1.200715	-1.664309	-1.463908	1.342425	-2.111762	1.703320	-1.742278	-2.797115	-3.396920	1.739156	0.509432	-0.377572	-1.367536	-3.391536	1.197019	-1.330754	-0.558497	-0.259807	0.858316	1.122008	0.678771	-1.869789	0.018523
0.854904	-1.018549	-2.027212	-1.400016	-1.034176	-0.802118	3.270058	1.970495	1.181507	-1.496015	-2.002533	0.808438	1.151932	-0.188254	0.589701	-0.792790	-0.621621	-0.358468	-1.385568	0.067526	1.018395	1.392647	1.680150	-1.793987	0.438031	-1.262566	-0.262201	-0.159256	1.358478	0.633878	1.919939	-0.375017	2.311153	-0.363231	-2.118249	-2.483708	-0.521952	-0.977052	-1.651455	2.952581	-2.372556	-1.817137	-0.297952	-1.751288	-1.669319	0.214589	1.946844	0.109026	1.801341	-0.414949
0.896218	1.131387	1.290000	0.630537	-0.027835	-1.261996	0.634142	1.034122	1.079478	-0.164366	0.199248	0.537680	1.146391	0.680071	0.723764	4.142408	2.477963	-0.715297	0.966605	0.682587	0.375663	-0.515820	0.394252	-0.222609	0.384641	-2.048288	0.140981	0.134147	1.349231	-0.652444	0.130474	-1.099256	1.755453	2.411536	-2.771953	-0.545998	-1.858774	-1.285461	1.385854	1.251586	0.649936	1.882691	0.018402	3.270556	-1.368862	-2.028839	0.642799	0.129028	1.436367	1.601767
0.158425	-0.256990	-0.598697	2.023877	0.256603	-0.924122	-0.212172	1.255669	1.177241	1.021297	-1.136693	0.558809	0.194160	-2.178914	-0.919826	-1.464697	0.001766	-0.984996	-0.133844	2.081786	1.612437	0.712891	0.711479	0.931827	0.389638	-1.062135	0.810955	1.355557	2.025364	-1.041572	-1.235150	-0.103978	1.047041	0.304275	0.273504	1.085500	-1.029772	-0.482820	-2.188144	-1.411589	1.507640	1.659233	1.916142	-0.559901	-0.523502	0.319642	0.974228	-0.058325	1.711870	0.275664
1.537421	1.183562	-0.355008	-1.179290	3.536033	0.207641	0.193898	3.348432	-0.955190	0.258188	-2.741717	0.663365	0.851932	-1.718939	1.054474	3.952919	1.604839	-2.989061	1.270756	0.478861	-0.695793	0.437627	0.716616	-2.742322	-0.606500	-1.222688	-1.315332	-1.358460	0.151754	-0.647460	1.752890	-0.944513	1.903118	0.639676	-3.674924	-2.961504	1.056542	1.167018	-3.066213	-1.331253	-2.057943	1.795600	-2.508657	2.417235	-2.384068	-3.117568	1.734680	1.864136	-0.126194	0.830861
3.560301	-1.645034	0.233542	-1.129558	-2.898224	1.238394	2.353375	2.708225	-1.283213	4.533346	0.729913	3.200636	-0.666024	1.340107	0.882209	-0.250411	-2.202736	1.774646	-0.258610	1.255778	1.948654	1.414849	-1.733084	2.843166	1.555136	-3.626053	-1.666330	0.569199	-2.089346	1.080142	-1.416333	0.030744	5.063831	-0.615426	0.365149	4.138266	0.155767	-2.972891	1.140612	0.515556	2.101942	-0.799425	2.507893	-0.575103	-0.435062	-1.430266	1.371603	3.097569	2.510862	0.889353
0.088300	1.621753	1.863758	-1.196476	-0.870969	-1.472270	-1.056781	1.170708	0.635492	-0.257528	1.217254	-0.653350	-1.573007	0.884406	1.742733	-0.229013	2.275535	1.035194	2.825070	-0.706910	-5.112669	1.005787	1.101192	1.911951	1.922572	-1.314842	-2.040361	-0.189062	1.732304	0.407920	0.371405	0.089750	0.621124	1.552536	1.689155	0.577358	-1.470233	0.553981	-0.758521	-1.239776	0.600176	0.140493	0.637504	2.460517	-1.348877	-0.470657	0.465751	3.731683	-3.656025	3.893713
-1.579298	1.525087	-2.606425	-0.240322	-1.296460	0.889844	0.943077	0.657369	-0.629626	-0.872409	-1.770185	0.104700	1.651942	0.354719	-0.468562	-0.626624	-0.242581	-1.210655	0.855911	0.188271	0.438135	-1.695052	1.405791	-0.340817	-0.759941	-3.262041	0.674417	-0.957019	0.503282	0.535525	1.170799	0.264740	1.140207	-0.736038	-0.009390	-1.947840	1.390225	-3.167516	0.626577	1.661525	-2.306807	-0.216370	-0.790363	-0.649033	0.105543	-1.287660	-0.448916	-0.095277	0.651772	-0.030873
-1.316749	1.701215	0.580157	0.948791	2.642536	-0.084811	-0.315298	-0.641338	-0.653676	-0.738471	1.506117	-1.089248	-0.672493	-2.157631	0.625895	-0.472505	-0.426929	-1.603720	-0.966475	-2.499941	0.336838	-4.506044	-0.090848	-1.254253	-0.457556	-0.310948	1.565912	0.178077	0.738114	3.740882	0.773207	1.803915	-0.845270	-0.271073	-0.077905	-1.502403	0.674011	1.739063	-0.379049	3.554630	-0.616092	-1.608453	-1.051109	-0.937298	-1.164713	-2.856184	-1.154574	-2.023540	0.485065	-1.462101
-2.519803	1.702934	0.789661	-0.689797	1.499305	1.482934	0.700632	-4.232490	-3.027360	-1.875426	0.011301	-3.598675	0.593834	-0.658777	0.866056	0.118710	3.731471	-0.058320	0.094569	-2.134695	0.345801	-1.051394	1.253180	0.194861	-0.624039	-0.824059	2.370246	-0.411564	1.021819	2.077062	0.295977	1.527455	-1.719260	0.354258	2.036851	-0.174473	1.776084	-0.873503	-1.128973	2.363756	-0.851203	-0.602463	-0.499696	1.213269	1.465076	0.514137	-2.056400	-1.847691	0.755795	-0.382146
-1.670123	-0.706713	-0.217267	-2.206360	2.551577	-0.082092	3.355876	0.383116	-0.731366	-0.907374	2.020723	-0.447226	-1.065573	0.522341	-0.046659	0.791159	1.794125	0.408357	1.562327	0.747506	-2.231957	-0.918996	0.410879	0.218936	1.209353	3.166507	-0.622358	-2.055210	0.999508	-3.948357	-0.556691	0.510513	-2.756051	1.365240	0.810869	0.593248	-0.676360	3.848649	1.129772	3.236994	-0.207732	2.447413	1.185408	1.654049	-0.297563	-1.677676	-0.920320	-0.570598	-2.194322	1.910004
0.206771	-0.361946	-0.110503	0.453564	-3.101457	1.428703	-2.081693	0.566021	0.129492	1.025092	1.447524	-0.313650	-0.950064	-0.990685	0.079578	-1.456377	-0.766679	2.563223	-0.540460	0.744562	1.497747	-1.750588	-0.009983	2.396503	0.687356	-4.672712	-0.555112	0.823385	0.468931	-0.452258	-0.454563	1.621164	1.593883	-0.800121	2.062089	1.028797	2.422285	-4.484244	0.774690	0.029880	-0.394395	-2.059071	0.874951	-0.226553	-1.230083	-1.017061	-0.694369	0.346857	0.471650	-0.968982
1.603648	0.845624	-0.140481	-1.329687	-1.560857	0.671462	-1.014634	2.401262	0.979390	-0.270925	2.296765	2.642962	-2.452838	-0.309095	1.662686	0.098129	0.087741	-1.226640	2.438641	-0.956252	-6.113539	1.472153	1.881535	-1.353270	1.898354	-1.912556	-3.000444	-0.112901	0.751165	0.461546	1.743845	0.076315	2.602194	0.019337	-1.470361	-0.721548	0.631149	-0.833288	-0.211156	-0.440340	-1.007151	-1.525432	-0.338174	0.815153	-0.476949	0.594949	2.003759	4.718178	-5.117419	3.276528
0.027806	1.296225	1.049619	0.047983	0.683715	0.901620	-0.150803	-0.858240	-1.524046	-1.280889	-0.360347	-0.485175	-0.041625	-0.460587	-1.273974	-1.279165	0.406670	-1.429274	0.781672	1.322837	1.590058	-0.772807	-0.759919	-1.216836	-0.647302	-1.074505	1.519130	-1.776526	-0.064375	-1.632551	-0.418697	-0.353207	0.488788	-0.848587	-0.187045	-0.854963	0.573525	-0.740427	-1.472770	-1.746451	0.209676	0.312523	-1.443250	-2.204460	-0.043468	-0.917689	-0.041017	-0.609761	0.593314	-0.704210
1.500426	0.580936	-1.015674	0.528909	1.595960	0.998220	0.280456	-0.289043	0.377223	1.263891	0.277945	1.399829	1.289842	0.869161	-0.445761	-0.848896	-0.661200	1.531791	-0.299395	-0.879460	2.265340	1.388528	0.098737	0.601636	-0.584285	1.597991	0.959906	2.172380	-1.727961	-1.620157	-1.809285	-0.786798	1.409227	0.088583	0.816871	0.542591	-1.091598	3.041149	0.976404	0.292423	0.095747	1.013769	1.006367	-1.524561	1.767609	1.482273	0.521918	-0.892080	2.207683	-0.127994
-2.781104	-0.871443	-2.187228	2.229475	0.412936	-1.237768	0.430022	-4.217339	0.583663	-3.891810	-1.655373	-3.753324	0.585784	0.482483	-0.885515	0.222815	-0.464049	-2.458809	-0.554844	-0.661893	0.758262	0.142225	-0.829660	-4.058162	-0.996462	0.705909	-0.031204	2.842904	-0.816479	-0.527365	0.465334	-0.273420	-3.585723	-1.355849	0.678242	-1.618540	-2.012811	0.145424	-0.045227	-1.118822	-0.015237	0.903121	-0.276741	-0.826262	-0.096295	3.475974	-2.087729	-3.489051	0.093848	-0.018317
1.871487	1.506719	1.395430	-1.445898	-0.563757	-0.892306	0.738712	0.763076	0.330819	0.611197	1.415956	0.829478	-2.285550	-0.117852	0.263957	-0.108511	-0.009483	0.011339	1.453273	-1.010174	-2.153304	0.512312	-0.854011	-1.106320	1.221741	-0.576510	-1.120971	-2.040574	0.687756	-0.134525	-1.003871	0.619615	2.161185	-1.262098	-1.665797	-0.802948	-1.156334	-1.618269	0.332834	0.306431	0.409288	-0.510702	-0.454170	-0.729558	1.523582	-0.623251	0.457796	2.665991	-1.293613	2.289696
1.834460	-0.442718	-1.026243	1.299316	0.777923	-0.460018	0.781162	1.107157	0.273051	1.936222	2.822019	1.759066	-1.691747	-0.926046	0.996842	-0.453975	-1.197493	-0.685371	1.696816	0.728457	-2.035056	0.245149	-1.424516	0.671577	2.301510	3.186469	-1.726622	0.699752	-0.250726	-0.116879	-1.602367	0.211315	-0.084465	-1.129313	-1.168900	-0.022489	-0.746543	2.920504	1.341585	1.122403	0.404907	-0.161260	-0.378499	-0.146459	0.335922	-1.992847	1.581472	1.174783	-2.358564	2.216448
0.084701	-2.567071	0.113578	2.177171	-1.330355	0.184077	1.962368	0.597362	1.050510	1.534177	-1.036779	0.792500	1.969010	3.087935	0.245628	-0.022092	-1.623328	2.022818	0.395436	0.616303	2.872144	0.321319	-1.139790	3.650701	-0.114987	1.474618	1.295214	0.709351	0.143964	-1.278949	-2.290531	0.320009	0.678464	-1.793526	1.071118	2.625239	0.134849	0.422590	1.276954	0.587941	1.623047	-2.164501	1.085883	-2.173944	1.467767	1.470399	0.718275	-0.510460	2.392807	0.364036
0.156580	0.822633	-1.038910	-1.193666	-2.100523	0.039674	-2.148977	0.114706	0.046137	-0.407874	-0.082747	1.040303	-1.951393	2.185637	0.636295	0.041741	-0.550273	0.431670	2.892654	0.620444	-3.450747	1.176341	-1.189522	0.642884	1.984152	-2.723525	-1.798548	-1.771757	-0.613060	-2.506432	-0.949206	0.249635	0.447082	-0.081123	-0.555134	1.546134	-2.130475	-1.513540	0.266941	-1.270236	0.260690	1.769143	0.565384	0.217148	1.072826	0.961405	0.520283	2.118645	-2.651954	4.352943
1.644352	0.391202	-2.011060	-0.668974	2.006665	0.726752	-0.423103	1.211962	-0.849363	1.278219	0.067518	0.433326	0.267093	1.558192	0.928875	1.410803	3.070100	0.055072	2.375061	-1.751435	-2.062282	-0.207768	1.823253	-0.771002	0.309704	0.911715	0.147605	0.733811	0.018496	-1.987547	0.530420	-0.258502	-0.089007	2.472214	0.225216	-1.074104	-0.788937	0.854979	0.313430	-0.949707	-0.665978	1.578721	-0.400928	3.560003	-1.033353	-3.380181	0.548987	2.066265	-1.249855	2.851506
-4.277165	1.082780	-3.670187	1.036446	-1.058771	-0.129176	-3.134419	-2.191456	1.781415	-2.448129	-0.894897	-4.318398	0.023354	-0.873143	0.216088	1.102014	4.167240	-0.685223	-0.012171	0.529452	-1.036987	-1.939015	1.966628	-0.732897	-0.264956	0.246414	3.831652	0.349413	2.345580	1.625838	1.605348	-0.128480	-3.874160	1.173082	-0.352234	-0.956062	-0.443648	-1.008967	-0.772519	-0.548412	-0.958339	0.476772	1.444938	1.406535	0.189469	0.069600	-2.666442	-3.345740	-0.478604	-0.773730
0.320659	0.939866	-0.432619	-0.201563	1.199263	-1.644792	0.216265	0.354507	-1.680358	0.314672	1.136266	0.829680	-2.104280	-2.490305	0.013749	-0.820655	-1.800110	0.058627	-0.294342	-2.009804	-1.681620	-0.104984	-1.817941	0.158346	0.779919	0.497411	-2.849129	-0.503730	0.065642	1.632272	-1.288873	0.061141	0.253437	-1.532285	-0.380865	-0.721913	-1.410239	0.313991	-1.313864	-0.442516	-0.342419	-0.552105	-0.825679	-1.644095	-0.765585	-0.745148	0.867203	0.867475	-0.940646	1.356315
-1.604502	-0.001128	-0.623376	-0.093851	1.769461	1.396673	-0.651213	-0.531976	-0.161399	-1.214585	0.383586	-0.716078	0.731721	0.440820	-0.198186	-1.790716	-0.918821	0.149856	0.111205	0.337081	1.091436	0.896459	-1.459214	2.410560	-0.201026	1.267284	-0.077332	-1.104640	-0.206110	0.062659	-1.762937	0.809515	-1.482768	-1.258567	1.222392	1.346426	1.697719	1.515806	-0.941981	-0.690137	-0.235558	-0.234514	-0.226244	-2.388113	0.089012	1.803695	0.117863	-2.469957	0.666765	0.013186
-0.899229	-0.659789	-3.323872	0.461708	1.653287	0.827756	-3.080865	4.270449	3.358974	-0.790622	-0.766858	0.241449	-0.077091	-1.225364	-0.751122	0.456866	1.295837	0.211566	-0.262072	0.694442	0.843738	1.631174	0.635727	0.610480	0.773919	0.558230	0.430753	-1.484441	0.922835	-1.438787	-0.870909	0.981981	-0.046037	1.979752	0.693992	2.814532	-1.076488	1.633105	-1.286361	-3.026533	1.202323	3.101074	1.297787	1.925104	-3.835160	-0.057843	0.917464	-0.993226	0.238723	0.245458
2.624682	0.029804	1.314247	0.041041	1.753606	0.802286	-1.074675	0.175756	-0.261862	2.348955	-1.222199	0.962773	0.857802	1.216135	-1.633571	-2.395447	-1.341337	-0.309993	-1.141095	-0.401722	2.937107	0.139202	0.498135	-1.192088	-0.413396	0.618087	0.691596	1.940240	-0.340386	-1.337450	0.315263	0.396199	1.933627	0.673331	-0.645217	-0.491040	0.582888	0.304588	2.249819	-1.479068	0.386837	0.729219	-1.057655	-1.010898	0.435120	-0.582164	-0.760981	-0.035408	1.582981	-1.275135
1.371793	1.250568	0.229098	-1.226971	0.097121	2.314570	-0.838557	-0.243368	0.260478	2.667044	-0.988391	0.671246	0.503085	1.946253	0.232363	-0.245553	-1.232263	1.150519	-0.409109	-0.373084	0.325329	0.617129	-0.185616	1.931537	0.373312	-0.441111	0.546831	-3.826202	-1.936316	0.314689	-1.522519	-0.489360	1.352619	-0.856329	-0.281949	2.546200	1.843244	-0.209598	0.447906	-0.909363	0.707133	1.028515	1.885472	-1.903647	0.681284	0.201410	-0.421848	0.737939	0.454367	-1.176084
2.419631	-1.479251	0.278355	1.302281	-0.707556	-0.463094	0.826056	0.806044	-0.719992	0.290330	-1.334405	1.899498	-0.049488	-0.143197	-1.530210	-1.090855	-2.294943	-1.308477	-0.374451	1.533759	0.997609	-0.644337	-1.023193	-2.552538	-0.459602	-0.891536	-3.389931	-2.208585	-1.674888	-2.965975	0.352233	-0.689527	2.304756	-0.396610	-1.548830	-2.200774	-1.101927	-1.241337	-0.548658	1.531992	-0.528100	1.592125	-2.872606	-1.161145	1.389418	-0.416587	1.014647	0.806023	-1.384613	-0.597326
-3.472286	-0.310853	0.561871	1.744606	-0.798665	2.417694	0.513391	-3.392893	-0.598854	-2.531337	0.395872	-2.106663	-0.625792	-1.933580	-0.690575	-2.078430	-0.534374	-0.190830	-2.554496	0.705273	0.701519	-0.100921	-0.142399	0.054435	-0.642513	-0.582787	-0.437785	0.494411	-1.962587	1.678259	-0.484328	1.210554	-1.240626	-0.630763	-0.839747	0.223778	1.250294	-0.310968	-1.820753	-1.141291	-0.793266	-0.359442	-0.047604	-1.762186	0.882797	1.805184	-0.555889	-2.551977	-0.702866	-2.438596
1.972809	-1.306092	2.939124	1.092823	-2.964322	2.828477	0.431898	-2.857862	0.576452	2.151812	1.486629	0.148839	1.521094	1.752328	-0.975708	0.067884	-1.366113	1.245476	-1.745475	0.030321	3.452401	-0.291616	0.312818	-0.217044	-2.074424	-1.393318	2.578381	0.774878	-1.788059	-0.616549	0.143908	-0.777140	1.415829	0.199743	0.098603	0.326186	2.601344	-2.785800	2.421002	0.798104	-0.211500	0.808324	-0.468416	-1.745201	3.573027	1.475051	-1.434902	-0.724835	2.623545	-3.536411
-1.063532	0.429167	1.348354	-0.079100	-1.199232	-2.095354	-1.392499	1.594045	1.470414	-1.780286	-1.567134	-0.400235	0.595321	-0.569012	-0.985344	-1.371800	-0.597837	2.654382	-1.575817	0.557218	0.600746	0.226862	-0.943089	1.087181	-0.366409	1.319177	0.072101	0.002980	-0.074021	1.113987	-1.260129	0.231875	-0.349662	-0.707023	1.979412	0.382328	-1.540433	1.707110	-1.106791	-2.262245	1.893818	-0.327255	1.343430	-0.827895	-0.280858	0.728530	-0.081141	-0.770100	0.294029	-0.039285
-0.037476	-0.326368	-2.347757	-1.189052	2.093707	-1.400092	2.768375	-0.116369	-0.169010	-0.922376	1.128772	-0.134259	-0.268742	2.327397	-0.413213	-0.245447	-0.059652	-0.246317	2.238312	0.071265	-0.571759	0.694026	0.197068	-0.653547	0.509337	2.513519	-2.448679	0.998617	-0.373797	-3.742613	-0.225544	0.947072	-0.506159	-0.288468	-0.882043	-1.439642	-3.094723	0.748243	0.471126	1.874346	-1.275047	1.800800	-0.955834	-0.339064	-1.313891	-0.717969	-0.063160	0.293844	-0.166359	3.450511
-0.149863	0.107005	4.472685	-0.035194	2.371642	-1.451280	-0.941414	-0.989285	2.221952	0.562984	-3.068973	-0.481489	2.307059	1.577331	-0.131789	0.699450	-0.714774	2.138750	-1.684435	0.434206	1.007576	-0.940180	-0.015767	1.093259	0.079125	3.756424	0.307422	-1.151766	1.917747	0.550656	0.174244	0.743835	-1.224715	-0.089854	-0.143915	0.389412	-0.824522	2.428685	0.974142	-0.860073	2.099314	0.957921	0.536757	-0.342006	1.097599	0.088909	-1.121760	-1.314031	0.558661	-1.260827
1.218942	1.621291	-1.195680	-0.421136	-1.432648	-0.194979	0.792010	0.574636	-0.238032	-0.913013	-0.500414	-0.666721	-1.091865	-0.182329	-0.737381	-1.817210	0.916245	-1.724468	-0.641024	2.055737	-2.119855	0.608858	0.327256	-0.972039	0.930650	-0.262908	0.377755	-2.388289	1.644856	0.684276	0.269213	2.082003	1.141881	0.336242	1.165163	-2.164820	-0.697337	-0.717367	0.212582	-0.239619	-2.614320	1.266048	-1.656994	0.528414	-0.895613	-1.713230	0.085860	2.233787	-1.796707	0.395837
-0.089514	-2.580356	1.036793	-1.038699	-1.470776	1.034672	1.935513	2.392841	-0.252942	-1.664151	-2.346071	1.092865	1.016655	1.102977	-0.318035	-0.535023	-1.333248	-0.238384	-0.909421	-0.035916	2.926074	1.802178	0.835259	0.053595	-0.671746	-2.714470	-1.564911	-0.170763	1.428668	-2.646209	0.634915	0.356467	2.216518	-0.164526	0.195292	-1.109084	0.142855	-2.254091	-2.077742	1.214691	-0.102251	0.312903	-0.545545	-0.344848	-1.407969	-0.461473	1.947793	-0.620230	2.024881	-0.947792
-0.463182	0.159720	3.188387	2.288091	-0.781673	1.825578	-0.108725	-0.780812	2.482343	-0.434703	-0.677187	-1.140354	-0.085756	-0.945340	-0.993922	-1.651164	1.212778	1.564881	-1.558026	1.060763	2.479399	-0.838098	0.998216	0.828255	-0.429664	0.252676	1.637432	2.653692	-0.357988	0.569906	-0.358957	1.622144	-0.387492	1.031078	-0.033807	0.529505	1.957304	-0.435584	-1.096456	1.994990	0.579042	0.314254	-1.403568	-0.522796	-0.052066	0.941204	-0.948004	-1.222169	1.100781	-2.409560
1.977838	-0.502879	1.027071	0.194386	0.515445	0.424633	-0.092694	1.549899	0.602285	-0.052890	-0.517293	0.814788	0.208177	-0.712551	0.378824	-0.345899	-2.083075	1.259420	0.716018	-0.728555	1.542341	0.417548	-0.320579	0.083991	-1.310921	1.973859	0.896665	-1.713675	-1.286662	-0.365144	0.333830	0.526630	1.336208	-1.311570	-1.626219	-0.465535	-0.733461	0.497523	-0.214695	-0.181115	0.312321	-0.595118	0.238591	-1.827880	-0.586671	0.290411	0.741582	-1.684895	2.658830	1.156279
1.079678	1.432123	3.763043	-2.067833	0.252709	0.418214	-1.024457	1.191665	2.409283	3.080457	-0.179944	1.149544	-0.166768	-0.511392	-0.222757	1.052794	0.210826	0.753535	0.694795	-0.548467	-1.831338	-1.594667	0.360514	0.568754	0.760892	-0.046346	0.129761	-2.307552	0.463668	-0.237848	-0.627129	0.080722	2.058899	-0.527535	-0.892130	0.949878	0.642778	-0.699728	1.653372	-0.148027	0.988601	2.052931	-0.255398	-0.833372	-1.267244	-0.738531	-1.312727	3.360512	-1.301395	0.915003
-1.981109	-0.786092	-1.736638	-0.120267	0.941869	-0.090447	2.147574	-1.087516	0.395446	-0.537883	1.061994	-1.716042	-0.749625	-1.892287	-0.150235	-0.722081	1.145615	1.517546	0.345982	2.513553	-0.763785	-0.444139	-0.013047	2.192717	0.957967	2.102139	-0.379134	0.813503	0.043845	-0.490621	-2.020848	0.144203	-3.095119	0.392740	0.738645	0.738174	0.821283	2.076070	-1.121665	2.867580	-1.014237	-0.215658	1.686128	1.692393	-1.342041	-0.222073	-0.797591	-1.221337	-1.133846	0.056509
-4.523176	0.238157	-4.123766	0.815867	-1.053525	-1.770747	-0.357971	-1.915312	0.743786	-5.492669	-0.995415	-2.645631	-0.189617	-0.651685	0.491020	0.250207	-0.060253	0.274196	-0.519998	-3.293940	-0.552822	0.964558	1.309765	-1.424448	-1.616856	-0.515727	-0.303761	1.021857	2.162305	0.737039	-0.237630	-0.080958	-3.320535	-1.428947	1.882242	-1.357410	-1.307189	1.178843	-0.544470	-0.241589	-1.809747	-1.774430	-1.325191	-2.281620	-0.410544	2.401582	-0.255093	-2.859644	-0.368637	-0.268045
-2.483163	0.931373	-1.596817	0.848096	0.395165	1.522882	3.170730	0.207316	-0.277447	-0.372296	2.984298	-1.208334	-1.458005	-0.523102	0.959307	2.781513	1.793832	0.461703	0.773993	-1.007622	0.019253	-0.522877	0.554627	0.320861	2.870081	0.946042	0.718882	-1.828695	0.474788	-0.115686	0.013985	1.655266	-2.711004	2.406653	0.911398	1.556884	2.685744	1.129410	0.123389	2.584888	-1.493002	1.406398	-1.333268	3.367081	-0.080138	-2.935055	-0.136356	-0.978064	-0.775268	1.153608
1.922179	-1.306961	0.468622	1.127213	-0.310019	-1.286622	3.150383	3.488966	-0.581639	0.980627	0.144827	2.759439	0.393612	-0.170167	-0.385744	0.558350	-1.512289	1.803772	1.766633	-0.904275	1.758372	1.881998	-0.628001	2.493137	-0.459838	-0.248127	-0.876777	2.467286	-0.573212	-3.019533	-3.227870	-1.204632	3.968829	-0.685085	-0.430071	0.499660	-0.912537	-0.462101	-1.255604	1.595618	0.833053	0.587103	0.925565	-0.767918	-2.041091	-0.724564	2.658061	2.003278	1.362827	1.990539
-1.760162	-2.536619	0.873047	2.009813	-0.183011	-0.419989	-0.569125	0.073589	0.456804	0.133060	-1.226040	-1.106398	1.597018	0.836414	-1.154414	-1.513586	-1.185099	-0.667596	-1.946123	-0.382584	2.395166	-0.229676	-1.091744	-0.536801	-1.734605	-1.051109	1.255936	0.684186	-1.431128	0.480587	-0.089039	-1.164786	-0.420276	-0.923351	-1.683980	1.356035	-0.980914	-0.331467	-0.430958	0.020509	2.774788	-0.892054	-0.759956	-1.455850	-0.949457	0.098201	-0.679020	-1.020436	0.637048	-1.846145
1.217072	-0.211874	4.627255	1.267441	0.055914	0.288820	-0.029707	2.150293	-0.465027	1.763054	-0.899140	0.712636	2.036105	-0.709610	-1.597242	0.629652	0.336940	-0.068792	-0.823117	2.437154	3.229022	1.760848	-0.598390	0.863373	-2.090600	2.198035	0.763908	-0.580008	0.745467	-0.121211	-0.916001	1.569851	0.609107	0.177499	1.207781	1.204727	1.165664	0.297182	-0.623938	-2.972760	1.459679	0.347247	0.438552	-0.481329	-0.274422	0.248476	0.534337	-2.020214	2.008320	-2.454285
-0.363564	0.110543	-0.722760	1.820372	0.998285	0.353521	-1.164889	-1.416651	1.586054	-1.572831	0.635134	-0.201313	1.142907	1.065053	-1.629931	0.016542	0.850854	-0.836699	1.555391	0.944941	0.448989	-0.029208	1.421049	-1.114061	-1.174147	-0.450137	0.733437	-0.269984	-0.518817	-3.577301	-0.802957	-1.431176	-0.973576	1.055186	-1.159780	-1.428071	0.121349	-0.253789	0.823260	-0.593630	-0.535494	4.256600	0.100774	0.793140	1.280991	1.831869	-1.148131	-2.208296	-1.097413	0.716376
-2.593367	-0.639001	-2.020562	0.227534	1.728260	0.418738	-0.302842	-2.077447	-0.162804	-1.314316	1.879578	-2.174421	0.858634	0.200991	-1.942860	-0.799727	2.631110	-0.689825	-2.271453	1.664266	1.822189	-1.744749	0.571813	-0.685790	-0.946304	-1.464924	2.882913	0.880643	1.035479	-1.077574	1.264048	0.822893	-2.040718	2.192805	0.018033	0.349799	-1.928387	-0.503376	1.312047	2.108233	0.364947	2.423728	-0.823924	0.565885	0.134898	-0.014333	-2.258768	-3.495009	1.295547	-1.143647
-1.992133	0.631058	0.656447	-0.382494	-2.420780	0.350980	2.502507	-0.473748	1.186520	-1.883647	-1.361708	-1.224057	0.196592	-1.764668	0.898526	-1.365093	-0.258472	0.464161	0.067046	-0.009379	-2.704101	0.321442	-0.323022	-0.651920	0.770717	-0.037333	-3.285066	-2.166744	-0.847048	2.155745	0.640844	-1.302210	-1.959111	-1.482311	-1.117715	-0.849101	1.046511	-1.898051	-0.226983	0.837046	-0.816371	-2.325474	0.863552	-1.211811	0.602164	0.467933	0.425917	-0.108832	-1.946169	0.063367
2.934262	-1.115430	-1.978117	0.736316	1.820857	-0.545506	-0.328558	3.067379	1.522797	-0.148592	0.584052	2.787545	-0.485166	1.645900	-1.055711	-3.131814	-2.313760	-0.350093	-1.882920	1.265245	0.187692	2.771998	0.983748	-1.953455	1.451967	1.423121	-3.250748	0.597376	0.185431	-0.169347	0.635133	-2.208897	2.954897	-1.307019	-1.595277	-1.890433	-0.460342	3.739449	1.274060	-3.684500	-1.254972	0.248346	-3.130430	-1.124329	-0.688088	0.245621	2.694591	1.183738	-0.899902	-0.961308
0.371931	0.814398	-0.603365	0.891366	0.883618	-1.712490	-1.750931	-0.756128	1.420979	-0.102703	1.485791	0.216639	-1.034747	-1.091726	0.915977	2.414299	0.033964	-1.376224	0.318727	0.480380	-1.787798	-0.555594	-0.561281	-1.652694	-0.627277	0.936391	-0.594935	-0.123376	1.289923	1.295662	2.209284	-1.697454	-1.244417	-0.343062	-1.415266	-0.723745	-0.464936	2.310536	-0.446340	-2.724378	-0.202883	-0.995271	-0.552155	0.778998	1.189684	0.794145	0.653394	0.102440	-1.288104	-0.322107
2.520099	-0.858347	-2.259961	-2.019185	3.337833	1.374564	-2.902575	1.519749	-1.713034	0.414443	-0.933460	1.669428	1.337875	0.347144	0.045656	0.502328	-2.757833	-2.021275	0.338463	1.715233	1.823387	-0.753450	1.234155	-1.242479	-1.192022	3.054144	-1.418921	-1.438438	-0.186877	-0.047153	-0.224214	0.657940	1.194594	-2.017136	-0.871274	-2.913996	1.059753	3.116117	1.250874	-0.982031	-3.541559	-1.486734	-0.139924	-1.934938	0.977059	-0.995382	0.670471	-0.400009	1.760596	-1.878492
2.195580	-2.297461	-0.925704	1.053370	-3.013109	1.118651	-0.929574	0.136131	3.899057	2.464944	1.666641	1.386436	-0.868548	-0.305344	1.582896	0.975273	-0.724524	1.406792	1.175403	1.116033	1.148213	-0.415453	0.046317	1.313396	1.455320	-0.697588	0.745217	2.474881	0.029900	-0.555574	0.784607	-0.317202	0.834785	0.367001	-1.878966	0.482956	0.853989	-0.315808	0.296456	-0.753206	0.081615	-1.460665	0.952628	0.247807	0.587380	1.354077	0.490407	1.021669	1.384017	1.437096
-3.788817	0.821054	0.123485	-1.249696	0.307548	1.444423	0.747491	-2.208792	-1.232633	-2.854569	2.161499	-2.481107	-1.966799	-0.207481	1.399575	1.481002	0.574304	1.239478	1.480263	1.438219	-1.531689	-1.955437	-0.200130	1.172222	0.532108	1.796107	0.618784	-1.584909	-0.971405	1.403516	-1.141585	1.278705	-4.980419	-0.180072	0.432857	0.335353	-0.043886	-0.511744	1.278677	1.816901	0.458244	1.039650	0.713874	0.877255	0.147100	-0.747323	-1.721857	-3.074430	-0.371975	1.111053
0.815957	-1.502773	-1.450710	1.505220	-0.706949	-1.016203	0.365052	-1.337534	-0.538074	1.221093	0.805132	-0.073418	-0.088391	-1.427049	-0.520487	-1.627335	0.165645	2.559007	-1.525914	-1.453197	2.432878	-1.059335	-1.551724	0.058971	-0.365113	0.230906	1.313951	3.363802	-1.586118	1.274002	0.380790	-1.884271	0.849900	-0.534369	0.674360	1.027681	-1.523347	0.788117	-0.149602	3.093486	1.535894	-1.291122	-0.279178	-1.577768	-0.287985	0.157849	-0.122811	-0.117445	1.826271	-0.516594
-2.140643	0.848440	-0.663383	-0.147393	-0.351755	-1.048881	-1.138435	-0.391098	1.672798	0.110891	0.593402	-1.249161	-1.079690	-1.917702	0.079587	-1.820457	1.465185	0.941018	0.153391	0.868727	-2.691328	-0.429489	0.306492	1.061575	0.359221	0.172691	-0.092535	1.216380	-0.164514	-0.022365	-1.245747	-0.725283	-1.218754	-0.395240	0.394643	1.683241	-0.371881	0.721334	-2.066392	-0.641051	1.210471	-0.184439	-1.608298	-0.092056	-1.823511	1.340703	-0.698011	1.487466	-2.524902	0.800942
1.276441	0.957657	-0.307211	0.090727	-0.380412	-0.610262	0.213010	-2.308875	0.711438	0.846539	1.744854	-0.255536	-0.085410	0.803488	2.037438	1.170028	1.967134	0.843714	3.116473	0.915354	-1.154001	-0.392729	0.820706	-1.138814	0.662475	0.134671	-0.106678	1.371270	0.838396	-0.057785	1.360261	-0.174913	-0.957488	1.323955	-1.767973	-0.954589	0.302712	0.040532	0.461880	1.349860	-0.706919	-0.643150	-1.157954	1.170262	1.023520	0.463732	-0.392110	0.265903	0.034984	3.218567
-1.827061	-1.617039	-0.761323	0.398477	-0.167903	-0.796117	-1.668055	-0.167834	-2.610389	-2.244376	1.852263	-1.454877	0.715744	-1.079658	-0.168445	-0.597600	1.316729	0.246901	-2.042941	0.204280	1.185943	-1.348389	0.203234	-0.808196	-1.222272	-1.226653	0.635470	0.447324	-0.400087	0.657686	0.638216	-1.327713	-1.968059	1.113646	0.310585	-1.901627	-0.133145	-1.333339	0.003993	0.790877	-0.814840	-0.473246	0.588578	0.684074	-0.639750	-2.683705	-0.548317	-2.886899	0.044172	-1.703047
-1.705005	-0.736841	1.325343	0.939242	-1.552761	-1.819643	-0.606429	-1.462626	0.181258	0.027679	1.649766	-1.349507	-0.106372	1.269838	-0.224337	0.580737	0.582055	-0.437943	0.157968	0.815855	-1.104196	-0.797375	-0.379863	-0.851277	0.265909	-1.629178	-1.875205	1.318884	0.561159	0.461686	0.227328	-0.526649	-1.001631	-0.869306	-0.234088	-1.218099	-0.938618	-2.233930	0.832157	-1.406291	0.469106	-1.703296	0.085997	0.658585	0.903604	-0.657513	-0.498777	-1.343465	-1.543283	1.102932
-1.558129	1.579134	-3.267313	-0.610463	-0.153922	-0.410271	-1.345501	-1.631269	3.230885	-1.911932	-0.576631	-2.184133	-0.487060	0.755192	-0.755629	-0.079109	1.770706	-2.547256	-0.542039	0.059188	-0.234726	-1.069492	2.074697	-2.394993	0.120428	2.483544	2.349061	-0.710572	2.234769	1.329933	0.445576	0.798951	-3.640628	0.810997	0.029931	-1.140001	0.790167	1.538912	1.880318	-0.470021	-1.636854	1.584323	-0.374284	1.045444	0.140484	1.648749	-2.745643	-1.610545	0.064427	0.291236
2.306985	-1.155633	-0.951730	0.487138	-0.171574	-1.244431	0.840854	1.922759	0.233101	2.075612	0.966807	3.094400	-1.811324	2.657463	0.795123	-0.094870	-2.136503	3.116957	-0.950363	-0.634026	-3.478277	0.352834	-2.104021	4.858567	1.318850	-1.116841	-3.757084	2.177606	-0.250821	-0.841156	-4.868094	-0.059399	2.274786	-1.823837	0.722152	3.460827	-2.044578	0.146187	0.640877	1.051678	2.854869	-0.269508	2.942945	-0.441108	1.331195	-1.249112	1.940568	4.470383	-2.672099	0.672605
1.607455	-0.735168	1.249724	-0.480551	-3.079617	0.455034	-2.682425	0.740164	0.515077	0.529081	0.916259	1.014997	-1.255138	-1.963887	-0.018141	-1.624405	-2.706331	-0.776901	-0.896379	-0.327494	-0.970668	1.872549	0.065128	-0.305504	0.418771	-4.581955	-4.280552	-0.009559	-0.594879	1.630188	-0.402869	-1.388083	2.602977	-1.968769	-1.023261	-1.031618	0.300996	-2.844682	-1.269484	-4.246281	-0.979968	1.071396	-0.489159	-0.597486	0.032517	2.310636	0.558180	1.993712	-1.931415	-0.350508
4.025838	0.530850	-2.754995	-0.498593	-1.421257	1.525352	-0.102981	3.522228	2.445156	2.705132	-0.877201	2.804193	-0.111300	-1.417518	0.625286	1.266953	-2.057920	0.306413	0.350586	1.513197	-0.166250	1.542125	-0.014605	0.150781	-0.278128	0.626086	-2.280461	-1.876224	-0.246822	1.605147	0.284980	0.658593	4.405181	-0.043797	-2.526682	-1.393494	1.427148	1.624787	-0.795580	-1.728308	-2.240487	-0.533667	0.776465	-0.164221	-0.183352	-1.353630	2.124304	3.072444	0.062157	0.290498
-0.657086	-2.045605	0.656762	1.746417	1.354966	1.248236	-1.999038	0.078626	-1.698261	-1.190416	1.717085	-0.672253	0.118562	0.502989	0.890991	-0.331250	-0.350102	-1.722542	1.041899	-2.389209	2.958493	-1.086836	-0.602566	-1.027475	1.163505	-1.532600	0.346728	1.043057	-0.630973	-2.491850	1.111131	1.269818	0.042914	0.213355	-1.263188	-1.266644	0.486070	-1.195836	0.514389	-2.339052	-0.144918	-0.756760	0.269517	-0.736850	-1.365664	-1.256644	0.505332	-2.319656	1.833273	0.773901
-0.088539	-2.330654	1.132995	-0.327570	-1.043555	-0.936939	0.187278	0.143059	-0.385311	-0.688987	-1.722186	1.195825	1.299680	0.693472	0.087780	-0.357079	-2.514491	-0.858938	-0.810851	1.288943	-0.000969	1.066821	-0.807230	-1.148861	-1.196166	-0.963850	-0.669142	2.006851	-0.744778	-0.173834	-0.407763	-0.372970	0.830711	-1.942277	-1.854530	-1.605930	-0.737390	-1.197697	0.095645	0.530789	-0.084441	-2.145941	2.096236	-1.351888	0.496373	0.157272	1.400857	0.134118	-1.127829	-1.148772
-1.976218	1.461562	0.423260	1.454718	0.072106	0.477569	-1.297686	-0.103048	0.146689	-1.978975	1.669174	-1.518389	-2.088241	-0.868201	0.179578	-1.015501	0.583540	0.947696	1.237648	-0.396342	-1.270126	-1.745258	-0.738200	1.638561	1.505456	-0.037077	1.038112	1.181726	-1.406617	0.115245	-1.724353	1.152144	-1.422581	-0.571241	-0.132171	2.244200	1.603469	1.422277	0.357429	0.346037	1.914868	0.476097	1.420555	0.286987	-0.916345	-1.159283	-0.868939	-1.305712	-1.725823	0.019986
-3.269374	0.654024	-1.890002	0.306136	0.187855	3.165835	1.350709	-5.023151	0.244193	-2.826658	-1.414073	-4.201204	1.993661	-1.364422	-2.112679	-0.717257	2.274339	0.577182	-0.777511	0.381465	2.655852	-1.458280	1.736879	-0.443240	-1.674371	1.174064	3.366157	3.013087	-1.606420	-1.282909	1.944147	0.299102	-4.887622	2.097784	1.427823	0.545402	3.649572	1.157352	1.206159	2.745304	-1.191392	2.063871	-1.084885	1.502838	1.477501	1.220024	-3.637552	-4.971415	0.955639	-2.487869
0.570937	-0.667261	4.775124	2.599101	-0.875136	-1.383486	-0.326573	-0.614203	0.614188	1.137958	0.000999	1.961932	0.729163	1.093930	-0.282669	0.489333	-1.735228	0.081491	-1.494854	0.683834	0.716571	1.084610	-0.677831	1.131706	-0.014882	-0.415226	-1.557616	3.420316	-0.279678	-1.365255	-1.922898	-0.604184	1.300116	-1.271830	-0.666677	0.795814	-1.690122	-0.391070	0.908048	0.677676	3.303797	-0.268754	1.767669	-0.775709	1.868656	0.960710	1.377384	0.140266	0.253837	-0.522850
1.375967	-2.055360	-0.747092	0.850525	2.328796	2.762108	1.579031	0.824253	2.068508	1.059285	-1.127199	-0.053141	-1.629409	-1.162260	-2.331615	-2.213823	-1.013102	1.259072	-1.909592	1.861550	2.977085	0.489068	0.566014	-0.165498	0.224765	1.070873	0.112453	0.162699	-0.041644	-2.257545	-0.939390	0.485547	1.485530	-0.358308	-0.036653	1.546604	2.287833	1.471362	0.209671	-0.373630	-0.067285	2.133673	-0.191047	-1.930292	0.215653	1.473119	-1.234217	0.584054	0.135777	-2.439848
2.962928	-2.846956	2.579205	0.017872	0.444098	1.571991	2.346536	2.374366	1.689720	4.472460	-0.026238	3.302787	0.527459	-0.989627	0.397893	0.234974	-1.974376	2.826433	0.110773	0.179446	0.039847	2.694587	-2.366974	4.428892	0.910786	0.496817	-2.429633	-1.798224	-3.528810	-2.526031	-3.234702	-0.618977	2.465770	-0.905620	-0.576540	4.821951	0.821475	0.893052	-1.284414	-0.307646	3.204020	1.538329	2.461738	-0.290438	0.852053	0.444795	2.105613	4.364184	-0.802572	-0.964106
2.008336	-1.164746	-2.937200	-2.387385	0.059332	-0.174126	-0.545770	2.930870	0.877913	-0.972154	0.335650	2.330444	-2.748443	3.005463	0.873992	0.670902	-3.215937	-1.581633	1.514994	1.655927	-3.156826	2.937146	0.201020	-2.804198	1.607547	-0.011320	-5.229868	-3.108899	-0.087681	-2.396208	1.147313	-1.679587	1.536827	-2.445707	-0.417839	-2.979108	1.050101	-0.832656	1.119914	-2.538269	-2.381650	-0.259273	-1.281339	-1.074779	-0.198298	1.096189	2.401395	1.760384	-3.025479	0.709935
-0.971570	-0.267751	-3.632836	0.647310	0.388006	-0.399094	-0.435577	-1.714916	-0.162616	0.556886	0.882937	-2.018566	1.287160	-1.096600	1.360624	1.522942	2.154313	2.127562	-1.397780	-1.257388	0.549796	-1.001239	1.587124	4.532501	-0.147871	0.194863	1.965953	0.426009	0.005403	2.912468	-2.804144	-0.682672	-1.226021	0.369437	2.858743	2.950288	0.583159	0.543787	0.011543	0.022920	0.482128	-1.301473	1.540204	0.843858	1.331838	-0.054228	-1.041408	0.236723	0.936660	-1.616370
-1.655610	0.835480	4.165159	1.490415	1.543368	0.091215	-0.508371	-1.192883	-1.826608	0.027383	-0.467100	-1.366213	-0.133996	0.255200	1.460007	2.577642	2.264049	0.616075	2.639787	-1.598745	-0.727563	-0.876506	-1.574478	1.912351	0.426328	-0.359669	0.928895	1.054840	-0.270684	-0.531905	-0.617378	0.032801	-2.852966	1.129808	1.393645	1.126174	0.106619	0.251877	0.114778	-0.049585	2.347264	0.070237	0.940120	2.246189	0.652642	-0.097660	-0.566305	-0.777101	-0.583568	1.902839
-1.466112	-1.911759	1.618129	-1.025227	2.744315	0.419715	-0.559379	-0.147797	-0.516112	-0.333967	-1.244821	-1.108698	1.452426	0.450395	-0.456276	-0.596213	1.735541	-0.359711	-0.539920	-1.448921	2.310226	-1.716864	0.940458	-1.034118	-0.747524	2.245030	2.248044	-0.961279	0.364216	-2.540291	0.526358	0.309174	-1.090514	1.633887	-0.841515	-0.592984	-0.327785	1.475140	0.910490	-0.727297	-0.020512	1.187672	0.319010	1.132775	-0.269537	-1.350418	-1.507332	-1.602692	0.838415	0.248080
0.364610	-1.066857	1.569840	0.836885	6.679073	1.498585	-0.337290	1.507155	-1.744233	-0.392163	0.165308	2.041406	0.943036	3.584392	1.190464	3.160621	0.141280	-2.197845	1.591207	-0.821398	2.565074	0.867092	1.710318	-2.357266	0.476101	3.304743	0.737573	0.482116	0.376025	-2.636511	1.422102	-1.261945	-1.273202	0.992150	-1.852223	-2.662993	1.236405	5.062867	1.004783	0.027643	-1.306624	2.008484	-0.518625	2.024957	-0.120455	-0.514717	1.443821	-2.093936	2.484159	0.746084
-1.950518	2.459332	-0.634322	-0.199440	0.044932	-0.725489	1.098418	-1.219337	1.005254	-1.961742	-0.240085	-1.875214	-0.757274	-0.463793	0.357521	0.346976	1.789999	-2.556938	0.826130	-0.946218	-1.730967	-0.341369	0.092276	-1.415156	0.685392	-0.113102	0.270976	-0.623186	-0.289422	-0.213659	0.858752	1.119317	-1.229235	0.125789	-0.700050	-0.760834	-0.126435	1.741960	0.234468	-0.350515	-0.602148	-1.106135	-1.772770	-0.200630	1.293899	0.913345	-1.607029	-1.096926	-1.032707	1.147535
-1.232293	0.198304	-4.997112	-1.405875	-0.399565	0.405025	0.138620	-0.157504	-1.504129	-0.869277	0.924355	-1.318253	-2.068265	-1.340153	1.685106	1.224153	2.378774	2.236997	1.011348	1.393395	-5.928334	-0.123054	1.234847	0.525409	1.627337	-1.329890	-0.960703	-0.666676	0.712664	0.592815	0.458322	-0.024954	-2.135687	0.944950	0.201861	-0.292612	0.678523	-1.687351	0.237705	0.117402	-2.353827	-0.336165	-1.012773	3.500077	-0.067491	-1.959603	-0.194562	1.719847	-4.172572	0.617705
1.419380	1.514275	1.545470	-0.994472	0.051254	-0.695177	2.400454	1.882941	0.328156	1.467201	-0.492448	1.217504	0.179360	-0.777392	-0.249075	-0.058571	0.634978	0.657943	0.144664	-2.543008	-0.904919	1.063987	0.542589	0.218487	0.492371	-0.233264	0.006678	-0.570018	0.277434	0.773654	-0.452891	-2.670678	1.440077	0.630045	-0.835432	0.963262	0.238178	0.009140	-0.644557	1.258476	0.628650	0.441205	-0.432891	1.828035	-0.471646	-0.897829	1.099900	1.568083	0.290321	0.064920
1.136967	-0.431039	1.256398	-0.766531	0.883550	-1.390404	-0.420511	2.559598	2.006357	0.231316	0.432669	3.033015	-0.525247	0.342748	0.093278	-0.873829	-2.904902	0.329956	-0.174702	-0.394346	-1.232401	1.630727	-0.985542	-1.188224	0.201609	2.178104	-4.082072	-1.809885	-0.039038	0.424243	0.124983	-0.543207	1.429207	-1.096021	-2.487091	-0.348319	-1.140201	3.013978	0.800895	-0.327864	0.541250	-0.869354	-0.880788	-0.904177	0.297158	0.709070	2.217052	1.543484	-1.703107	0.456410
-0.705499	0.996554	-0.457910	-1.130791	-3.561718	-0.883211	0.863124	2.669302	2.833472	-0.143607	0.361197	0.583921	-1.262241	0.500212	1.551210	3.475735	1.034632	0.478102	0.828489	1.888967	-3.743428	1.837932	0.913061	0.013174	1.462582	-1.645077	-2.357117	-0.131649	1.613805	0.910965	0.481464	2.700947	0.260635	0.756873	2.172076	-0.546206	0.333948	-0.969080	-0.946736	-0.176032	-0.928658	-0.393620	0.510371	3.440481	-2.461528	0.233671	1.349152	3.011726	-2.924641	1.991185
0.698223	0.902670	-1.420876	0.705144	-1.540010	-1.402310	0.566023	1.401168	5.186440	-0.255464	-2.018485	0.292535	1.412355	-2.802152	1.629071	2.109801	0.007148	0.572039	2.793285	-1.211006	-1.175761	0.525452	1.197433	-0.087080	-0.860332	0.950015	-0.095679	1.964659	1.183481	-0.422174	0.296436	0.152120	-0.481362	0.639794	-1.119170	-0.018411	-1.927733	1.250052	-0.593612	-1.602227	0.554112	-0.481197	-0.338567	1.204468	0.219221	0.446103	0.764208	0.051278	0.843775	3.762252
-0.580418	-0.906909	-0.019489	-0.363738	0.168417	-0.844398	-0.414338	0.571174	0.263754	0.325633	-0.120458	0.014081	1.876028	1.167941	0.257067	-0.772139	-0.526419	0.529686	-0.399255	-1.988162	-0.421049	-0.222813	0.044905	0.278625	-0.056937	0.242216	-1.112267	-0.639557	0.677140	-1.062391	0.463191	0.347906	-0.989079	0.352620	-0.747687	1.411641	-1.672423	0.135949	1.576502	-2.287698	1.424824	-0.468825	-0.640181	0.071023	-0.589960	-1.760409	-0.306965	-1.431132	0.818787	-0.466590
-0.493085	0.243260	-0.355696	-1.317304	0.150757	1.897145	-0.630981	-0.377357	-2.137691	-1.190869	1.380750	0.016673	-1.177233	1.142230	1.689589	0.784825	-0.263950	1.133089	1.657978	1.787553	-0.871900	-0.348918	-0.119035	-0.517121	1.988612	-1.271811	0.676963	-1.724973	-0.115073	-0.030225	0.975466	1.067538	-0.405703	-1.177753	-0.406674	-1.302361	4.001107	-0.662632	-0.089172	-0.315741	-3.758809	-1.299035	0.180953	-0.492773	0.360975	-0.051453	0.393900	-0.040098	-0.510291	0.898667
0.982263	-0.201752	1.047729	-1.465079	2.255500	1.162731	0.464422	-1.750798	0.771721	0.949604	0.901890	-0.095160	-1.180406	0.492316	-0.487645	0.238311	1.535346	0.184230	-0.504129	0.324340	-0.420972	-0.772634	-0.038289	-0.680266	0.965130	0.596739	1.398519	-0.009659	0.112682	-1.048407	1.064736	0.086572	-0.852990	1.450246	-0.904372	-0.569326	0.195426	0.531313	0.543708	2.268645	-0.314487	1.131400	0.432557	1.609104	1.930389	-0.500254	-0.730774	-0.337248	-1.121514	-0.073755
1.390759	-1.218910	2.545627	1.363619	2.115626	0.578101	-2.182256	0.782415	0.000127	0.126963	1.233766	1.508952	0.203552	0.813729	-0.002015	-1.203309	-0.712518	1.069463	0.043244	-1.552854	1.287668	0.991685	-0.080519	1.561323	-0.609101	2.105429	-1.202622	0.638403	-0.671161	-0.759699	-2.779898	0.137498	1.074393	0.002131	0.501659	1.380971	-0.908109	1.988587	0.693260	-3.683800	1.900542	0.076023	-1.094423	-0.847522	0.569926	0.491238	1.492154	0.597800	0.402342	1.129109
-2.651151	-1.076084	0.453722	0.598189	3.723459	-0.100377	1.277152	-2.248753	-1.312052	-0.920801	1.954779	-2.441690	-0.688238	2.849655	-0.261182	0.976150	1.684583	0.818106	-0.737391	0.866808	-0.448409	-1.260850	-1.240156	1.228219	1.046458	3.219819	2.637109	0.897580	-0.453708	-1.061754	-1.516667	-0.865943	-4.497296	0.075531	-0.229680	1.369658	1.066754	2.125861	3.757255	0.349491	0.749031	0.811619	2.021303	0.662173	0.503740	0.017859	-2.653672	-1.897429	-0.838963	-0.775008
-1.169772	1.287556	1.657595	1.997328	-0.188798	1.392393	-0.637777	1.637263	-0.926096	-0.142078	0.545963	-1.025910	-1.084452	-0.347816	0.202743	0.510405	1.229496	0.104275	1.575329	-0.598781	0.188281	-1.367128	-0.847356	2.082865	1.617948	-2.606786	1.729355	0.454912	-0.817053	-1.185517	-1.125976	-0.046532	0.663722	1.594156	1.167890	2.233595	0.477533	-2.283231	0.227527	0.725341	2.748210	2.162995	1.741275	1.191939	-1.545882	-2.163891	-0.486597	0.595753	0.055436	1.260617
1.571664	-0.163581	1.269529	-0.005424	-1.716726	1.416924	0.030402	1.316290	0.838919	1.153458	-2.436918	1.307387	3.140485	0.187787	-1.075098	-0.669010	-2.297077	-2.342983	0.133807	-1.427969	1.367288	0.174072	-0.505888	-2.959371	-2.777533	-0.542808	-0.734820	-2.565823	-1.340973	1.195965	1.156885	-0.229468	2.581934	-1.314942	-2.747714	-3.019671	1.894253	-1.496227	0.235285	-0.454318	-2.112328	-0.207460	-0.596685	-2.241399	0.444291	0.006305	0.249813	1.543179	0.838827	-1.018883
